SEMESTER,SUBJECT,CATALOGNUMBER,LOCATION,ENROLMENTCAPACITY,ENROLMENTTOTAL,INSTRUCTORS,COMPONENTCODE
1181,ENSC    ,703,VAN       ,5,0,Harriet Chicoine                                                                                                                                                                                                                                          ,PRA
1181,ENSC    ,416,BURNABY   ,70,31,Lakshman One                                                                                                                                                                                                                                              ,TUT
1164,MSE     ,411,SURREY    ,33,0,Flavio Firmani                                                                                                                                                                                                                                            ,OPL
1171,MSE     ,921,SURREY    ,0,0,. TBD                                                                                                                                                                                                                                                     ,OPL
1181,CMPT    ,295,BURNABY   ,26,25,Bradley Bart                                                                                                                                                                                                                                              ,LAB
1164,CMPT    ,295,BURNABY   ,26,16,Anthony Dixon                                                                                                                                                                                                                                             ,LAB
1161,CMPT    ,295,BURNABY   ,25,0,Anthony Dixon                                                                                                                                                                                                                                             ,LAB
1171,CMPT    ,295,SURREY    ,24,17,Harinder Khangura                                                                                                                                                                                                                                         ,LAB
1147,ENSC    ,251,BURNABY   ,192,158,Lesley Shannon                                                                                                                                                                                                                                            ,TUT
1157,ENSC    ,251,BURNABY   ,250,254,Lesley Shannon                                                                                                                                                                                                                                            ,TUT
1164,CMPT    ,295,BURNABY   ,26,20,Anthony Dixon                                                                                                                                                                                                                                             ,LAB
1154,MSE     ,405W      ,SURREY    ,100,79,Maureen Hindy                                                                                                                                                                                                                                             ,LEC
1157,MSE     ,900,SURREY    ,10,3,Kevin Oldknow                                                                                                                                                                                                                                             ,LEC
1157,MATH    ,125,BURNABY   ,25,4,Nilima Nigam                                                                                                                                                                                                                                              ,LEC
1164,ENSC    ,251,BURNABY   ,134,113,William Scratchley                                                                                                                                                                                                                                        ,LEC
1174,ENSC    ,251,BURNABY   ,121,107,William Scratchley                                                                                                                                                                                                                                        ,LEC
1164,ENSC    ,254,BURNABY   ,124,105,William Scratchley                                                                                                                                                                                                                                        ,TUT
1151,MSE     ,480,SURREY    ,37,36,Kevin Oldknow                                                                                                                                                                                                                                             ,LAB
1167,MSE     ,250,SURREY    ,0,1,Ahmad Rad                                                                                                                                                                                                                                                 ,LAB
1164,MSE     ,312,SURREY    ,35,30,"Amr Marzouk, Krishna Vijayaraghavan, Mehrdad Moallem                                                                                                                                                                                                      ",LAB
1164,MSE     ,300,SURREY    ,120,117,Kevin Oldknow                                                                                                                                                                                                                                             ,LEC
1144,MSE     ,490,SURREY    ,22,21,Jiacheng Wang                                                                                                                                                                                                                                             ,LAB
1174,MSE     ,300,SURREY    ,120,79,Kevin Oldknow                                                                                                                                                                                                                                             ,LEC
1141,MSE     ,492,SURREY    ,75,58,Gary Wang                                                                                                                                                                                                                                                 ,SEM
1151,CMPT    ,628,OFF       ,5,0,Harriet Chicoine                                                                                                                                                                                                                                          ,PRA
1167,CMPT    ,628,OFF       ,15,1,Harriet Chicoine                                                                                                                                                                                                                                          ,PRA
1167,CMPT    ,127,BURNABY   ,60,60,Richard Vaughan                                                                                                                                                                                                                                           ,LAB
1164,ENSC    ,701,OFF       ,10,0,Harriet Chicoine                                                                                                                                                                                                                                          ,PRA
1181,ENSC    ,180,BURNABY   ,200,148,Nimal Rajapakse                                                                                                                                                                                                                                           ,LEC
1144,CMPT    ,166,SURREY    ,48,43,Toby Donaldson                                                                                                                                                                                                                                            ,LEC
1154,ENSC    ,254,BURNABY   ,36,35,Fabio Campi                                                                                                                                                                                                                                               ,LAB
1147,ENSC    ,252,BURNABY   ,0,0,Lakshman One                                                                                                                                                                                                                                              ,LAB
1171,ENSC    ,180,BURNABY   ,250,209,William Scratchley                                                                                                                                                                                                                                        ,LAB
1171,CMPT    ,127,BURNABY   ,64,64,Anne Lavergne                                                                                                                                                                                                                                             ,LAB
1181,CMPT    ,127,BURNABY   ,65,68,Richard Vaughan                                                                                                                                                                                                                                           ,LAB
1157,CMPT    ,127,BURNABY   ,64,63,Richard Vaughan                                                                                                                                                                                                                                           ,LAB
1147,MSE     ,100,SURREY    ,40,39,Krishna Vijayaraghavan                                                                                                                                                                                                                                    ,LAB
1147,MSE     ,100,SURREY    ,40,0,Krishna Vijayaraghavan                                                                                                                                                                                                                                    ,OPL
1164,MSE     ,711,SURREY    ,1,1,Mohammad Amin Rasouli                                                                                                                                                                                                                                     ,LAB
1164,MSE     ,725,SURREY    ,5,0,Woo Soo Kim                                                                                                                                                                                                                                               ,LEC
1137,MSE     ,250,SURREY    ,50,49,Ahmad Rad                                                                                                                                                                                                                                                 ,LAB
1174,MSE     ,312,SURREY    ,40,3,"Krishna Vijayaraghavan, Mehrdad Moallem, Mohammad Narimani, Siamak Arzanpour                                                                                                                                                                              ",LAB
1161,MSE     ,210,SURREY    ,43,41,Flavio Firmani                                                                                                                                                                                                                                            ,LAB
1167,MSE     ,221,SURREY    ,94,92,Gary Wang                                                                                                                                                                                                                                                 ,LEC
1147,MSE     ,221,SURREY    ,48,45,Flavio Firmani                                                                                                                                                                                                                                            ,LAB
1154,MSE     ,481,SURREY    ,100,89,Kevin Oldknow                                                                                                                                                                                                                                             ,LEC
1144,MSE     ,381,SURREY    ,41,37,Siamak Arzanpour                                                                                                                                                                                                                                          ,LAB
1157,MSE     ,310,SURREY    ,97,94,Edward Park                                                                                                                                                                                                                                               ,TUT
1147,MSE     ,310,SURREY    ,120,102,Edward Park                                                                                                                                                                                                                                               ,TUT
1161,MSE     ,110,SURREY    ,30,22,Amr Marzouk                                                                                                                                                                                                                                               ,LAB
1181,CMPT    ,135,SURREY    ,26,25,John Edgar                                                                                                                                                                                                                                                ,LAB
1161,CMPT    ,626,METRO     ,30,0,Harriet Chicoine                                                                                                                                                                                                                                          ,PRA
1151,CMPT    ,166,SURREY    ,26,26,Toby Donaldson                                                                                                                                                                                                                                            ,LAB
1127,CMPT    ,166,SURREY    ,26,26,Toby Donaldson                                                                                                                                                                                                                                            ,LAB
1171,CMPT    ,626,METRO     ,30,3,Harriet Chicoine                                                                                                                                                                                                                                          ,PRA
1147,CMPT    ,166,SURREY    ,26,26,Toby Donaldson                                                                                                                                                                                                                                            ,LAB
1151,CMPT    ,322W      ,SURREY    ,90,78,Harinder Khangura                                                                                                                                                                                                                                         ,LEC
1111,CMPT    ,726,BURNABY   ,32,32,Oliver Schulte                                                                                                                                                                                                                                            ,LEC
1121,CMPT    ,276,SURREY    ,35,31,Brian Fraser                                                                                                                                                                                                                                              ,LEC
1181,CMPT    ,373,SURREY    ,48,18,William Sumner                                                                                                                                                                                                                                            ,LEC
1147,ENSC    ,120,BURNABY   ,30,30,Meenakshinathan Parameswaran                                                                                                                                                                                                                              ,LAB
1154,MSE     ,311,SURREY    ,120,108,Behraad Bahreyni                                                                                                                                                                                                                                          ,LEC
1174,MSE     ,311,SURREY    ,52,47,Behraad Bahreyni                                                                                                                                                                                                                                          ,LAB
1134,MSE     ,391,SURREY    ,33,27,Amr Marzouk                                                                                                                                                                                                                                               ,LAB
1157,MSE     ,193,SURREY    ,10,0,"Harriet Chicoine, Stephanie DeRapp                                                                                                                                                                                                                        ",SEC
1177,MSE     ,486,SURREY    ,5,2,Ahmad Rad                                                                                                                                                                                                                                                 ,SEM
1177,MSE     ,486,SURREY    ,5,1,Mohammad Narimani                                                                                                                                                                                                                                         ,SEM
1171,MSE     ,223,SURREY    ,108,94,Ghasem Behfarshad                                                                                                                                                                                                                                         ,LEC
1171,MSE     ,480,SURREY    ,90,78,Kevin Oldknow                                                                                                                                                                                                                                             ,LEC
1181,MSE     ,480,SURREY    ,86,74,Kevin Oldknow                                                                                                                                                                                                                                             ,LEC
1167,MSE     ,380,SURREY    ,105,0,Kevin Oldknow                                                                                                                                                                                                                                             ,OPL
1167,MSE     ,380,SURREY    ,105,0,Kevin Oldknow                                                                                                                                                                                                                                             ,OPL
1157,MSE     ,320,SURREY    ,43,17,Gary Wang                                                                                                                                                                                                                                                 ,LAB
1177,MSE     ,320,SURREY    ,120,94,"Kambiz Haji Hajikolaei, Krishna Vijayaraghavan                                                                                                                                                                                                            ",TUT
1177,CMPT    ,130,SURREY    ,24,23,Toby Donaldson                                                                                                                                                                                                                                            ,LAB
1127,CMPT    ,130,SURREY    ,26,26,Brian Fraser                                                                                                                                                                                                                                              ,LAB
1167,MSE     ,393,SURREY    ,25,27,Stephanie DeRapp                                                                                                                                                                                                                                          ,SEC
1167,CMPT    ,130,SURREY    ,26,23,Brian Fraser                                                                                                                                                                                                                                              ,LAB
1177,MSE     ,393,METRO     ,25,32,Stephanie DeRapp                                                                                                                                                                                                                                          ,SEC
1147,MSE     ,293,SURREY    ,25,6,Stephanie DeRapp                                                                                                                                                                                                                                          ,SEC
1164,CMPT    ,373,SURREY    ,14,16,Brian Fraser                                                                                                                                                                                                                                              ,TUT
1124,CMPT    ,431,BURNABY   ,55,39,Alexandra Fedorova                                                                                                                                                                                                                                        ,LEC
1137,CMPT    ,468,SURREY    ,39,22,Tamara Smyth                                                                                                                                                                                                                                              ,LEC
1084,IAT     ,488,SURREY    ,1,1,Stephen Dipaola                                                                                                                                                                                                                                           ,SEC
1141,DDP     ,210,OFF       ,30,5,Ze-Nian Li                                                                                                                                                                                                                                                ,SEC
1087,MATH    ,708,SURREY    ,10,4,Tamon Stephen                                                                                                                                                                                                                                             ,LEC
1157,MATH    ,742,BURNABY   ,10,1,Petr Lisonek                                                                                                                                                                                                                                              ,LEC
1127,ENSC    ,231,SURREY    ,35,35,". TBD, Woo Soo Kim                                                                                                                                                                                                                                        ",LAB
1117,ENSC    ,281,SURREY    ,47,48,Woo Soo Kim                                                                                                                                                                                                                                               ,LAB
1131,ENSC    ,283,SURREY    ,115,111,". TBD, Peyman Taheri Bonab                                                                                                                                                                                                                                ",LEC
1151,MSE     ,480,SURREY    ,37,36,Kevin Oldknow                                                                                                                                                                                                                                             ,LAB
1154,MSE     ,490,SURREY    ,22,12,Jiacheng Wang                                                                                                                                                                                                                                             ,LAB
1171,MSE     ,494,SURREY    ,10,11,Stephanie DeRapp                                                                                                                                                                                                                                          ,SEC
1157,MSE     ,110,SURREY    ,30,0,. TBD                                                                                                                                                                                                                                                     ,LAB
1161,MSE     ,110,SURREY    ,30,0,Amr Marzouk                                                                                                                                                                                                                                               ,OPL
1181,MSE     ,110,SURREY    ,0,0,Mohammad Narimani                                                                                                                                                                                                                                         ,OPL
1161,MSE     ,110,SURREY    ,30,0,Amr Marzouk                                                                                                                                                                                                                                               ,OPL
1177,MSE     ,221,SURREY    ,42,42,Gary Wang                                                                                                                                                                                                                                                 ,LAB
1167,MSE     ,293,OFF       ,25,2,Stephanie DeRapp                                                                                                                                                                                                                                          ,SEC
1177,MSE     ,293,OFF       ,25,2,Stephanie DeRapp                                                                                                                                                                                                                                          ,SEC
1171,MSE     ,293,SURREY    ,20,20,Stephanie DeRapp                                                                                                                                                                                                                                          ,SEC
1157,MSE     ,494,OFF       ,10,2,"Harriet Chicoine, Stephanie DeRapp                                                                                                                                                                                                                        ",SEC
1181,MSE     ,494,OFF       ,10,0,Stephanie DeRapp                                                                                                                                                                                                                                          ,SEC
1151,MSE     ,110,SURREY    ,30,30,Amr Marzouk                                                                                                                                                                                                                                               ,LEC
1147,MSE     ,110,SURREY    ,30,0,Amr Marzouk                                                                                                                                                                                                                                               ,LAB
1151,MSE     ,110,SURREY    ,30,30,Amr Marzouk                                                                                                                                                                                                                                               ,LEC
1171,MSE     ,251,SURREY    ,108,92,Behraad Bahreyni                                                                                                                                                                                                                                          ,TUT
1151,MSE     ,251,SURREY    ,43,23,Behraad Bahreyni                                                                                                                                                                                                                                          ,LAB
1147,MSE     ,380,SURREY    ,120,116,Kevin Oldknow                                                                                                                                                                                                                                             ,LEC
1161,MATH    ,888,SURREY    ,10,0,. Faculty                                                                                                                                                                                                                                                 ,SEC
1174,MSE     ,490,SURREY    ,35,13,Jiacheng Wang                                                                                                                                                                                                                                             ,LAB
1144,MSE     ,311,SURREY    ,36,35,Behraad Bahreyni                                                                                                                                                                                                                                          ,LAB
1141,MSE     ,223,SURREY    ,115,104,Majid Bahrami                                                                                                                                                                                                                                             ,LEC
1174,MSE     ,312,SURREY    ,120,57,"Krishna Vijayaraghavan, Mehrdad Moallem, Mohammad Narimani, Siamak Arzanpour                                                                                                                                                                              ",TUT
1157,MSE     ,250,SURREY    ,36,39,Ahmad Rad                                                                                                                                                                                                                                                 ,LAB
1151,MSE     ,450,SURREY    ,97,97,Mehrdad Moallem                                                                                                                                                                                                                                           ,TUT
1177,MSE     ,380,SURREY    ,108,95,Flavio Firmani                                                                                                                                                                                                                                            ,LEC
1157,MSE     ,320,SURREY    ,129,101,Gary Wang                                                                                                                                                                                                                                                 ,TUT
1171,CMPT    ,130,SURREY    ,23,24,John Edgar                                                                                                                                                                                                                                                ,LAB
1171,CMPT    ,130,SURREY    ,24,18,John Edgar                                                                                                                                                                                                                                                ,LAB
1081,IAT     ,102,SURREY    ,24,24,. TBD                                                                                                                                                                                                                                                     ,TUT
1091,IAT     ,102,SURREY    ,24,24,Yin Wu                                                                                                                                                                                                                                                    ,STL
1107,ENSC    ,381,SURREY    ,75,45,Ahmad Rad                                                                                                                                                                                                                                                 ,LEC
1107,CMPT    ,767,BURNABY   ,15,13,Torsten Moller                                                                                                                                                                                                                                            ,LEC
1177,ENSC    ,120,BURNABY   ,30,0,Atousa Hajshirmohammadi                                                                                                                                                                                                                                   ,LAB
1177,MSE     ,793,OFF       ,5,0,Harriet Chicoine                                                                                                                                                                                                                                          ,PRA
1081,TECH    ,101W      ,SURREY    ,48,24,James Phillips                                                                                                                                                                                                                                            ,INS
1081,TECH    ,101W      ,SURREY    ,48,51,James Phillips                                                                                                                                                                                                                                            ,INS
1171,CMPT    ,733,BURNABY   ,20,20,"Apala Guha, Jiannan Wang                                                                                                                                                                                                                                  ",LAB
1181,CMPT    ,733,BURNABY   ,27,27,"Apala Guha, Jiannan Wang, Steven Bergner                                                                                                                                                                                                                  ",LAB
1177,MSE     ,900,SURREY    ,15,15,Bruce Fingarson                                                                                                                                                                                                                                           ,SEM
1171,CMPT    ,129,BURNABY   ,25,15,Janice Regan                                                                                                                                                                                                                                              ,LAB
1171,CMPT    ,129,BURNABY   ,25,26,Janice Regan                                                                                                                                                                                                                                              ,LAB
1177,ENSC    ,120,BURNABY   ,30,30,Atousa Hajshirmohammadi                                                                                                                                                                                                                                   ,LAB
1177,CMPT    ,127,BURNABY   ,64,64,Richard Vaughan                                                                                                                                                                                                                                           ,LAB
1177,CMPT    ,127,BURNABY   ,64,47,Richard Vaughan                                                                                                                                                                                                                                           ,LAB
1147,CMPT    ,127,BURNABY   ,64,60,Richard Vaughan                                                                                                                                                                                                                                           ,LAB
1181,CMPT    ,733,BURNABY   ,27,24,"Jiannan Wang, Steven Bergner                                                                                                                                                                                                                              ",LAB
1147,CMPT    ,127,BURNABY   ,64,61,Richard Vaughan                                                                                                                                                                                                                                           ,LAB
1154,MSE     ,425,SURREY    ,35,22,Woo Soo Kim                                                                                                                                                                                                                                               ,LAB
1164,MSE     ,405W      ,SURREY    ,115,105,Maureen Hindy                                                                                                                                                                                                                                             ,LEC
1127,CMPT    ,166,SURREY    ,110,106,Toby Donaldson                                                                                                                                                                                                                                            ,LEC
1157,CMPT    ,106,SURREY    ,26,26,Harinder Khangura                                                                                                                                                                                                                                         ,LAB
1164,ENSC    ,280,BURNABY   ,50,48,Atousa Hajshirmohammadi                                                                                                                                                                                                                                   ,LAB
1151,MATH    ,402W      ,SURREY    ,25,3,Tamon Stephen                                                                                                                                                                                                                                             ,LEC
1127,MACM    ,204,BURNABY   ,40,27,Michael Monagan                                                                                                                                                                                                                                           ,LEC
1167,MACM    ,204,BURNABY   ,20,19,Michael Monagan                                                                                                                                                                                                                                           ,LAB
1127,ENSC    ,104,SURREY    ,27,26,". TBD, Krishna Vijayaraghavan                                                                                                                                                                                                                             ",LAB
1147,CMPT    ,106,SURREY    ,15,11,Harinder Khangura                                                                                                                                                                                                                                         ,LAB
1177,ENSC    ,470,BURNABY   ,20,19,Glenn Chapman                                                                                                                                                                                                                                             ,LAB
1151,MSE     ,410,SURREY    ,32,0,Farid Golnaraghi                                                                                                                                                                                                                                          ,OPL
1141,MSE     ,410,SURREY    ,24,0,Farid Golnaraghi                                                                                                                                                                                                                                          ,LAB
1131,ENSC    ,432,SURREY    ,35,44,Kevin Oldknow                                                                                                                                                                                                                                             ,LEC
1131,ENSC    ,436,SURREY    ,38,32,Siamak Arzanpour                                                                                                                                                                                                                                          ,TUT
1161,CMPT    ,626,OFF       ,15,0,Harriet Chicoine                                                                                                                                                                                                                                          ,PRA
1164,CMPT    ,627,OFF       ,15,2,Harriet Chicoine                                                                                                                                                                                                                                          ,PRA
1164,CMPT    ,627,OFF       ,15,0,Harriet Chicoine                                                                                                                                                                                                                                          ,PRA
1141,CMPT    ,166,SURREY    ,26,26,Toby Donaldson                                                                                                                                                                                                                                            ,LAB
1167,CMPT    ,166,SURREY    ,26,23,Toby Donaldson                                                                                                                                                                                                                                            ,LAB
1137,CMPT    ,166,SURREY    ,20,15,John Edgar                                                                                                                                                                                                                                                ,LAB
1127,ENSC    ,104,SURREY    ,26,23,". TBD, Krishna Vijayaraghavan                                                                                                                                                                                                                             ",LAB
1167,MSE     ,100,SURREY    ,23,0,Krishna Vijayaraghavan                                                                                                                                                                                                                                    ,LAB
1157,ENSC    ,324,BURNABY   ,75,67,Bonnie Gray                                                                                                                                                                                                                                               ,RQL
1174,MSE     ,405W      ,SURREY    ,120,89,Maureen Hindy                                                                                                                                                                                                                                             ,LEC
1144,MSE     ,722,SURREY    ,3,3,Erik Kjeang                                                                                                                                                                                                                                               ,LAB
1171,MSE     ,750,SURREY    ,5,3,Jiacheng Wang                                                                                                                                                                                                                                             ,LAB
1144,MSE     ,391,SURREY    ,37,33,Jiacheng Wang                                                                                                                                                                                                                                             ,LAB
1141,MSE     ,102,SURREY    ,27,8,Kevin Oldknow                                                                                                                                                                                                                                             ,TUT
1134,MSE     ,312,SURREY    ,110,49,"Farid Golnaraghi, Krishna Vijayaraghavan, Mehrdad Moallem, Siamak Arzanpour                                                                                                                                                                               ",LEC
1154,MSE     ,312,SURREY    ,24,24,"Farid Golnaraghi, Krishna Vijayaraghavan, Mehrdad Moallem, Siamak Arzanpour                                                                                                                                                                               ",LAB
1154,MSE     ,411W      ,SURREY    ,8,0,Flavio Firmani                                                                                                                                                                                                                                            ,OPL
1154,MSE     ,899,SURREY    ,70,56,. TBD                                                                                                                                                                                                                                                     ,SEC
1137,MSE     ,220,SURREY    ,36,37,Woo Soo Kim                                                                                                                                                                                                                                               ,LAB
1157,MSE     ,486,SURREY    ,5,3,Flavio Firmani                                                                                                                                                                                                                                            ,SEM
1137,MSE     ,220,SURREY    ,36,38,Woo Soo Kim                                                                                                                                                                                                                                               ,LAB
1164,MSE     ,312,SURREY    ,102,99,"Amr Marzouk, Krishna Vijayaraghavan, Mehrdad Moallem                                                                                                                                                                                                      ",TUT
1081,TECH    ,124,SURREY    ,48,46,Joel Flynn                                                                                                                                                                                                                                                ,LEC
1161,MSE     ,480,SURREY    ,47,41,Kevin Oldknow                                                                                                                                                                                                                                             ,LAB
1144,MSE     ,312,SURREY    ,31,0,"Farid Golnaraghi, Krishna Vijayaraghavan, Mehrdad Moallem, Siamak Arzanpour                                                                                                                                                                               ",LAB
1137,MSE     ,100,SURREY    ,27,27,Krishna Vijayaraghavan                                                                                                                                                                                                                                    ,LAB
1137,MSE     ,100,SURREY    ,27,27,Krishna Vijayaraghavan                                                                                                                                                                                                                                    ,LAB
1167,MATH    ,302,BURNABY   ,75,75,Jamie Mulholland                                                                                                                                                                                                                                          ,LEC
1177,MATH    ,302,BURNABY   ,64,50,Cedric Chauve                                                                                                                                                                                                                                             ,LEC
1111,CMPT    ,711,BURNABY   ,10,7,Kay Wiese                                                                                                                                                                                                                                                 ,LEC
1104,ENSC    ,803,BURNABY   ,25,20,Stephen Whitmore                                                                                                                                                                                                                                          ,LEC
1087,REM     ,614,BURNABY   ,15,6,Sean Cox                                                                                                                                                                                                                                                  ,LEC
1091,IAT     ,344,SURREY    ,96,94,Michael Filimowicz                                                                                                                                                                                                                                        ,INS
1171,ENSC    ,893,BURNABY   ,50,12,Bozena Kaminska                                                                                                                                                                                                                                           ,LEC
1087,IAT     ,432,SURREY    ,48,41,Alissa Antle                                                                                                                                                                                                                                              ,LEC
1111,CMPT    ,276,SURREY    ,24,21,Brian Fraser                                                                                                                                                                                                                                              ,LEC
1147,MATH    ,408,SURREY    ,25,13,Tamon Stephen                                                                                                                                                                                                                                             ,LEC
1081,MATH    ,197,KAM       ,10,5,Ping Ding                                                                                                                                                                                                                                                 ,SEC
1144,CMPT    ,627,VAN       ,5,1,Harriet Chicoine                                                                                                                                                                                                                                          ,PRA
1147,CMPT    ,166,SURREY    ,26,26,Toby Donaldson                                                                                                                                                                                                                                            ,LAB
1177,MSE     ,890,SURREY    ,50,37,Mehrdad Moallem                                                                                                                                                                                                                                           ,RSC
1087,CMNS    ,322,HRBRCNTR  ,54,52,Zoe Druick                                                                                                                                                                                                                                                ,LEC
1181,CMPT    ,129,BURNABY   ,100,60,Bradley Bart                                                                                                                                                                                                                                              ,LEC
1167,CMPT    ,295,BURNABY   ,26,26,Bradley Bart                                                                                                                                                                                                                                              ,LAB
1151,MSE     ,403,SURREY    ,21,0,Kevin Oldknow                                                                                                                                                                                                                                             ,LEC
1151,MSE     ,403,SURREY    ,21,18,Kevin Oldknow                                                                                                                                                                                                                                             ,LEC
1174,ENSC    ,701,OFF       ,10,1,Harriet Chicoine                                                                                                                                                                                                                                          ,PRA
1181,MSE     ,793,OFF       ,5,0,Harriet Chicoine                                                                                                                                                                                                                                          ,PRA
1177,MSE     ,310,SURREY    ,108,77,Mohammad Narimani                                                                                                                                                                                                                                         ,TUT
1151,MSE     ,101W      ,SURREY    ,25,24,"Kevin Oldknow, Maureen Hindy                                                                                                                                                                                                                              ",TUT
1177,MSE     ,250,SURREY    ,126,96,Ahmad Rad                                                                                                                                                                                                                                                 ,LEC
1161,MSE     ,393,OFF       ,15,1,Stephanie DeRapp                                                                                                                                                                                                                                          ,SEC
1141,MSE     ,293,SURREY    ,10,13,Harriet Chicoine                                                                                                                                                                                                                                          ,SEC
1151,MSE     ,293,SURREY    ,10,16,Stephanie DeRapp                                                                                                                                                                                                                                          ,SEC
1167,MSE     ,494,OFF       ,10,1,Stephanie DeRapp                                                                                                                                                                                                                                          ,SEC
1134,MSE     ,492,SURREY    ,45,42,Krishna Vijayaraghavan                                                                                                                                                                                                                                    ,LEC
1141,MSE     ,492,SURREY    ,75,58,Gary Wang                                                                                                                                                                                                                                                 ,LAB
1181,MSE     ,494,OFF       ,10,4,Stephanie DeRapp                                                                                                                                                                                                                                          ,SEC
1181,MSE     ,498,SURREY    ,5,0,Ahmad Rad                                                                                                                                                                                                                                                 ,SEC
1147,MSE     ,393,SURREY    ,25,14,Stephanie DeRapp                                                                                                                                                                                                                                          ,SEC
1161,MSE     ,393,SURREY    ,20,20,Stephanie DeRapp                                                                                                                                                                                                                                          ,SEC
1151,MSE     ,410,SURREY    ,32,0,Farid Golnaraghi                                                                                                                                                                                                                                          ,OPL
1164,MSE     ,493,SURREY    ,30,8,Stephanie DeRapp                                                                                                                                                                                                                                          ,SEC
1134,MSE     ,492,SURREY    ,50,17,Woo Soo Kim                                                                                                                                                                                                                                               ,LEC
1161,MSE     ,390,SURREY    ,24,18,Flavio Firmani                                                                                                                                                                                                                                            ,LAB
1171,MSE     ,498,SURREY    ,5,2,Ahmad Rad                                                                                                                                                                                                                                                 ,SEC
1161,ENSC    ,180,BURNABY   ,318,282,William Scratchley                                                                                                                                                                                                                                        ,LEC
1164,CMPT    ,213,SURREY    ,60,38,Brian Fraser                                                                                                                                                                                                                                              ,LEC
1147,MSE     ,110,SURREY    ,30,27,Amr Marzouk                                                                                                                                                                                                                                               ,LEC
1091,CMNS    ,461,OFF       ,5,0,. Faculty                                                                                                                                                                                                                                                 ,SEC
1177,ENSC    ,703,METRO     ,5,2,Harriet Chicoine                                                                                                                                                                                                                                          ,PRA
1167,CMPT    ,295,BURNABY   ,26,26,Bradley Bart                                                                                                                                                                                                                                              ,LAB
1157,ENSC    ,252,BURNABY   ,197,189,Lakshman One                                                                                                                                                                                                                                              ,LEC
1167,ENSC    ,252,BURNABY   ,40,38,Lakshman One                                                                                                                                                                                                                                              ,LAB
1164,ENSC    ,254,BURNABY   ,40,30,William Scratchley                                                                                                                                                                                                                                        ,LAB
1081,IAT     ,267,SURREY    ,0,0,Helmine Serban                                                                                                                                                                                                                                            ,OPL
1147,MSE     ,221,SURREY    ,144,132,Flavio Firmani                                                                                                                                                                                                                                            ,LEC
1174,MSE     ,481,SURREY    ,120,74,Mohammad Narimani                                                                                                                                                                                                                                         ,LEC
1151,MSE     ,101W      ,SURREY    ,80,78,Maureen Hindy                                                                                                                                                                                                                                             ,LEC
1157,ENSC    ,410,BURNABY   ,150,119,John Jones                                                                                                                                                                                                                                                ,TUT
1164,MSE     ,725,SURREY    ,10,7,Woo Soo Kim                                                                                                                                                                                                                                               ,LEC
1157,CMPT    ,130,SURREY    ,26,26,Brian Fraser                                                                                                                                                                                                                                              ,LAB
1174,MSE     ,294,OFF       ,30,0,Stephanie DeRapp                                                                                                                                                                                                                                          ,SEC
1147,CMPT    ,628,OFF       ,2,0,Harriet Chicoine                                                                                                                                                                                                                                          ,PRA
1171,CMPT    ,628,OFF       ,15,1,Harriet Chicoine                                                                                                                                                                                                                                          ,PRA
1154,MSE     ,311,SURREY    ,30,27,Behraad Bahreyni                                                                                                                                                                                                                                          ,LAB
1161,CMPT    ,628,OFF       ,15,0,Harriet Chicoine                                                                                                                                                                                                                                          ,PRA
1144,MSE     ,311,SURREY    ,36,36,Behraad Bahreyni                                                                                                                                                                                                                                          ,LAB
1131,CMPT    ,166,SURREY    ,75,70,Oren Shklarsky                                                                                                                                                                                                                                            ,LEC
1144,MSE     ,391,SURREY    ,37,36,Jiacheng Wang                                                                                                                                                                                                                                             ,LAB
1161,CMPT    ,130,SURREY    ,26,26,Karol Swietlicki                                                                                                                                                                                                                                          ,LAB
1171,ENSC    ,180,BURNABY   ,250,209,William Scratchley                                                                                                                                                                                                                                        ,LEC
1154,CMPT    ,627,OFF       ,5,0,Harriet Chicoine                                                                                                                                                                                                                                          ,PRA
1134,CMPT    ,628,METRO     ,5,0,Harriet Chicoine                                                                                                                                                                                                                                          ,PRA
1157,CMPT    ,628,METRO     ,30,2,Harriet Chicoine                                                                                                                                                                                                                                          ,PRA
1171,MATH    ,402W      ,SURREY    ,25,5,Tamon Stephen                                                                                                                                                                                                                                             ,LEC
1181,MATH    ,402W      ,SURREY    ,20,5,Tamon Stephen                                                                                                                                                                                                                                             ,LEC
1167,MSE     ,494,SURREY    ,10,11,Stephanie DeRapp                                                                                                                                                                                                                                          ,SEC
1151,MSE     ,494,OFF       ,10,2,Stephanie DeRapp                                                                                                                                                                                                                                          ,SEC
1147,MSE     ,110,SURREY    ,30,15,Amr Marzouk                                                                                                                                                                                                                                               ,LEC
1137,MSE     ,320,SURREY    ,108,85,Krishna Vijayaraghavan                                                                                                                                                                                                                                    ,LAB
1134,CMPT    ,130,SURREY    ,24,16,Harinder Khangura                                                                                                                                                                                                                                         ,LAB
1151,MSE     ,293,OFF       ,10,10,Stephanie DeRapp                                                                                                                                                                                                                                          ,SEC
1161,CMPT    ,628,METRO     ,30,11,Harriet Chicoine                                                                                                                                                                                                                                          ,PRA
1181,CMPT    ,628,METRO     ,30,0,Harriet Chicoine                                                                                                                                                                                                                                          ,PRA
1107,MACM    ,204,BURNABY   ,22,21,JF Williams                                                                                                                                                                                                                                               ,LEC
1174,ENSC    ,280,BURNABY   ,175,153,Atousa Hajshirmohammadi                                                                                                                                                                                                                                   ,LEC
1111,ENSC    ,106,SURREY    ,72,66,John Jones                                                                                                                                                                                                                                                ,LEC
1177,CMPT    ,106,SURREY    ,24,24,Harinder Khangura                                                                                                                                                                                                                                         ,LAB
1177,MSE     ,100,SURREY    ,24,24,"Kambiz Haji Hajikolaei, Krishna Vijayaraghavan                                                                                                                                                                                                            ",LAB
1137,MSE     ,100,SURREY    ,27,29,Krishna Vijayaraghavan                                                                                                                                                                                                                                    ,LAB
1174,MSE     ,294,SURREY    ,30,12,Stephanie DeRapp                                                                                                                                                                                                                                          ,SEC
1181,MSE     ,393,OFF       ,25,1,Stephanie DeRapp                                                                                                                                                                                                                                          ,SEC
1177,MSE     ,393,OFF       ,10,2,Stephanie DeRapp                                                                                                                                                                                                                                          ,SEC
1151,MSE     ,491,SURREY    ,70,0,. TBD                                                                                                                                                                                                                                                     ,TUT
1181,MSE     ,110,SURREY    ,52,47,Mohammad Narimani                                                                                                                                                                                                                                         ,LEC
1141,MSE     ,110,SURREY    ,30,0,Amr Marzouk                                                                                                                                                                                                                                               ,LAB
1134,MSE     ,311,SURREY    ,95,86,Behraad Bahreyni                                                                                                                                                                                                                                          ,TUT
1181,CMPT    ,166,SURREY    ,26,26,Harinder Khangura                                                                                                                                                                                                                                         ,LAB
1174,CMPT    ,166,SURREY    ,78,69,Harinder Khangura                                                                                                                                                                                                                                         ,LEC
1134,MSE     ,411W      ,SURREY    ,92,72,"Farid Golnaraghi, Maureen Hindy                                                                                                                                                                                                                           ",SEM
1154,MSE     ,411W      ,SURREY    ,34,0,Flavio Firmani                                                                                                                                                                                                                                            ,LAB
1157,MSE     ,221,SURREY    ,112,111,Flavio Firmani                                                                                                                                                                                                                                            ,LEC
1157,MSE     ,250,SURREY    ,36,0,Ahmad Rad                                                                                                                                                                                                                                                 ,LAB
1157,MSE     ,250,SURREY    ,36,0,Ahmad Rad                                                                                                                                                                                                                                                 ,LAB
1161,MSE     ,222,SURREY    ,110,103,Kambiz Haji Hajikolaei                                                                                                                                                                                                                                    ,TUT
1181,MSE     ,222,SURREY    ,120,94,Kambiz Haji Hajikolaei                                                                                                                                                                                                                                    ,TUT
1137,MSE     ,380,SURREY    ,99,92,Kevin Oldknow                                                                                                                                                                                                                                             ,TUT
1157,MSE     ,380,SURREY    ,91,0,Flavio Firmani                                                                                                                                                                                                                                            ,OPL
1127,ENSC    ,381,SURREY    ,70,68,Kevin Oldknow                                                                                                                                                                                                                                             ,LEC
1141,MATH    ,888,SURREY    ,10,4,Tamon Stephen                                                                                                                                                                                                                                             ,SEC
1164,CMPT    ,130,SURREY    ,52,36,Harinder Khangura                                                                                                                                                                                                                                         ,LEC
1101,ENSC    ,808,BURNABY   ,30,13,Ivan Bajic                                                                                                                                                                                                                                                ,LEC
1094,CMNS    ,323W      ,HRBRCNTR  ,75,72,Shane Gunster                                                                                                                                                                                                                                             ,LEC
1127,ENSC    ,388,SURREY    ,80,78,Peyman Taheri Bonab                                                                                                                                                                                                                                       ,LEC
1091,ENSC    ,893,SURREY    ,15,11,Mehrdad Moallem                                                                                                                                                                                                                                           ,LEC
1091,CMNS    ,423,HRBRCNTR  ,23,22,Kirsten McAllister                                                                                                                                                                                                                                        ,SEM
1181,DDP     ,210,OFF       ,30,7,Ze-Nian Li                                                                                                                                                                                                                                                ,SEC
1097,ENSC    ,231,SURREY    ,72,70,Edward Park                                                                                                                                                                                                                                               ,LEC
1137,CMPT    ,106,SURREY    ,96,66,Harinder Khangura                                                                                                                                                                                                                                         ,LEC
1171,CMPT    ,322W      ,SURREY    ,90,57,Harinder Khangura                                                                                                                                                                                                                                         ,LEC
1181,CMPT    ,322W      ,SURREY    ,70,56,John Edgar                                                                                                                                                                                                                                                ,LEC
1137,ENSC    ,470,BURNABY   ,30,36,Glenn Chapman                                                                                                                                                                                                                                             ,LEC
1167,ENSC    ,470,BURNABY   ,35,34,Glenn Chapman                                                                                                                                                                                                                                             ,TUT
1147,ENSC    ,470,BURNABY   ,18,19,Glenn Chapman                                                                                                                                                                                                                                             ,LAB
1161,CHIN    ,182,BURNABY   ,6,6,Billie Ng                                                                                                                                                                                                                                                 ,TUT
1094,MATH    ,338,BURNABY   ,64,9,Stephen Choi                                                                                                                                                                                                                                              ,LEC
1164,MATH    ,796,BURNABY   ,10,2,Jonathan Jedwab                                                                                                                                                                                                                                           ,LEC
1164,CMPT    ,474,SURREY    ,75,71,Arthur Kirkpatrick                                                                                                                                                                                                                                        ,LEC
1181,CMPT    ,166,SURREY    ,26,23,Harinder Khangura                                                                                                                                                                                                                                         ,LAB
1131,CMPT    ,166,SURREY    ,25,25,Oren Shklarsky                                                                                                                                                                                                                                            ,LAB
1141,MSE     ,410,SURREY    ,24,0,Farid Golnaraghi                                                                                                                                                                                                                                          ,LAB
1177,MSE     ,293,METRO     ,25,12,Stephanie DeRapp                                                                                                                                                                                                                                          ,SEC
1124,CMPT    ,628,OFF       ,30,0,Cristina Eftenaru                                                                                                                                                                                                                                         ,PRA
1134,CMPT    ,628,OFF       ,5,1,Harriet Chicoine                                                                                                                                                                                                                                          ,PRA
1144,MSE     ,300,SURREY    ,130,126,Kevin Oldknow                                                                                                                                                                                                                                             ,LEC
1164,MSE     ,490,SURREY    ,23,17,Jiacheng Wang                                                                                                                                                                                                                                             ,LAB
1177,MSE     ,494,OFF       ,10,0,Stephanie DeRapp                                                                                                                                                                                                                                          ,SEC
1164,MSE     ,311,SURREY    ,115,96,Mohammad Amin Rasouli                                                                                                                                                                                                                                     ,LEC
1157,CMPT    ,166,SURREY    ,26,26,Karol Swietlicki                                                                                                                                                                                                                                          ,LAB
1134,CMPT    ,166,SURREY    ,26,17,John Edgar                                                                                                                                                                                                                                                ,LAB
1124,CMPT    ,498,SURREY    ,10,10,"Arthur Kirkpatrick, Paul Tupper                                                                                                                                                                                                                           ",SEC
1167,CMPT    ,626,METRO     ,30,3,Harriet Chicoine                                                                                                                                                                                                                                          ,PRA
1181,MATH    ,380W      ,BURNABY   ,64,61,Tom Archibald                                                                                                                                                                                                                                             ,LEC
1081,IAT     ,445,SURREY    ,24,15,Stephen Dipaola                                                                                                                                                                                                                                           ,LAB
1087,MATH    ,879,BURNABY   ,6,1,Nils Bruin                                                                                                                                                                                                                                                ,SEC
1104,CMPT    ,477,BURNABY   ,33,35,Evgenia Ternovska                                                                                                                                                                                                                                         ,LEC
1157,CMPT    ,477,BURNABY   ,48,24,Evgenia Ternovska                                                                                                                                                                                                                                         ,LEC
1087,IAT     ,394,SURREY    ,12,11,Russell Taylor                                                                                                                                                                                                                                            ,LEC
1127,ENSC    ,281,SURREY    ,47,46,". TBD, Woo Soo Kim                                                                                                                                                                                                                                        ",LAB
1087,TECH    ,106,SURREY    ,24,23,Belgacem Ben Youssef                                                                                                                                                                                                                                      ,LAB
1081,TECH    ,124,SURREY    ,48,22,Joel Flynn                                                                                                                                                                                                                                                ,LEC
1117,CMPT    ,496,BURNABY   ,2,2,"Evgenia Ternovska, Gregory Baker                                                                                                                                                                                                                          ",SEM
1081,IAT     ,805,SURREY    ,40,19,Stephen Dipaola                                                                                                                                                                                                                                           ,LEC
1091,IAT     ,805,SURREY    ,40,33,Linda Bartram                                                                                                                                                                                                                                             ,SEM
1121,MATH    ,439,BURNABY   ,0,0,Michael Monagan                                                                                                                                                                                                                                           ,LEC
1087,IAT     ,336,SURREY    ,96,92,Kenneth Zupan                                                                                                                                                                                                                                             ,LEC
1081,IAT     ,455,SURREY    ,21,19,Helmine Serban                                                                                                                                                                                                                                            ,STL
1174,CMPT    ,376W      ,BURNABY   ,85,84,Milan Tofiloski                                                                                                                                                                                                                                           ,LEC
1151,CMPT    ,404,BURNABY   ,45,39,Andrei Bulatov                                                                                                                                                                                                                                            ,LEC
1104,CMPT    ,431,BURNABY   ,55,48,Alexandra Fedorova                                                                                                                                                                                                                                        ,LEC
1174,MATH    ,770,BURNABY   ,25,2,Ralf Wittenberg                                                                                                                                                                                                                                           ,LEC
1121,CMPT    ,496,BURNABY   ,9,9,Gregory Baker                                                                                                                                                                                                                                             ,SEM
1087,ENSC    ,231,SURREY    ,75,73,Edward Park                                                                                                                                                                                                                                               ,LEC
1091,CMPT    ,464,BURNABY   ,19,9,Hao Zhang                                                                                                                                                                                                                                                 ,LEC
1161,CMPT    ,464,BURNABY   ,35,8,Hao Zhang                                                                                                                                                                                                                                                 ,LEC
1104,MATH    ,240,BURNABY   ,99,93,Karen Yeats                                                                                                                                                                                                                                               ,LEC
1157,CHIN    ,290,BURNABY   ,25,15,Cynthia Xie                                                                                                                                                                                                                                               ,TUT
1111,CMPT    ,441,BURNABY   ,15,7,Kay Wiese                                                                                                                                                                                                                                                 ,LEC
1127,CMPT    ,441,BURNABY   ,10,8,Suleyman Sahinalp                                                                                                                                                                                                                                         ,LEC
1131,CMPT    ,213,SURREY    ,45,42,Brian Fraser                                                                                                                                                                                                                                              ,LEC
1151,CMPT    ,626,OFF       ,5,0,Harriet Chicoine                                                                                                                                                                                                                                          ,PRA
1167,CMPT    ,626,OFF       ,15,1,Harriet Chicoine                                                                                                                                                                                                                                          ,PRA
1177,CMPT    ,626,OFF       ,25,0,Harriet Chicoine                                                                                                                                                                                                                                          ,PRA
1177,CMPT    ,626,OFF       ,25,0,Harriet Chicoine                                                                                                                                                                                                                                          ,PRA
1181,CMPT    ,626,OFF       ,30,1,Harriet Chicoine                                                                                                                                                                                                                                          ,PRA
1137,CMPT    ,627,METRO     ,30,1,Harriet Chicoine                                                                                                                                                                                                                                          ,PRA
1131,CMPT    ,166,SURREY    ,0,0,Oren Shklarsky                                                                                                                                                                                                                                            ,LAB
1087,TECH    ,101W      ,SURREY    ,48,47,James Phillips                                                                                                                                                                                                                                            ,INS
1141,MACM    ,203,BURNABY   ,44,26,Cedric Chauve                                                                                                                                                                                                                                             ,LEC
1151,MATH    ,879,BURNABY   ,6,0,. Faculty                                                                                                                                                                                                                                                 ,SEC
1101,MATH    ,882,BURNABY   ,10,0,. Faculty                                                                                                                                                                                                                                                 ,SEC
1111,MATH    ,882,BURNABY   ,10,0,. TBD                                                                                                                                                                                                                                                     ,SEC
1081,KIN     ,208,BURNABY   ,18,14,James Wakeling                                                                                                                                                                                                                                            ,LEC
1161,ENSC    ,474,BURNABY   ,45,33,Mirza Beg                                                                                                                                                                                                                                                 ,TUT
1171,ENSC    ,474,BURNABY   ,45,50,Mirza Beg                                                                                                                                                                                                                                                 ,TUT
1164,ENSC    ,476,BURNABY   ,30,26,Marinko Sarunic                                                                                                                                                                                                                                           ,TUT
1177,CMPT    ,105W      ,SURREY    ,48,49,Harinder Khangura                                                                                                                                                                                                                                         ,LEC
1141,CMPT    ,105W      ,SURREY    ,90,81,Harinder Khangura                                                                                                                                                                                                                                         ,LEC
1177,ENSC    ,100W      ,BURNABY   ,7,7,Michael Sjoerdsma                                                                                                                                                                                                                                         ,LAB
1181,ENSC    ,461,SUR       ,39,36,Ryan D'Arcy                                                                                                                                                                                                                                               ,RQL
1094,CMNS    ,253W      ,BURNABY   ,80,71,Jean Hebert                                                                                                                                                                                                                                               ,LEC
1167,CMPT    ,128,BURNABY   ,8,0,Janice Regan                                                                                                                                                                                                                                              ,LAB
1134,CMPT    ,125,BURNABY   ,26,21,Louis Hafer                                                                                                                                                                                                                                               ,LAB
1081,CMPT    ,125,BURNABY   ,25,24,David Mitchell                                                                                                                                                                                                                                            ,LAB
1081,CMPT    ,125,BURNABY   ,25,17,David Mitchell                                                                                                                                                                                                                                            ,LAB
1091,CMPT    ,126,BURNABY   ,20,22,Diana Cukierman                                                                                                                                                                                                                                           ,LEC
1111,CMPT    ,128,SURREY    ,66,63,John Edgar                                                                                                                                                                                                                                                ,LEC
1087,CMPT    ,128,BURNABY   ,32,27,Janice Regan                                                                                                                                                                                                                                              ,LAB
1087,CMPT    ,128,BURNABY   ,32,31,Janice Regan                                                                                                                                                                                                                                              ,LAB
1104,CMPT    ,128,SURREY    ,24,22,John Edgar                                                                                                                                                                                                                                                ,LAB
1101,MATH    ,402,BURNABY   ,8,4,"John Stockie, Nilima Nigam, Tamon Stephen, Zhaosong Lu                                                                                                                                                                                                    ",SEC
1167,CMPT    ,128,BURNABY   ,26,25,Janice Regan                                                                                                                                                                                                                                              ,LAB
1177,CMPT    ,128,BURNABY   ,26,24,Ghassan Hamarneh                                                                                                                                                                                                                                          ,LAB
1137,ENSC    ,460,BURNABY   ,25,9,Marinko Sarunic                                                                                                                                                                                                                                           ,LAB
1091,MATH    ,380W      ,BURNABY   ,75,31,Tom Archibald                                                                                                                                                                                                                                             ,LEC
1094,CMNS    ,855,BURNABY   ,10,2,Peter Chow-White                                                                                                                                                                                                                                          ,SEM
1081,IAT     ,410,SURREY    ,24,25,Yingchen Yang                                                                                                                                                                                                                                             ,LAB
1094,MATH    ,878,BURNABY   ,5,2,Nils Bruin                                                                                                                                                                                                                                                ,SEC
1117,CMPT    ,128,BURNABY   ,26,26,Anne Lavergne                                                                                                                                                                                                                                             ,LAB
1117,CMPT    ,128,BURNABY   ,26,26,Anne Lavergne                                                                                                                                                                                                                                             ,LAB
1117,ENSC    ,104,SURREY    ,35,34,Krishna Vijayaraghavan                                                                                                                                                                                                                                    ,LAB
1117,ENSC    ,104,SURREY    ,35,35,Krishna Vijayaraghavan                                                                                                                                                                                                                                    ,LAB
1087,MATH    ,150,SURREY    ,30,10,Youssef Qranfal                                                                                                                                                                                                                                           ,LEC
1137,CHIN    ,181,BURNABY   ,15,0,"Billie Ng, Haisheng Jiang                                                                                                                                                                                                                                 ",TUT
1157,MACM    ,409,BURNABY   ,30,13,Benjamin Adcock                                                                                                                                                                                                                                           ,LEC
1107,ENSC    ,440W      ,BURNABY   ,30,29,Andrew Rawicz                                                                                                                                                                                                                                             ,LEC
1167,ENSC    ,100W      ,BURNABY   ,9,8,Michael Sjoerdsma                                                                                                                                                                                                                                         ,LAB
1107,ENSC    ,100W      ,BURNABY   ,6,6,Michael Sjoerdsma                                                                                                                                                                                                                                         ,TUT
1141,ENSC    ,461,SUR       ,17,16,Ryan D'Arcy                                                                                                                                                                                                                                               ,LEC
1151,ENSC    ,461,SUR       ,20,15,Ryan D'Arcy                                                                                                                                                                                                                                               ,LEC
1124,ENSC    ,893,SURREY    ,5,0,. Faculty                                                                                                                                                                                                                                                 ,LEC
1127,ENSC    ,100W      ,BURNABY   ,6,7,. Faculty                                                                                                                                                                                                                                                 ,TUT
1117,CMPT    ,726,BURNABY   ,52,52,Gregory Mori                                                                                                                                                                                                                                              ,LEC
1137,ENSC    ,440W      ,BURNABY   ,60,41,Lakshman One                                                                                                                                                                                                                                              ,LEC
1087,KIN     ,180W      ,BURNABY   ,54,51,Anne-Kristina Arnold                                                                                                                                                                                                                                      ,LEC
1124,ENSC    ,461,SURREY    ,25,16,Erik Kjeang                                                                                                                                                                                                                                               ,LEC
1127,ENSC    ,100W      ,BURNABY   ,5,6,. Faculty                                                                                                                                                                                                                                                 ,TUT
1107,ENSC    ,100W      ,BURNABY   ,7,7,Michael Sjoerdsma                                                                                                                                                                                                                                         ,TUT
1117,ENSC    ,100W      ,BURNABY   ,6,6,. Faculty                                                                                                                                                                                                                                                 ,TUT
1107,ENSC    ,100W      ,BURNABY   ,5,6,Michael Sjoerdsma                                                                                                                                                                                                                                         ,TUT
1127,MATH    ,747,BURNABY   ,10,4,Karen Yeats                                                                                                                                                                                                                                               ,LEC
1114,CMPT    ,128,SURREY    ,24,0,Brian Fraser                                                                                                                                                                                                                                              ,LAB
1087,IAT     ,208,SURREY    ,27,27,Kenneth Zupan                                                                                                                                                                                                                                             ,STL
1091,IAT     ,206,SURREY    ,24,22,Niranjan Rajah                                                                                                                                                                                                                                            ,TUT
1174,MATH    ,878,BURNABY   ,5,1,"Marni Mishna, Razvan Fetecau                                                                                                                                                                                                                              ",SEC
1141,ENSC    ,895,BURNABY   ,3,1,Lesley Shannon                                                                                                                                                                                                                                            ,LAB
1151,ENSC    ,895,BURNABY   ,15,12,Fabio Campi                                                                                                                                                                                                                                               ,LAB
1084,CMNS    ,387,HRBRCNTR  ,34,31,Dal Jin                                                                                                                                                                                                                                                   ,SEM
1081,CMPT    ,477,BURNABY   ,25,7,Evgenia Ternovska                                                                                                                                                                                                                                         ,LEC
1087,MATH    ,398,BURNABY   ,30,5,Peter Borwein                                                                                                                                                                                                                                             ,SEM
1094,IAT     ,393,ITALY     ,10,12,Russell Taylor                                                                                                                                                                                                                                            ,FLD
1084,ENSC    ,224,BURNABY   ,100,42,Meenakshinathan Parameswaran                                                                                                                                                                                                                              ,LEC
1084,REM     ,663,BURNABY   ,10,10,Duncan Knowler                                                                                                                                                                                                                                            ,SEM
1107,CMPT    ,128,SURREY    ,25,22,Toby Donaldson                                                                                                                                                                                                                                            ,LAB
1107,MATH    ,800,SURREY    ,20,9,Abraham Punnen                                                                                                                                                                                                                                            ,LEC
1117,MATH    ,800,BURNABY   ,16,11,"Peter Borwein, Vahid Dabbaghian-Abdoly                                                                                                                                                                                                                    ",LEC
1117,MATH    ,800,BURNABY   ,5,0,Petr Lisonek                                                                                                                                                                                                                                              ,LEC
1091,ENSC    ,305W      ,BURNABY   ,60,71,Stephen Whitmore                                                                                                                                                                                                                                          ,LEC
1087,TECH    ,101W      ,SURREY    ,48,49,Janet McCracken                                                                                                                                                                                                                                           ,INS
1087,CMPT    ,882,BURNABY   ,17,1,Robert Hadley                                                                                                                                                                                                                                             ,LEC
1141,CMPT    ,882,BURNABY   ,15,9,Evgenia Ternovska                                                                                                                                                                                                                                         ,LEC
1167,CMPT    ,882,BURNABY   ,34,13,Richard Vaughan                                                                                                                                                                                                                                           ,LEC
1167,ENSC    ,100W      ,BURNABY   ,9,8,Michael Sjoerdsma                                                                                                                                                                                                                                         ,LAB
1117,ENSC    ,100W      ,BURNABY   ,3,3,. Faculty                                                                                                                                                                                                                                                 ,TUT
1081,MATH    ,198,SURREY    ,0,26,Christine Stewart                                                                                                                                                                                                                                         ,LEC
1081,MATH    ,198,KIT       ,0,22,Veselin Jungic                                                                                                                                                                                                                                            ,LEC
1091,IAT     ,883,SURREY    ,20,7,Robert Krider                                                                                                                                                                                                                                             ,SEM
1101,MATH    ,743,BURNABY   ,5,4,Matthew DeVos                                                                                                                                                                                                                                             ,LEC
1094,TECH    ,124,SURREY    ,48,38,Joel Flynn                                                                                                                                                                                                                                                ,LAB
1087,IAT     ,871,SURREY    ,1,1,Thomas Calvert                                                                                                                                                                                                                                            ,SEM
1157,CMPT    ,459,BURNABY   ,75,71,Jian Pei                                                                                                                                                                                                                                                  ,LEC
1087,IAT     ,100,SURREY    ,24,28,Patrick Chan                                                                                                                                                                                                                                              ,STL
1141,MATH    ,762,BURNABY   ,10,0,Ralf Wittenberg                                                                                                                                                                                                                                           ,LEC
1121,MATH    ,819,BURNABY   ,10,1,Michael Monagan                                                                                                                                                                                                                                           ,LEC
1121,MATH    ,743,BURNABY   ,10,1,Cedric Chauve                                                                                                                                                                                                                                             ,LEC
1087,MATH    ,495,BURNABY   ,5,1,Paul Tupper                                                                                                                                                                                                                                               ,LEC
1091,MATH    ,398,BURNABY   ,32,17,Nilima Nigam                                                                                                                                                                                                                                              ,LEC
1101,ENSC    ,283,SURREY    ,72,71,Erik Kjeang                                                                                                                                                                                                                                               ,LEC
1087,TECH    ,101W      ,SURREY    ,48,48,Joel Flynn                                                                                                                                                                                                                                                ,INS
1117,MATH    ,345,BURNABY   ,64,13,Luis Goddyn                                                                                                                                                                                                                                               ,LEC
1177,CMPT    ,459,BURNABY   ,90,85,Martin Ester                                                                                                                                                                                                                                              ,LEC
1137,CMPT    ,125,BURNABY   ,26,26,Scott Kristjanson                                                                                                                                                                                                                                         ,LAB
1101,ENSC    ,372,BURNABY   ,10,9,Mehdi Moradi                                                                                                                                                                                                                                              ,LEC
1127,MATH    ,800,BURNABY   ,20,12,Bojan Mohar                                                                                                                                                                                                                                               ,LEC
1137,MATH    ,800,BURNABY   ,25,4,Luis Goddyn                                                                                                                                                                                                                                               ,LEC
1141,ENSC    ,895,BURNABY   ,5,1,Lesley Shannon                                                                                                                                                                                                                                            ,LEC
1167,ENSC    ,895,BURNABY   ,9,7,"Marinko Sarunic, Teresa Cheung                                                                                                                                                                                                                            ",LEC
1137,ENSC    ,895,BURNABY   ,9,8,Marinko Sarunic                                                                                                                                                                                                                                           ,TUT
1147,ENSC    ,895,BURNABY   ,5,3,Marinko Sarunic                                                                                                                                                                                                                                           ,LAB
1094,CMNS    ,458,BURNABY   ,10,3,Richard Smith                                                                                                                                                                                                                                             ,SEC
1091,CMNS    ,230,BURNABY   ,108,115,Vladan Pantic                                                                                                                                                                                                                                             ,LEC
1087,CMNS    ,240,BURNABY   ,90,88,Dal Jin                                                                                                                                                                                                                                                   ,LEC
1177,CMPT    ,882,BURNABY   ,25,10,Anoop Sarkar                                                                                                                                                                                                                                              ,LEC
1131,MATH    ,819,BURNABY   ,5,3,Michael Monagan                                                                                                                                                                                                                                           ,LEC
1081,MATH    ,842,BURNABY   ,19,10,Imin Chen                                                                                                                                                                                                                                                 ,LEC
1181,MATH    ,842,BURNABY   ,25,3,Nathan Ilten                                                                                                                                                                                                                                              ,LEC
1177,CHIN    ,290,BURNABY   ,25,26,Cynthia Xie                                                                                                                                                                                                                                               ,TUT
1147,ENSC    ,328,BURNABY   ,5,1,Jie Liang                                                                                                                                                                                                                                                 ,TUT
1124,MATH    ,879,BURNABY   ,6,3,Tom Archibald                                                                                                                                                                                                                                             ,SEC
1124,ENSC    ,461,SURREY    ,16,20,Martin Ordonez                                                                                                                                                                                                                                            ,LEC
1124,ENSC    ,896,BURNABY   ,10,0,. Faculty                                                                                                                                                                                                                                                 ,SEC
1087,MATH    ,718,BURNABY   ,10,2,Rustum Choksi                                                                                                                                                                                                                                             ,LEC
1167,CMPT    ,128,BURNABY   ,8,0,Janice Regan                                                                                                                                                                                                                                              ,LAB
1091,CMNS    ,496,OFF       ,25,0,Marcia Shimizu                                                                                                                                                                                                                                            ,PRA
1091,CMNS    ,494,BURNABY   ,25,13,Marcia Shimizu                                                                                                                                                                                                                                            ,PRA
1151,CMPT    ,150,SURREY    ,24,24,Harinder Khangura                                                                                                                                                                                                                                         ,LAB
1137,CMPT    ,275,BURNABY   ,80,78,Herbert Tsang                                                                                                                                                                                                                                             ,LEC
1167,CMPT    ,165,SURREY    ,20,19,Harinder Khangura                                                                                                                                                                                                                                         ,LAB
1147,ENSC    ,895,BURNABY   ,5,3,Marinko Sarunic                                                                                                                                                                                                                                           ,LEC
1181,ENSC    ,895,SUR       ,6,5,Ryan D'Arcy                                                                                                                                                                                                                                               ,LEC
1107,CMPT    ,407,BURNABY   ,25,19,Valentine Kabanets                                                                                                                                                                                                                                        ,LEC
1134,CMPT    ,405,BURNABY   ,35,30,Petra Berenbrink                                                                                                                                                                                                                                          ,LEC
1144,CMPT    ,125,BURNABY   ,26,26,Ruiwen Chen                                                                                                                                                                                                                                               ,LAB
1141,CMPT    ,125,BURNABY   ,32,33,Bradley Bart                                                                                                                                                                                                                                              ,LAB
1111,ENSC    ,462,SURREY    ,40,27,Gary Wang                                                                                                                                                                                                                                                 ,LEC
1097,CMPT    ,126,BURNABY   ,26,12,Michael Evans                                                                                                                                                                                                                                             ,LAB
1151,CMPT    ,126,BURNABY   ,20,15,Diana Cukierman                                                                                                                                                                                                                                           ,LAB
1154,CMPT    ,126,BURNABY   ,26,19,. Faculty                                                                                                                                                                                                                                                 ,LAB
1081,IAT     ,313,SURREY    ,60,53,Michael Filimowicz                                                                                                                                                                                                                                        ,LEC
1181,MATH    ,448,SURREY    ,25,9,Abraham Punnen                                                                                                                                                                                                                                            ,LEC
1107,MATH    ,716,BURNABY   ,10,3,Manfred Trummer                                                                                                                                                                                                                                           ,LEC
1181,CMPT    ,479,BURNABY   ,10,3,Keval Vora                                                                                                                                                                                                                                                ,LEC
1171,ENSC    ,461,SUR       ,20,12,Ryan D'Arcy                                                                                                                                                                                                                                               ,LEC
1181,ENSC    ,461,SUR       ,39,36,Ryan D'Arcy                                                                                                                                                                                                                                               ,LEC
1151,CMPT    ,150,BURNABY   ,26,26,Bobby Chan                                                                                                                                                                                                                                                ,LAB
1151,CMPT    ,150,SURREY    ,22,21,Harinder Khangura                                                                                                                                                                                                                                         ,LAB
1111,CMPT    ,150,SURREY    ,23,18,Harinder Khangura                                                                                                                                                                                                                                         ,LAB
1111,CMPT    ,150,SURREY    ,72,67,Harinder Khangura                                                                                                                                                                                                                                         ,LEC
1167,CMPT    ,884,BURNABY   ,55,30,Jiannan Wang                                                                                                                                                                                                                                              ,LEC
1174,CMPT    ,165,BURNABY   ,75,68,Toby Donaldson                                                                                                                                                                                                                                            ,SEC
1151,CMPT    ,150,BURNABY   ,26,26,Bobby Chan                                                                                                                                                                                                                                                ,LAB
1127,CMPT    ,150,BURNABY   ,122,103,Bradley Bart                                                                                                                                                                                                                                              ,LEC
1091,CMNS    ,801,BURNABY   ,25,12,Janet Marontate                                                                                                                                                                                                                                           ,SEM
1094,CMNS    ,495,OFF       ,25,1,Marcia Shimizu                                                                                                                                                                                                                                            ,PRA
1087,CMNS    ,304W      ,BURNABY   ,96,61,Terry Neiman                                                                                                                                                                                                                                              ,LEC
1171,MATH    ,740,BURNABY   ,10,1,Nils Bruin                                                                                                                                                                                                                                                ,LEC
1081,IAT     ,871,SURREY    ,1,1,Stephen Dipaola                                                                                                                                                                                                                                           ,SEM
1091,IAT     ,871,SURREY    ,1,1,Dragan Gasevic                                                                                                                                                                                                                                            ,SEM
1087,IAT     ,899,SURREY    ,30,28,. Faculty                                                                                                                                                                                                                                                 ,SEC
1164,CMPT    ,428,OFF       ,15,4,Harriet Chicoine                                                                                                                                                                                                                                          ,SEC
1174,CMPT    ,428,METRO     ,5,5,Harriet Chicoine                                                                                                                                                                                                                                          ,SEC
1131,CMPT    ,428,OFF       ,15,3,Harriet Chicoine                                                                                                                                                                                                                                          ,SEC
1171,ENSC    ,895,BURNABY   ,10,3,Peter Hallschmid                                                                                                                                                                                                                                          ,LEC
1147,CMPT    ,405,BURNABY   ,40,34,Ramesh Krishnamurti                                                                                                                                                                                                                                       ,LEC
1091,CMPT    ,383,SURREY    ,20,14,Robert Cameron                                                                                                                                                                                                                                            ,LEC
1091,CMPT    ,371,BURNABY   ,55,55,Ayse Ergun                                                                                                                                                                                                                                                ,LEC
1091,IAT     ,208,SURREY    ,27,29,Kenneth Zupan                                                                                                                                                                                                                                             ,STL
1151,CMPT    ,426,METRO     ,35,35,Harriet Chicoine                                                                                                                                                                                                                                          ,SEC
1167,CMPT    ,426,METRO     ,65,58,Harriet Chicoine                                                                                                                                                                                                                                          ,SEC
1167,CMPT    ,470,BURNABY   ,75,79,Gregory Baker                                                                                                                                                                                                                                             ,LEC
1091,CMPT    ,454,BURNABY   ,60,56,Martin Ester                                                                                                                                                                                                                                              ,LEC
1151,MATH    ,495,BURNABY   ,30,10,David Muraki                                                                                                                                                                                                                                              ,LEC
1091,CMPT    ,884,BURNABY   ,18,13,Martin Ester                                                                                                                                                                                                                                              ,LEC
1167,MATH    ,718,BURNABY   ,10,0,Razvan Fetecau                                                                                                                                                                                                                                            ,LEC
1167,CMPT    ,882,BURNABY   ,45,15,Anoop Sarkar                                                                                                                                                                                                                                              ,LEC
1081,CMPT    ,126,BURNABY   ,30,28,David Mitchell                                                                                                                                                                                                                                            ,LEC
1131,CMPT    ,125,BURNABY   ,130,125,Muntaseer Salahuddin                                                                                                                                                                                                                                      ,LEC
1167,CMPT    ,128,BURNABY   ,26,20,Janice Regan                                                                                                                                                                                                                                              ,LAB
1087,CMNS    ,358,BURNABY   ,12,12,Barry Truax                                                                                                                                                                                                                                               ,LEC
1084,CMNS    ,855,BURNABY   ,10,2,Peter Chow-White                                                                                                                                                                                                                                          ,SEM
1087,CMNS    ,448,BURNABY   ,10,0,. Faculty                                                                                                                                                                                                                                                 ,SEC
1081,CMNS    ,851,BURNABY   ,20,0,. Faculty                                                                                                                                                                                                                                                 ,SEC
1107,CMPT    ,428,SURREY    ,2,1,"Frances McLafferty, Navinder Chima                                                                                                                                                                                                                        ",SEC
1131,CMPT    ,428,METRO     ,30,1,Harriet Chicoine                                                                                                                                                                                                                                          ,SEC
1134,CMPT    ,414,BURNABY   ,50,42,Ze-Nian Li                                                                                                                                                                                                                                                ,LEC
1167,CMPT    ,413,BURNABY   ,43,39,Anoop Sarkar                                                                                                                                                                                                                                              ,LEC
1114,CMPT    ,894,BURNABY   ,0,13,. Faculty                                                                                                                                                                                                                                                 ,SEC
1151,CMPT    ,894,BURNABY   ,0,2,. Faculty                                                                                                                                                                                                                                                 ,SEC
1177,CMPT    ,894,BURNABY   ,1,1,Uwe Glaesser                                                                                                                                                                                                                                              ,SEC
1171,CMPT    ,894,BURNABY   ,0,1,Jian Pei                                                                                                                                                                                                                                                  ,SEC
1121,MATH    ,800,SURREY    ,24,8,Zhaosong Lu                                                                                                                                                                                                                                               ,LEC
1131,ENSC    ,462,SURREY    ,20,16,Gary Wang                                                                                                                                                                                                                                                 ,LAB
1091,CMPT    ,414,BURNABY   ,25,24,Ze-Nian Li                                                                                                                                                                                                                                                ,LEC
1177,CMPT    ,413,BURNABY   ,62,59,Anoop Sarkar                                                                                                                                                                                                                                              ,LEC
1087,CMPT    ,361,BURNABY   ,48,46,Torsten Moller                                                                                                                                                                                                                                            ,LEC
1097,CMPT    ,361,BURNABY   ,55,54,Torsten Moller                                                                                                                                                                                                                                            ,LEC
1091,IAT     ,208,SURREY    ,81,82,Kenneth Zupan                                                                                                                                                                                                                                             ,LEC
1117,CMPT    ,428,OFF       ,3,2,Cristina Eftenaru                                                                                                                                                                                                                                         ,SEC
1094,CMPT    ,428,BURNABY   ,30,9,Harriet Chicoine                                                                                                                                                                                                                                          ,SEC
1114,CMPT    ,426,BURNABY   ,30,30,Harriet Chicoine                                                                                                                                                                                                                                          ,SEC
1114,CMPT    ,426,OFF       ,10,5,Frances McLafferty                                                                                                                                                                                                                                        ,SEC
1114,CMPT    ,426,SURREY    ,5,3,Frances McLafferty                                                                                                                                                                                                                                        ,SEC
1177,CMPT    ,426,OFF       ,15,0,Harriet Chicoine                                                                                                                                                                                                                                          ,SEC
1094,ENSC    ,460,BURNABY   ,25,14,Parvaneh Saeedi                                                                                                                                                                                                                                           ,LEC
1081,ENSC    ,896,BURNABY   ,50,3,. Faculty                                                                                                                                                                                                                                                 ,SEC
1181,ENSC    ,895,BURNABY   ,8,8,Bernhard Rabus                                                                                                                                                                                                                                            ,LEC
1081,CMNS    ,448,BURNABY   ,10,2,. Faculty                                                                                                                                                                                                                                                 ,SEC
1087,CMNS    ,496,OFF       ,25,0,Marcia Shimizu                                                                                                                                                                                                                                            ,PRA
1131,CMPT    ,150,BURNABY   ,26,24,Anthony Dixon                                                                                                                                                                                                                                             ,LAB
1147,CMPT    ,150,BURNABY   ,26,26,Bobby Chan                                                                                                                                                                                                                                                ,LAB
1104,CMPT    ,320,KIT       ,20,15,Christopher Bastone                                                                                                                                                                                                                                       ,LEC
1087,CMPT    ,310,BURNABY   ,70,66,Gregory Mori                                                                                                                                                                                                                                              ,LEC
1097,CMPT    ,310,BURNABY   ,55,51,James Delgrande                                                                                                                                                                                                                                           ,LEC
1091,CMNS    ,851,BURNABY   ,20,0,. Faculty                                                                                                                                                                                                                                                 ,SEC
1097,CMPT    ,383,BURNABY   ,35,31,Yaroslav Litus                                                                                                                                                                                                                                            ,LEC
1101,CMPT    ,370,SURREY    ,48,46,". Sessional, Danny Ridinger                                                                                                                                                                                                                               ",LEC
1151,CMPT    ,365,BURNABY   ,75,75,Jiangchuan Liu                                                                                                                                                                                                                                            ,LEC
1101,CMPT    ,365,SURREY    ,48,24,". Sessional, Jiawei Huang                                                                                                                                                                                                                                 ",LEC
1137,CMPT    ,428,METRO     ,30,21,Harriet Chicoine                                                                                                                                                                                                                                          ,SEC
1161,CMPT    ,361,BURNABY   ,85,73,Thomas Shermer                                                                                                                                                                                                                                            ,LEC
1171,CMPT    ,361,BURNABY   ,85,77,Thomas Shermer                                                                                                                                                                                                                                            ,LEC
1127,CMPT    ,428,METRO     ,5,2,"Harriet Chicoine, John McDonald                                                                                                                                                                                                                           ",SEC
1111,CMPT    ,428,OFF       ,5,3,"Frances McLafferty, Navinder Chima                                                                                                                                                                                                                        ",SEC
1174,CMPT    ,428,OFF       ,1,0,Harriet Chicoine                                                                                                                                                                                                                                          ,SEC
1094,CMNS    ,346,HRBRCNTR  ,72,67,Michael Markwick                                                                                                                                                                                                                                          ,LEC
1084,CMNS    ,428,HRBRCNTR  ,50,65,Roman Onufrijchuk                                                                                                                                                                                                                                         ,SEC
1091,CMNS    ,489,BURNABY   ,5,0,. Faculty                                                                                                                                                                                                                                                 ,SEC
1094,CMNS    ,481,OFF       ,10,0,. Faculty                                                                                                                                                                                                                                                 ,SEC
1121,CMPT    ,150,HRBRCNTR  ,25,5,Diana Cukierman                                                                                                                                                                                                                                           ,LAB
1171,CMPT    ,165,BURNABY   ,200,154,Christopher Schmidt                                                                                                                                                                                                                                       ,LEC
1181,CMPT    ,165,BURNABY   ,200,131,". Faculty, Liaqat Ali                                                                                                                                                                                                                                     ",LEC
1121,CMPT    ,150,BURNABY   ,156,152,Anthony Dixon                                                                                                                                                                                                                                             ,LEC
1107,CMPT    ,150,BURNABY   ,25,16,Bradley Bart                                                                                                                                                                                                                                              ,LAB
1134,CMPT    ,150,BURNABY   ,26,23,Bobby Chan                                                                                                                                                                                                                                                ,LAB
1121,CMPT    ,823,OFF       ,1,1,James Delgrande                                                                                                                                                                                                                                           ,LEC
1084,CMPT    ,481,BURNABY   ,20,5,Yaroslav Litus                                                                                                                                                                                                                                            ,LEC
1161,CMPT    ,454,BURNABY   ,85,83,Ke Wang                                                                                                                                                                                                                                                   ,LEC
1171,CMPT    ,454,SURREY    ,85,52,John Edgar                                                                                                                                                                                                                                                ,LEC
1177,ENSC    ,895,BURNABY   ,10,9,"Marinko Sarunic, Teresa Cheung                                                                                                                                                                                                                            ",LAB
1157,ENSC    ,895,BURNABY   ,8,5,"Marinko Sarunic, Teresa Cheung                                                                                                                                                                                                                            ",LEC
1171,ENSC    ,895,SUR       ,12,9,Ryan D'Arcy                                                                                                                                                                                                                                               ,LEC
1181,ENSC    ,895,BURNABY   ,10,3,Peter Hallschmid                                                                                                                                                                                                                                          ,LEC
1081,CMNS    ,489,BURNABY   ,10,3,. Faculty                                                                                                                                                                                                                                                 ,SEC
1087,CMNS    ,496,BURNABY   ,25,3,Marcia Shimizu                                                                                                                                                                                                                                            ,PRA
1167,CMPT    ,405,BURNABY   ,30,19,Leonid Chindelevitch                                                                                                                                                                                                                                      ,LEC
1087,ENSC    ,100,BURNABY   ,70,55,John Jones                                                                                                                                                                                                                                                ,LEC
1147,ENSC    ,194,BURNABY   ,10,1,Harriet Chicoine                                                                                                                                                                                                                                          ,SEC
1114,CMPT    ,454,BURNABY   ,30,24,Wo-Shun Luk                                                                                                                                                                                                                                               ,LEC
1161,CMPT    ,475,BURNABY   ,75,67,Danny Ridinger                                                                                                                                                                                                                                            ,LEC
1084,ENSC    ,320,BURNABY   ,70,28,Rodney Vaughan                                                                                                                                                                                                                                            ,LEC
1171,CMPT    ,894,BURNABY   ,1,1,Leonid Chindelevitch                                                                                                                                                                                                                                      ,SEC
1177,CMPT    ,426,OFF       ,25,3,Harriet Chicoine                                                                                                                                                                                                                                          ,SEC
1141,CMPT    ,426,OFF       ,5,0,Harriet Chicoine                                                                                                                                                                                                                                          ,SEC
1151,CMPT    ,426,OFF       ,5,0,Harriet Chicoine                                                                                                                                                                                                                                          ,SEC
1141,CMPT    ,413,BURNABY   ,54,51,Anoop Sarkar                                                                                                                                                                                                                                              ,LEC
1181,CMPT    ,426,METRO     ,65,62,Harriet Chicoine                                                                                                                                                                                                                                          ,SEC
1171,CMPT    ,426,METRO     ,20,5,Harriet Chicoine                                                                                                                                                                                                                                          ,SEC
1157,CMPT    ,426,OFF       ,15,4,Harriet Chicoine                                                                                                                                                                                                                                          ,SEC
1134,CMPT    ,426,OFF       ,5,0,Harriet Chicoine                                                                                                                                                                                                                                          ,SEC
1147,CMPT    ,413,BURNABY   ,45,43,Anoop Sarkar                                                                                                                                                                                                                                              ,LEC
1181,CMPT    ,411,BURNABY   ,60,44,James Delgrande                                                                                                                                                                                                                                           ,LEC
1167,CMPT    ,825,BURNABY   ,35,30,Anoop Sarkar                                                                                                                                                                                                                                              ,LEC
1134,ENSC    ,204,BURNABY   ,142,134,Michael Sjoerdsma                                                                                                                                                                                                                                         ,LEC
1094,CMNS    ,482,HRBRCNTR  ,10,1,. Faculty                                                                                                                                                                                                                                                 ,SEC
1137,ENSC    ,102,BURNABY   ,15,18,Michael Sjoerdsma                                                                                                                                                                                                                                         ,LEC
1121,CMPT    ,150,BURNABY   ,26,25,Anthony Dixon                                                                                                                                                                                                                                             ,LAB
1141,CMPT    ,405,BURNABY   ,45,37,Valentine Kabanets                                                                                                                                                                                                                                        ,LEC
1094,CMNS    ,458,OFF       ,10,0,. Faculty                                                                                                                                                                                                                                                 ,SEC
1151,CMPT    ,454,BURNABY   ,85,84,Ke Wang                                                                                                                                                                                                                                                   ,LEC
1171,CMPT    ,894,BURNABY   ,1,1,Jiangchuan Liu                                                                                                                                                                                                                                            ,SEC
1171,CMPT    ,894,BURNABY   ,1,1,Ke Wang                                                                                                                                                                                                                                                   ,SEC
1144,ENSC    ,220,BURNABY   ,99,89,Balbir Gill                                                                                                                                                                                                                                               ,LEC
1094,CMNS    ,495,BURNABY   ,25,3,Marcia Shimizu                                                                                                                                                                                                                                            ,PRA
1101,ENSC    ,402,SURREY    ,5,0,Siamak Arzanpour                                                                                                                                                                                                                                          ,SEC
1174,ENSC    ,428,BURNABY   ,55,34,Paul Ho                                                                                                                                                                                                                                                   ,RQL
1111,ENSC    ,892,BURNABY   ,5,3,. Faculty                                                                                                                                                                                                                                                 ,SEC
1131,CMPT    ,150,SURREY    ,45,40,Louis Hafer                                                                                                                                                                                                                                               ,LEC
1174,ENSC    ,296,OFF       ,10,0,Harriet Chicoine                                                                                                                                                                                                                                          ,SEC
1181,ENSC    ,835,BURNABY   ,25,7,Ljiljana Trajkovic                                                                                                                                                                                                                                        ,LEC
1141,CMPT    ,150,HRBRCNTR  ,35,31,Bobby Chan                                                                                                                                                                                                                                                ,LEC
1141,CMPT    ,150,SURREY    ,26,26,Harinder Khangura                                                                                                                                                                                                                                         ,LAB
1174,CMPT    ,428,OFF       ,5,0,Harriet Chicoine                                                                                                                                                                                                                                          ,SEC
1081,CMPT    ,371,SURREY    ,24,13,". Faculty, Edward Lo                                                                                                                                                                                                                                      ",LEC
1151,CMPT    ,361,BURNABY   ,70,68,Ping Tan                                                                                                                                                                                                                                                  ,LEC
1127,CMPT    ,361,BURNABY   ,68,60,". Faculty, Mushfiqur Rouf                                                                                                                                                                                                                                 ",LEC
1111,CMPT    ,361,HRBRCNTR  ,25,25,Herbert Tsang                                                                                                                                                                                                                                             ,LEC
1174,CMPT    ,407,BURNABY   ,50,39,Valentine Kabanets                                                                                                                                                                                                                                        ,LEC
1171,CMPT    ,405,BURNABY   ,75,59,Andrei Bulatov                                                                                                                                                                                                                                            ,LEC
1081,CMPT    ,383,BURNABY   ,40,18,Frank Burton                                                                                                                                                                                                                                              ,LEC
1081,CMPT    ,365,BURNABY   ,25,16,Mark Drew                                                                                                                                                                                                                                                 ,LEC
1167,CMPT    ,894,BURNABY   ,5,0,Wo-Shun Luk                                                                                                                                                                                                                                               ,SEC
1167,CMPT    ,894,BURNABY   ,1,1,Ke Wang                                                                                                                                                                                                                                                   ,SEC
1177,CMPT    ,894,BURNABY   ,1,1,Jiangchuan Liu                                                                                                                                                                                                                                            ,SEC
1107,CMPT    ,898,BURNABY   ,90,77,. Faculty                                                                                                                                                                                                                                                 ,SEC
1174,CMPT    ,898,OFF       ,10,0,. Faculty                                                                                                                                                                                                                                                 ,SEC
1087,CMNS    ,856,BURNABY   ,5,0,"David Murphy, Janet Marontate                                                                                                                                                                                                                             ",SEM
1177,ENSC    ,380,BURNABY   ,180,169,Paul Ho                                                                                                                                                                                                                                                   ,TUT
1097,ENSC    ,450,BURNABY   ,50,25,Richard Hobson                                                                                                                                                                                                                                            ,LEC
1151,ENSC    ,450,BURNABY   ,45,41,Fabio Campi                                                                                                                                                                                                                                               ,LEC
1081,ENSC    ,495,BURNABY   ,17,17,Albert Leung                                                                                                                                                                                                                                              ,LEC
1174,ENSC    ,483,BURNABY   ,80,59,Mehran Shirazi                                                                                                                                                                                                                                            ,TUT
1107,ENSC    ,489,BURNABY   ,78,76,Shahram Payandeh                                                                                                                                                                                                                                          ,LEC
1101,ENSC    ,801,BURNABY   ,30,11,Carlo Menon                                                                                                                                                                                                                                               ,LEC
1094,CMNS    ,498,OFF       ,5,0,. Faculty                                                                                                                                                                                                                                                 ,SEC
1127,CMPT    ,275,BURNABY   ,75,75,Herbert Tsang                                                                                                                                                                                                                                             ,LEC
1127,CMPT    ,150,BURNABY   ,26,21,Bradley Bart                                                                                                                                                                                                                                              ,LAB
1081,ENSC    ,899,BURNABY   ,50,35,. Faculty                                                                                                                                                                                                                                                 ,SEC
1087,CMNS    ,892,BURNABY   ,5,0,Marcia Shimizu                                                                                                                                                                                                                                            ,SEC
1177,CMPT    ,165,BURNABY   ,200,58,Ramesh Krishnamurti                                                                                                                                                                                                                                       ,LEC
1164,CMPT    ,165,BURNABY   ,75,69,Gregory Baker                                                                                                                                                                                                                                             ,SEC
1174,CMPT    ,165,BURNABY   ,75,68,Toby Donaldson                                                                                                                                                                                                                                            ,SEC
1177,CMPT    ,165,SURREY    ,24,7,Toby Donaldson                                                                                                                                                                                                                                            ,LAB
1111,CMPT    ,150,BURNABY   ,26,24,Anthony Dixon                                                                                                                                                                                                                                             ,LAB
1164,CMPT    ,428,OFF       ,15,2,Harriet Chicoine                                                                                                                                                                                                                                          ,SEC
1091,CMPT    ,340,BURNABY   ,20,10,Ghassan Hamarneh                                                                                                                                                                                                                                          ,LEC
1117,CMPT    ,428,BURNABY   ,12,10,Cristina Eftenaru                                                                                                                                                                                                                                         ,SEC
1094,CMPT    ,466,BURNABY   ,30,22,Hao Zhang                                                                                                                                                                                                                                                 ,LEC
1084,CMNS    ,458,BURNABY   ,10,0,. Faculty                                                                                                                                                                                                                                                 ,SEC
1151,CMPT    ,426,OFF       ,5,0,Harriet Chicoine                                                                                                                                                                                                                                          ,SEC
1147,CMPT    ,825,BURNABY   ,30,26,Anoop Sarkar                                                                                                                                                                                                                                              ,LEC
1084,CMNS    ,362,HRBRCNTR  ,0,0,. TBD                                                                                                                                                                                                                                                     ,LEC
1091,CMNS    ,497,OFF       ,5,0,. Faculty                                                                                                                                                                                                                                                 ,SEC
1091,CMNS    ,496,BURNABY   ,25,6,Marcia Shimizu                                                                                                                                                                                                                                            ,PRA
1154,CMPT    ,150,BURNABY   ,24,24,Anthony Dixon                                                                                                                                                                                                                                             ,LAB
1141,CMPT    ,150,BURNABY   ,26,23,Bradley Bart                                                                                                                                                                                                                                              ,LAB
1144,CMPT    ,150,BURNABY   ,104,103,Geoffrey Tien                                                                                                                                                                                                                                             ,LEC
1177,CMPT    ,102,BURNABY   ,50,41,Brian Funt                                                                                                                                                                                                                                                ,LEC
1154,CMPT    ,150,BURNABY   ,122,118,Anthony Dixon                                                                                                                                                                                                                                             ,LEC
1154,CMPT    ,150,BURNABY   ,26,24,Anthony Dixon                                                                                                                                                                                                                                             ,LAB
1174,CMPT    ,428,OFF       ,5,1,Harriet Chicoine                                                                                                                                                                                                                                          ,SEC
1117,CMPT    ,428,SURREY    ,2,1,Frances McLafferty                                                                                                                                                                                                                                        ,SEC
1081,CMPT    ,310,BURNABY   ,50,14,Robert Hadley                                                                                                                                                                                                                                             ,LEC
1121,CMPT    ,370,BURNABY   ,50,43,Danny Ridinger                                                                                                                                                                                                                                            ,LEC
1177,CMPT    ,406,BURNABY   ,25,7,Binay Bhattacharya                                                                                                                                                                                                                                        ,LEC
1094,IART    ,898,SURREY    ,2,0,. TBD                                                                                                                                                                                                                                                     ,SEC
1084,KIN     ,105,BURNABY   ,110,101,Ryan Dill                                                                                                                                                                                                                                                 ,SEC
1091,CMPT    ,310,SURREY    ,24,20,Toby Donaldson                                                                                                                                                                                                                                            ,LEC
1164,CMPT    ,898,OFF       ,5,0,. Faculty                                                                                                                                                                                                                                                 ,SEC
1114,CMPT    ,814,BURNABY   ,25,9,Pavol Hell                                                                                                                                                                                                                                                ,LEC
1131,MATH    ,155,BURNABY   ,504,481,Alan Meichsner                                                                                                                                                                                                                                            ,LEC
1164,MATH    ,155,BURNABY   ,229,178,Jeremy Chiu                                                                                                                                                                                                                                               ,LEC
1081,ENSC    ,351,BURNABY   ,60,44,William Scratchley                                                                                                                                                                                                                                        ,LEC
1121,ENSC    ,351,BURNABY   ,22,11,William Scratchley                                                                                                                                                                                                                                        ,TUT
1144,ENSC    ,250,BURNABY   ,127,110,Lakshman One                                                                                                                                                                                                                                              ,OPL
1144,ENSC    ,220,BURNABY   ,33,25,Balbir Gill                                                                                                                                                                                                                                               ,LAB
1137,ENSC    ,220,BURNABY   ,33,0,Meenakshinathan Parameswaran                                                                                                                                                                                                                              ,LAB
1141,CMPT    ,426,METRO     ,35,36,Harriet Chicoine                                                                                                                                                                                                                                          ,SEC
1117,CMPT    ,823,BURNABY   ,15,8,James Delgrande                                                                                                                                                                                                                                           ,LEC
1124,CMPT    ,454,BURNABY   ,60,56,Wo-Shun Luk                                                                                                                                                                                                                                               ,LEC
1094,CMNS    ,482,OFF       ,10,2,. Faculty                                                                                                                                                                                                                                                 ,SEC
1094,CMPT    ,371,HRBRCNTR  ,60,43,Edward Lo                                                                                                                                                                                                                                                 ,LEC
1161,CMPT    ,365,BURNABY   ,75,58,Ze-Nian Li                                                                                                                                                                                                                                                ,LEC
1164,CMPT    ,428,METRO     ,30,27,Harriet Chicoine                                                                                                                                                                                                                                          ,SEC
1107,CMPT    ,428,BURNABY   ,12,12,Harriet Chicoine                                                                                                                                                                                                                                          ,SEC
1081,CMPT    ,405,BURNABY   ,20,5,Binay Bhattacharya                                                                                                                                                                                                                                        ,LEC
1097,CMPT    ,894,BURNABY   ,40,4,"Ke Wang, Martin Ester, Suleyman Sahinalp                                                                                                                                                                                                                  ",SEC
1114,CMPT    ,150,BURNABY   ,26,21,Louis Hafer                                                                                                                                                                                                                                               ,LAB
1107,CMPT    ,428,OFF       ,2,1,"Frances McLafferty, Navinder Chima                                                                                                                                                                                                                        ",SEC
1177,CMPT    ,426,METRO     ,65,61,Harriet Chicoine                                                                                                                                                                                                                                          ,SEC
1151,CMPT    ,426,SURREY    ,10,8,Harriet Chicoine                                                                                                                                                                                                                                          ,SEC
1167,CMPT    ,426,METRO     ,15,9,Harriet Chicoine                                                                                                                                                                                                                                          ,SEC
1177,CMPT    ,426,METRO     ,15,8,Harriet Chicoine                                                                                                                                                                                                                                          ,SEC
1141,CMPT    ,426,OFF       ,10,8,Harriet Chicoine                                                                                                                                                                                                                                          ,SEC
1167,CMPT    ,411,BURNABY   ,45,37,James Delgrande                                                                                                                                                                                                                                           ,LEC
1094,KIN     ,142,BURNABY   ,54,52,Michael Walsh                                                                                                                                                                                                                                             ,LEC
1081,CMPT    ,454,BURNABY   ,40,30,Jian Pei                                                                                                                                                                                                                                                  ,LEC
1084,KIN     ,301,BURNABY   ,12,13,James Wakeling                                                                                                                                                                                                                                            ,LAB
1091,KIN     ,446,BURNABY   ,25,25,Charles Krieger                                                                                                                                                                                                                                           ,LEC
1094,KIN     ,496,BURNABY   ,5,5,Laurie Klak                                                                                                                                                                                                                                               ,SEC
1147,ENSC    ,102,BURNABY   ,10,2,Michael Sjoerdsma                                                                                                                                                                                                                                         ,SEC
1137,ENSC    ,195,OFF       ,25,20,Harriet Chicoine                                                                                                                                                                                                                                          ,SEC
1144,ENSC    ,195,OFF       ,20,11,Harriet Chicoine                                                                                                                                                                                                                                          ,SEC
1151,ENSC    ,194,BURNABY   ,10,0,Harriet Chicoine                                                                                                                                                                                                                                          ,SEC
1124,ENSC    ,364,SURREY    ,100,66,Martin Ordonez                                                                                                                                                                                                                                            ,LEC
1161,ENSC    ,350,BURNABY   ,90,71,Fabio Campi                                                                                                                                                                                                                                               ,TUT
1161,ENSC    ,450,BURNABY   ,90,65,Fabio Campi                                                                                                                                                                                                                                               ,LEC
1091,ENSC    ,150,BURNABY   ,200,156,Atousa Hajshirmohammadi                                                                                                                                                                                                                                   ,LEC
1117,ENSC    ,101,BURNABY   ,78,50,Michael Sjoerdsma                                                                                                                                                                                                                                         ,LEC
1137,ENSC    ,296,BURNABY   ,25,4,Harriet Chicoine                                                                                                                                                                                                                                          ,SEC
1144,ENSC    ,296,BURNABY   ,30,5,Harriet Chicoine                                                                                                                                                                                                                                          ,SEC
1097,ENSC    ,899,BURNABY   ,75,54,. Faculty                                                                                                                                                                                                                                                 ,SEC
1117,MACM    ,101,BURNABY   ,24,24,Andrei Bulatov                                                                                                                                                                                                                                            ,TUT
1161,MACM    ,101,BURNABY   ,25,13,Bradley Bart                                                                                                                                                                                                                                              ,TUT
1161,MACM    ,101,BURNABY   ,25,25,Bradley Bart                                                                                                                                                                                                                                              ,TUT
1157,MACM    ,101,SURREY    ,25,23,Bradley Bart                                                                                                                                                                                                                                              ,TUT
1161,MACM    ,101,SURREY    ,24,23,Steven Pearce                                                                                                                                                                                                                                             ,TUT
1117,CMPT    ,898,BURNABY   ,100,77,. Faculty                                                                                                                                                                                                                                                 ,SEC
1121,CMPT    ,898,BURNABY   ,130,75,. Faculty                                                                                                                                                                                                                                                 ,SEC
1157,MACM    ,101,BURNABY   ,25,24,Andrei Bulatov                                                                                                                                                                                                                                            ,TUT
1121,MATH    ,443,BURNABY   ,25,7,Cedric Chauve                                                                                                                                                                                                                                             ,LEC
1117,MATH    ,232,BURNABY   ,300,277,JF Williams                                                                                                                                                                                                                                               ,LEC
1111,MATH    ,437,OFF       ,20,0,Faye Stefan                                                                                                                                                                                                                                               ,SEC
1181,MATH    ,436,OFF       ,20,0,Stuart Billings                                                                                                                                                                                                                                           ,SEC
1157,MATH    ,436,BURNABY   ,20,1,Stuart Billings                                                                                                                                                                                                                                           ,SEC
1127,ENSC    ,101,BURNABY   ,65,37,Stephen Whitmore                                                                                                                                                                                                                                          ,LEC
1147,MATH    ,436,OFF       ,20,0,Stuart Billings                                                                                                                                                                                                                                           ,SEC
1087,KIN     ,212,BURNABY   ,50,47,. TBD                                                                                                                                                                                                                                                     ,SEC
1131,MATH    ,232,BURNABY   ,300,292,Paul Tupper                                                                                                                                                                                                                                               ,LEC
1174,MATH    ,232,SURREY    ,200,132,Randall Pyke                                                                                                                                                                                                                                              ,LEC
1081,MATH    ,154,BURNABY   ,250,176,Matthew DeVos                                                                                                                                                                                                                                             ,LEC
1087,MATH    ,157,SURREY    ,150,107,Abraham Punnen                                                                                                                                                                                                                                            ,LEC
1087,MATH    ,157,BURNABY   ,504,457,Petra Menz                                                                                                                                                                                                                                                ,LEC
1097,MATH    ,157,BURNABY   ,504,477,Petra Menz                                                                                                                                                                                                                                                ,LEC
1121,MATH    ,895,BURNABY   ,5,0,. Faculty                                                                                                                                                                                                                                                 ,SEC
1117,ENSC    ,802,BURNABY   ,35,16,Ivan Bajic                                                                                                                                                                                                                                                ,LEC
1121,ENSC    ,483,BURNABY   ,55,37,". TBD, John Jones, Mohammad Al Qaderi                                                                                                                                                                                                                     ",LEC
1161,ENSC    ,483,BURNABY   ,75,83,Mehran Shirazi                                                                                                                                                                                                                                            ,LEC
1111,ENSC    ,320,BURNABY   ,50,50,John Bird                                                                                                                                                                                                                                                 ,LEC
1111,ENSC    ,320,BURNABY   ,50,46,John Bird                                                                                                                                                                                                                                                 ,LEC
1154,ENSC    ,263,BURNABY   ,5,0,Fabio Campi                                                                                                                                                                                                                                               ,LAB
1151,ENSC    ,406,BURNABY   ,18,18,Michael Sjoerdsma                                                                                                                                                                                                                                         ,TUT
1151,ENSC    ,406,BURNABY   ,18,16,Michael Sjoerdsma                                                                                                                                                                                                                                         ,TUT
1144,MATH    ,437,BURNABY   ,20,1,Stuart Billings                                                                                                                                                                                                                                           ,SEC
1174,ENSC    ,428,BURNABY   ,55,34,Paul Ho                                                                                                                                                                                                                                                   ,LEC
1181,ENSC    ,428,BURNABY   ,50,9,Ivan Bajic                                                                                                                                                                                                                                                ,TUT
1154,MATH    ,437,BURNABY   ,20,0,Stuart Billings                                                                                                                                                                                                                                           ,SEC
1131,MACM    ,101,BURNABY   ,125,113,Bradley Bart                                                                                                                                                                                                                                              ,LEC
1131,MACM    ,101,SURREY    ,25,25,Kay Wiese                                                                                                                                                                                                                                                 ,TUT
1147,MACM    ,101,SURREY    ,24,23,Kay Wiese                                                                                                                                                                                                                                                 ,LAB
1167,ENSC    ,494,BURNABY   ,5,3,Shahram Payandeh                                                                                                                                                                                                                                          ,SEC
1147,MACM    ,101,HRBRCNTR  ,75,71,Jane Huang                                                                                                                                                                                                                                                ,LEC
1101,MATH    ,152,BURNABY   ,60,37,Harun Kurkcu                                                                                                                                                                                                                                              ,LEC
1137,MATH    ,100,BURNABY   ,326,253,Sophie Burrill                                                                                                                                                                                                                                            ,LEC
1127,MATH    ,100,SURREY    ,90,73,Cesar Hernandez-Cruz                                                                                                                                                                                                                                      ,LEC
1137,MATH    ,100,SURREY    ,102,75,Pooja Pandey                                                                                                                                                                                                                                              ,LEC
1084,MACM    ,101,SURREY    ,48,35,Toby Donaldson                                                                                                                                                                                                                                            ,LEC
1094,MACM    ,101,BURNABY   ,104,97,Steven Pearce                                                                                                                                                                                                                                             ,LEC
1161,ENSC    ,194,BURNABY   ,10,0,Harriet Chicoine                                                                                                                                                                                                                                          ,SEC
1171,ENSC    ,194,BURNABY   ,10,0,Harriet Chicoine                                                                                                                                                                                                                                          ,SEC
1181,ENSC    ,194,METRO     ,10,0,Harriet Chicoine                                                                                                                                                                                                                                          ,SEC
1161,MATH    ,436,OFF       ,20,0,Stuart Billings                                                                                                                                                                                                                                           ,SEC
1094,MATH    ,337,BURNABY   ,20,1,Faye Stefan                                                                                                                                                                                                                                               ,SEC
1127,ENSC    ,364,SURREY    ,75,64,Kevin Oldknow                                                                                                                                                                                                                                             ,TUT
1164,MATH    ,337,OFF       ,20,0,Stuart Billings                                                                                                                                                                                                                                           ,SEC
1124,ENSC    ,364,SURREY    ,33,28,Martin Ordonez                                                                                                                                                                                                                                            ,LAB
1141,ENSC    ,351,BURNABY   ,87,77,William Scratchley                                                                                                                                                                                                                                        ,LEC
1111,ENSC    ,351,BURNABY   ,15,14,William Scratchley                                                                                                                                                                                                                                        ,TUT
1161,ENSC    ,425,BURNABY   ,36,24,Lakshman One                                                                                                                                                                                                                                              ,RQL
1097,ENSC    ,488,BURNABY   ,50,48,Shahram Payandeh                                                                                                                                                                                                                                          ,LEC
1147,ENSC    ,488,BURNABY   ,0,0,Shahram Payandeh                                                                                                                                                                                                                                          ,RQL
1157,ENSC    ,488,BURNABY   ,50,48,Shahram Payandeh                                                                                                                                                                                                                                          ,RQL
1081,ENSC    ,835,BURNABY   ,20,6,Ljiljana Trajkovic                                                                                                                                                                                                                                        ,LEC
1097,ENSC    ,351,BURNABY   ,60,59,Lesley Shannon                                                                                                                                                                                                                                            ,LEC
1137,ENSC    ,351,BURNABY   ,22,19,William Scratchley                                                                                                                                                                                                                                        ,TUT
1174,ENSC    ,195,OFF       ,20,9,Harriet Chicoine                                                                                                                                                                                                                                          ,SEC
1174,ENSC    ,429,BURNABY   ,60,40,Daniel Lee                                                                                                                                                                                                                                                ,RQL
1164,ENSC    ,263,BURNABY   ,5,0,William Scratchley                                                                                                                                                                                                                                        ,LAB
1137,ENSC    ,396,BURNABY   ,25,0,Harriet Chicoine                                                                                                                                                                                                                                          ,SEC
1134,MACM    ,101,BURNABY   ,24,23,Steven Pearce                                                                                                                                                                                                                                             ,TUT
1097,ENSC    ,387,BURNABY   ,50,46,Patrick Leung                                                                                                                                                                                                                                             ,LEC
1087,ENSC    ,387,BURNABY   ,50,40,Patrick Leung                                                                                                                                                                                                                                             ,LEC
1171,MACM    ,101,BURNABY   ,25,25,Bobby Chan                                                                                                                                                                                                                                                ,TUT
1181,MACM    ,101,BURNABY   ,24,24,Steven Pearce                                                                                                                                                                                                                                             ,TUT
1171,ENSC    ,383,BURNABY   ,125,108,Parvaneh Saeedi                                                                                                                                                                                                                                           ,LEC
1134,MACM    ,101,BURNABY   ,24,22,Steven Pearce                                                                                                                                                                                                                                             ,TUT
1147,MACM    ,101,BURNABY   ,25,24,Andrei Bulatov                                                                                                                                                                                                                                            ,TUT
1171,MACM    ,101,BURNABY   ,25,24,Bobby Chan                                                                                                                                                                                                                                                ,TUT
1124,MACM    ,101,BURNABY   ,25,25,Steven Pearce                                                                                                                                                                                                                                             ,TUT
1161,MACM    ,101,BURNABY   ,25,24,Bradley Bart                                                                                                                                                                                                                                              ,TUT
1081,MATH    ,496,BURNABY   ,22,13,Razvan Fetecau                                                                                                                                                                                                                                            ,LEC
1127,ENSC    ,327,BURNABY   ,89,87,Jie Liang                                                                                                                                                                                                                                                 ,LEC
1154,ENSC    ,320,BURNABY   ,120,75,Parvaneh Saeedi                                                                                                                                                                                                                                           ,RQL
1174,ENSC    ,296,BURNABY   ,30,9,Harriet Chicoine                                                                                                                                                                                                                                          ,SEC
1167,ENSC    ,263,BURNABY   ,1,2,William Scratchley                                                                                                                                                                                                                                        ,TUT
1174,ENSC    ,263,BURNABY   ,2,2,William Scratchley                                                                                                                                                                                                                                        ,LAB
1121,MATH    ,895,BURNABY   ,6,0,. Faculty                                                                                                                                                                                                                                                 ,SEC
1157,ENSC    ,204,BURNABY   ,245,236,Michael Sjoerdsma                                                                                                                                                                                                                                         ,LEC
1147,ENSC    ,351,BURNABY   ,21,13,Fabio Campi                                                                                                                                                                                                                                               ,LAB
1144,MATH    ,497,SUR       ,25,10,JF Williams                                                                                                                                                                                                                                               ,SEC
1137,ENSC    ,351,BURNABY   ,22,18,William Scratchley                                                                                                                                                                                                                                        ,TUT
1154,ENSC    ,263,BURNABY   ,17,12,Fabio Campi                                                                                                                                                                                                                                               ,LEC
1101,ENSC    ,102,BURNABY   ,215,213,Michael Sjoerdsma                                                                                                                                                                                                                                         ,LEC
1124,ENSC    ,204,BURNABY   ,137,134,Maryam Maleki                                                                                                                                                                                                                                             ,LEC
1174,ENSC    ,195,BURNABY   ,35,33,Harriet Chicoine                                                                                                                                                                                                                                          ,SEC
1174,ENSC    ,396,BURNABY   ,10,6,Harriet Chicoine                                                                                                                                                                                                                                          ,SEC
1144,ENSC    ,383,BURNABY   ,100,101,Mirza Beg                                                                                                                                                                                                                                                 ,LEC
1107,ENSC    ,325,BURNABY   ,46,42,Marek Syrzycki                                                                                                                                                                                                                                            ,LEC
1151,ENSC    ,350,BURNABY   ,135,126,Fabio Campi                                                                                                                                                                                                                                               ,TUT
1174,ENSC    ,263,BURNABY   ,5,0,William Scratchley                                                                                                                                                                                                                                        ,LAB
1104,ENSC    ,250,BURNABY   ,95,94,Lakshman One                                                                                                                                                                                                                                              ,LEC
1161,ENSC    ,383,BURNABY   ,125,81,Atousa Hajshirmohammadi                                                                                                                                                                                                                                   ,RQL
1161,ENSC    ,450,BURNABY   ,45,24,Fabio Campi                                                                                                                                                                                                                                               ,RQL
1107,ENSC    ,802,BURNABY   ,35,31,Ivan Bajic                                                                                                                                                                                                                                                ,LEC
1091,KIN     ,142,BURNABY   ,60,56,Robert Asmundson                                                                                                                                                                                                                                          ,LEC
1091,ENSC    ,494,BURNABY   ,10,10,. Faculty                                                                                                                                                                                                                                                 ,SEC
1131,ENSC    ,483,BURNABY   ,48,43,Mehran Shirazi                                                                                                                                                                                                                                            ,LEC
1161,ENSC    ,406,BURNABY   ,18,17,Michael Sjoerdsma                                                                                                                                                                                                                                         ,TUT
1161,ENSC    ,406,BURNABY   ,18,18,Michael Sjoerdsma                                                                                                                                                                                                                                         ,TUT
1171,MACM    ,101,BURNABY   ,25,25,Ramesh Krishnamurti                                                                                                                                                                                                                                       ,TUT
1181,MACM    ,101,BURNABY   ,24,24,Binay Bhattacharya                                                                                                                                                                                                                                        ,TUT
1087,ENSC    ,899,BURNABY   ,50,44,. Faculty                                                                                                                                                                                                                                                 ,SEC
1161,ENSC    ,406,BURNABY   ,18,19,Michael Sjoerdsma                                                                                                                                                                                                                                         ,TUT
1127,ENSC    ,488,BURNABY   ,60,45,Kamal Gupta                                                                                                                                                                                                                                               ,LEC
1101,ENSC    ,892,BURNABY   ,30,0,. Faculty                                                                                                                                                                                                                                                 ,SEC
1127,ENSC    ,892,BURNABY   ,80,4,. Faculty                                                                                                                                                                                                                                                 ,SEC
1111,ENSC    ,801,BURNABY   ,40,37,Carlo Menon                                                                                                                                                                                                                                               ,LEC
1081,REM     ,647,BURNABY   ,12,5,Wolfgang Haider                                                                                                                                                                                                                                           ,SEM
1094,KIN     ,461,BURNABY   ,45,38,". Sessional, Petrus Pretorius                                                                                                                                                                                                                             ",SEC
1091,KIN     ,110,HRBRCNTR  ,54,52,Ryan Dill                                                                                                                                                                                                                                                 ,LEC
1161,ENSC    ,350,BURNABY   ,45,0,Fabio Campi                                                                                                                                                                                                                                               ,RQL
1181,ENSC    ,450,BURNABY   ,40,14,Peter Hallschmid                                                                                                                                                                                                                                          ,RQL
1097,ENSC    ,897,BURNABY   ,45,1,. Faculty                                                                                                                                                                                                                                                 ,SEC
1104,ENSC    ,897,BURNABY   ,5,3,. Faculty                                                                                                                                                                                                                                                 ,SEC
1124,ENSC    ,899,BURNABY   ,120,64,. Faculty                                                                                                                                                                                                                                                 ,SEC
1127,ENSC    ,351,BURNABY   ,60,58,Lesley Shannon                                                                                                                                                                                                                                            ,TUT
1141,ENSC    ,351,BURNABY   ,22,16,William Scratchley                                                                                                                                                                                                                                        ,TUT
1147,ENSC    ,351,BURNABY   ,44,40,Fabio Campi                                                                                                                                                                                                                                               ,LAB
1134,ENSC    ,220,BURNABY   ,39,39,Meenakshinathan Parameswaran                                                                                                                                                                                                                              ,LAB
1147,ENSC    ,220,BURNABY   ,50,24,Ljiljana Trajkovic                                                                                                                                                                                                                                        ,LAB
1171,ENSC    ,450,BURNABY   ,40,35,Peter Hallschmid                                                                                                                                                                                                                                          ,RQL
1097,MACM    ,101,BURNABY   ,24,24,Steven Pearce                                                                                                                                                                                                                                             ,TUT
1107,MATH    ,437,BURNABY   ,20,0,Faye Stefan                                                                                                                                                                                                                                               ,SEC
1104,MACM    ,101,SURREY    ,24,23,Harinder Khangura                                                                                                                                                                                                                                         ,TUT
1167,MACM    ,101,BURNABY   ,25,25,Steven Pearce                                                                                                                                                                                                                                             ,TUT
1084,IART    ,898,SURREY    ,3,2,. Faculty                                                                                                                                                                                                                                                 ,SEC
1081,KIN     ,143,BURNABY   ,120,119,Ryan Dill                                                                                                                                                                                                                                                 ,LEC
1091,KIN     ,445,HRBRCNTR  ,15,15,Scott Lear                                                                                                                                                                                                                                                ,LEC
1117,CMPT    ,128,BURNABY   ,25,0,<null>,LAB
1111,MATH    ,302,BURNABY   ,32,25,<null>,TUT
1161,MSE     ,496,SURREY    ,5,0,<null>,LAB
1134,MSE     ,193,OFF       ,20,0,<null>,SEC
1174,MSE     ,892,SURREY    ,15,1,<null>,SEC
1164,MSE     ,892,OFF       ,5,1,<null>,SEC
1161,MATH    ,341,BURNABY   ,32,19,<null>,TUT
1154,ENSC    ,303,BURNABY   ,6,0,<null>,SEM
1107,ENSC    ,231,SURREY    ,75,69,<null>,LAB
1174,ENSC    ,406,BURNABY   ,18,18,Balbir Gill                                                                                                                                                                                                                                               ,TUT
1091,ENSC    ,835,BURNABY   ,20,3,Ljiljana Trajkovic                                                                                                                                                                                                                                        ,LEC
1081,KIN     ,336,BURNABY   ,32,27,Josephine Anthony                                                                                                                                                                                                                                         ,LEC
1107,MATH    ,157,BURNABY   ,340,256,Stephen Choi                                                                                                                                                                                                                                              ,LEC
1097,MACM    ,101,BURNABY   ,24,24,Steven Pearce                                                                                                                                                                                                                                             ,TUT
1167,MACM    ,101,BURNABY   ,25,24,Steven Pearce                                                                                                                                                                                                                                             ,TUT
1167,MACM    ,101,BURNABY   ,25,25,Andrei Bulatov                                                                                                                                                                                                                                            ,TUT
1101,MACM    ,101,SURREY    ,24,23,Thomas Shermer                                                                                                                                                                                                                                            ,TUT
1101,MACM    ,101,BURNABY   ,24,24,Andrei Bulatov                                                                                                                                                                                                                                            ,TUT
1151,MACM    ,101,BURNABY   ,24,10,Binay Bhattacharya                                                                                                                                                                                                                                        ,TUT
1091,KIN     ,343,BURNABY   ,36,36,Ryan Dill                                                                                                                                                                                                                                                 ,LEC
1087,REM     ,601,BURNABY   ,40,17,John Welch                                                                                                                                                                                                                                                ,SEM
1091,REM     ,471,BURNABY   ,20,21,Kenneth Lertzman                                                                                                                                                                                                                                          ,LEC
1081,REM     ,100,BURNABY   ,18,18,. TBD                                                                                                                                                                                                                                                     ,TUT
1087,REM     ,613,BURNABY   ,20,7,Andrew Cooper                                                                                                                                                                                                                                             ,SEM
1094,REM     ,690,OFF       ,10,0,. Faculty                                                                                                                                                                                                                                                 ,SEC
1087,REM     ,664,BURNABY   ,10,2,. Faculty                                                                                                                                                                                                                                                 ,SEC
1084,WKTM    ,100,SURREY    ,50,28,"Frances McLafferty, Navinder Chima                                                                                                                                                                                                                        ",SEC
1107,CMPT    ,128,SURREY    ,0,0,<null>,LAB
1107,CMPT    ,128,BURNABY   ,0,0,<null>,LAB
1177,MSE     ,898,SURREY    ,100,30,<null>,SEC
1167,MSE     ,898,OFF       ,10,0,<null>,SEC
1171,MATH    ,341,BURNABY   ,34,16,<null>,TUT
1171,MATH    ,341,BURNABY   ,32,0,<null>,TUT
1111,ENSC    ,102,BURNABY   ,250,245,. Sessional                                                                                                                                                                                                                                               ,LEC
1147,ENSC    ,204,BURNABY   ,200,189,Michael Sjoerdsma                                                                                                                                                                                                                                         ,LEC
1171,ENSC    ,450,BURNABY   ,40,19,Peter Hallschmid                                                                                                                                                                                                                                          ,RQL
1121,ENSC    ,320,BURNABY   ,105,105,John Bird                                                                                                                                                                                                                                                 ,LEC
1154,ENSC    ,429,BURNABY   ,35,15,Daniel Lee                                                                                                                                                                                                                                                ,LEC
1164,ENSC    ,429,BURNABY   ,35,28,Daniel Lee                                                                                                                                                                                                                                                ,RQL
1137,ENSC    ,220,BURNABY   ,111,110,Meenakshinathan Parameswaran                                                                                                                                                                                                                              ,LEC
1144,ENSC    ,250,BURNABY   ,127,117,Lakshman One                                                                                                                                                                                                                                              ,TUT
1164,ENSC    ,396,BURNABY   ,10,1,Harriet Chicoine                                                                                                                                                                                                                                          ,SEC
1147,ENSC    ,387,BURNABY   ,58,57,". Sessional, Yaser Mohammadian Roshan                                                                                                                                                                                                                     ",LEC
1127,MATH    ,340,BURNABY   ,32,29,<null>,TUT
1127,MATH    ,340,BURNABY   ,32,28,<null>,TUT
1137,MATH    ,340,BURNABY   ,32,24,<null>,TUT
1094,KIN     ,105,BURNABY   ,120,114,Ryan Dill                                                                                                                                                                                                                                                 ,SEC
1094,KIN     ,301,BURNABY   ,12,12,James Wakeling                                                                                                                                                                                                                                            ,LAB
1081,KIN     ,445,HRBRCNTR  ,15,15,Scott Lear                                                                                                                                                                                                                                                ,LEC
1084,KIN     ,340,BURNABY   ,60,61,Stephen Brown                                                                                                                                                                                                                                             ,LEC
1081,KIN     ,343,BURNABY   ,36,36,Ryan Dill                                                                                                                                                                                                                                                 ,LEC
1117,MACM    ,101,SURREY    ,24,24,Binay Bhattacharya                                                                                                                                                                                                                                        ,TUT
1131,MACM    ,101,BURNABY   ,24,22,Bradley Bart                                                                                                                                                                                                                                              ,TUT
1171,MACM    ,101,BURNABY   ,25,25,Bobby Chan                                                                                                                                                                                                                                                ,TUT
1131,MACM    ,101,BURNABY   ,25,25,Bradley Bart                                                                                                                                                                                                                                              ,TUT
1144,MACM    ,101,BURNABY   ,24,18,Steven Pearce                                                                                                                                                                                                                                             ,TUT
1154,MACM    ,101,BURNABY   ,24,24,Ramesh Krishnamurti                                                                                                                                                                                                                                       ,TUT
1111,MACM    ,101,SURREY    ,25,25,Thomas Shermer                                                                                                                                                                                                                                            ,LAB
1131,MATH    ,100,SURREY    ,90,48,Ping Ding                                                                                                                                                                                                                                                 ,LEC
1127,MACM    ,101,BURNABY   ,192,192,Andrei Bulatov                                                                                                                                                                                                                                            ,LEC
1137,MACM    ,101,BURNABY   ,192,192,Andrei Bulatov                                                                                                                                                                                                                                            ,LEC
1087,MACM    ,101,BURNABY   ,25,24,Steven Pearce                                                                                                                                                                                                                                             ,TUT
1127,MATH    ,337,OFF       ,20,0,Faye Stefan                                                                                                                                                                                                                                               ,SEC
1137,MATH    ,337,OFF       ,20,0,Stuart Billings                                                                                                                                                                                                                                           ,SEC
1154,MATH    ,232,SURREY    ,200,114,Randall Pyke                                                                                                                                                                                                                                              ,LEC
1174,MSE     ,899,SURREY    ,70,51,<null>,SEC
1164,MSE     ,899,OFF       ,5,4,<null>,SEC
1091,IAT     ,455,SURREY    ,0,0,<null>,LAB
1107,ENSC    ,281,SURREY    ,80,78,<null>,LAB
1084,REM     ,690,BURNABY   ,10,1,<null>,SEC
1087,KIN     ,142,BURNABY   ,55,49,Robert Asmundson                                                                                                                                                                                                                                          ,SEC
1094,KIN     ,142,SURREY    ,51,38,Michael Walsh                                                                                                                                                                                                                                             ,LEC
1174,MATH    ,155,BURNABY   ,229,180,Jeremy Chiu                                                                                                                                                                                                                                               ,LEC
1157,MACM    ,101,HRBRCNTR  ,75,75,Diana Cukierman                                                                                                                                                                                                                                           ,LEC
1117,MACM    ,101,HRBRCNTR  ,24,22,Steven Pearce                                                                                                                                                                                                                                             ,TUT
1104,MATH    ,157,BURNABY   ,240,173,Roland Wittler                                                                                                                                                                                                                                            ,LEC
1147,MACM    ,416,BURNABY   ,11,11,Manfred Trummer                                                                                                                                                                                                                                           ,LEC
1164,MACM    ,101,BURNABY   ,168,140,Bradley Bart                                                                                                                                                                                                                                              ,LEC
1147,ENSC    ,351,BURNABY   ,44,42,Fabio Campi                                                                                                                                                                                                                                               ,LAB
1157,ENSC    ,383,BURNABY   ,150,86,Atousa Hajshirmohammadi                                                                                                                                                                                                                                   ,RQL
1181,MACM    ,101,BURNABY   ,24,23,Steven Pearce                                                                                                                                                                                                                                             ,TUT
1121,MATH    ,232,BURNABY   ,400,255,Daniel Katz                                                                                                                                                                                                                                               ,LEC
1164,MATH    ,232,BURNABY   ,275,192,Imin Chen                                                                                                                                                                                                                                                 ,LEC
1121,MATH    ,155,BURNABY   ,504,435,Jonathan Jedwab                                                                                                                                                                                                                                           ,LEC
1081,MATH    ,308,SURREY    ,30,26,Tamon Stephen                                                                                                                                                                                                                                             ,LEC
1131,MATH    ,155,SURREY    ,150,91,Natalia Kouzniak                                                                                                                                                                                                                                          ,LEC
1121,MATH    ,158,BURNABY   ,225,187,Jason Bell                                                                                                                                                                                                                                                ,LEC
1107,MACM    ,101,HRBRCNTR  ,24,46,Yaroslav Litus                                                                                                                                                                                                                                            ,LAB
1181,MACM    ,101,BURNABY   ,24,14,Binay Bhattacharya                                                                                                                                                                                                                                        ,TUT
1161,MACM    ,101,BURNABY   ,25,25,Bradley Bart                                                                                                                                                                                                                                              ,TUT
1147,MACM    ,101,BURNABY   ,24,24,Andrei Bulatov                                                                                                                                                                                                                                            ,TUT
1181,MACM    ,101,BURNABY   ,24,22,Steven Pearce                                                                                                                                                                                                                                             ,TUT
1107,MACM    ,101,BURNABY   ,168,178,"Arthur Kirkpatrick, Evgenia Ternovska                                                                                                                                                                                                                     ",LEC
1111,CMPT    ,880,BURNABY   ,0,0,<null>,LEC
1147,MACM    ,101,SURREY    ,24,24,Kay Wiese                                                                                                                                                                                                                                                 ,LAB
1131,MACM    ,101,BURNABY   ,120,112,Bradley Bart                                                                                                                                                                                                                                              ,LEC
1171,MACM    ,101,BURNABY   ,25,24,Ramesh Krishnamurti                                                                                                                                                                                                                                       ,TUT
1137,MATH    ,437,BURNABY   ,20,1,Stuart Billings                                                                                                                                                                                                                                           ,SEC
1117,MACM    ,101,SURREY    ,97,91,Binay Bhattacharya                                                                                                                                                                                                                                        ,LEC
1111,MATH    ,232,SURREY    ,100,76,Randall Pyke                                                                                                                                                                                                                                              ,LEC
1134,MATH    ,877,BURNABY   ,5,3,Abraham Punnen                                                                                                                                                                                                                                            ,SEC
1147,MATH    ,877,BURNABY   ,5,0,. Faculty                                                                                                                                                                                                                                                 ,SEC
1087,MATH    ,418,BURNABY   ,30,7,Rustum Choksi                                                                                                                                                                                                                                             ,LEC
1111,MATH    ,337,BURNABY   ,20,2,Faye Stefan                                                                                                                                                                                                                                               ,SEC
1144,MATH    ,337,BURNABY   ,20,3,Stuart Billings                                                                                                                                                                                                                                           ,SEC
1111,MATH    ,895,BURNABY   ,6,3,"Ralf Wittenberg, Sandy Rutherford                                                                                                                                                                                                                         ",SEC
1101,MATH    ,895,BURNABY   ,6,0,. Faculty                                                                                                                                                                                                                                                 ,SEC
1127,MATH    ,895,OFF       ,5,1,Marni Mishna                                                                                                                                                                                                                                              ,SEC
1081,KIN     ,110,HRBRCNTR  ,54,41,Simi Kohli                                                                                                                                                                                                                                                ,LEC
1091,MACM    ,101,BURNABY   ,33,30,Andrei Bulatov                                                                                                                                                                                                                                            ,TUT
1147,MACM    ,101,BURNABY   ,24,23,Andrei Bulatov                                                                                                                                                                                                                                            ,TUT
1097,MATH    ,604,BURNABY   ,20,14,"Nathalie Sinclair, Tom Archibald                                                                                                                                                                                                                          ",LEC
1101,MATH    ,437,OFF       ,20,0,Faye Stefan                                                                                                                                                                                                                                               ,SEC
1154,MATH    ,437,OFF       ,20,0,Stuart Billings                                                                                                                                                                                                                                           ,SEC
1147,MATH    ,436,BURNABY   ,20,1,Stuart Billings                                                                                                                                                                                                                                           ,SEC
1171,MATH    ,436,BURNABY   ,20,0,Stuart Billings                                                                                                                                                                                                                                           ,SEC
1181,MATH    ,436,BURNABY   ,20,4,Stuart Billings                                                                                                                                                                                                                                           ,SEC
1124,MATH    ,342,BURNABY   ,96,103,Imin Chen                                                                                                                                                                                                                                                 ,LEC
1117,MATH    ,337,BURNABY   ,20,1,Faye Stefan                                                                                                                                                                                                                                               ,SEC
1121,MACM    ,101,SURREY    ,97,91,Kay Wiese                                                                                                                                                                                                                                                 ,LEC
1157,MACM    ,101,SURREY    ,25,25,Bradley Bart                                                                                                                                                                                                                                              ,TUT
1107,MACM    ,101,BURNABY   ,24,25,Evgenia Ternovska                                                                                                                                                                                                                                         ,LAB
1131,MACM    ,101,SURREY    ,24,24,Kay Wiese                                                                                                                                                                                                                                                 ,TUT
1084,MATH    ,151,BURNABY   ,150,63,Keshav Mukunda                                                                                                                                                                                                                                            ,LEC
1154,MATH    ,100,BURNABY   ,140,76,Fiachra Knox                                                                                                                                                                                                                                              ,LEC
1081,MATH    ,462,BURNABY   ,30,11,Mary Catherine Kropinski                                                                                                                                                                                                                                  ,LEC
1117,MACM    ,101,BURNABY   ,24,24,Andrei Bulatov                                                                                                                                                                                                                                            ,TUT
1161,MACM    ,101,BURNABY   ,25,17,Bradley Bart                                                                                                                                                                                                                                              ,TUT
1131,MACM    ,101,BURNABY   ,25,22,Bradley Bart                                                                                                                                                                                                                                              ,TUT
1157,MACM    ,101,BURNABY   ,25,24,Andrei Bulatov                                                                                                                                                                                                                                            ,TUT
1094,MATH    ,895,BURNABY   ,6,2,Michael Monagan                                                                                                                                                                                                                                           ,SEC
1107,MATH    ,895,BURNABY   ,6,3,Paul Tupper                                                                                                                                                                                                                                               ,SEC
1104,MATH    ,877,BURNABY   ,5,0,. Faculty                                                                                                                                                                                                                                                 ,SEC
1114,MATH    ,877,BURNABY   ,5,1,Luis Goddyn                                                                                                                                                                                                                                               ,SEC
1171,MACM    ,101,BURNABY   ,25,25,Bobby Chan                                                                                                                                                                                                                                                ,TUT
1181,MACM    ,101,BURNABY   ,24,18,Binay Bhattacharya                                                                                                                                                                                                                                        ,TUT
1171,MACM    ,101,SURREY    ,24,25,Kay Wiese                                                                                                                                                                                                                                                 ,TUT
1131,MACM    ,101,SURREY    ,25,24,Kay Wiese                                                                                                                                                                                                                                                 ,TUT
1114,MATH    ,470,BURNABY   ,30,11,Paul Tupper                                                                                                                                                                                                                                               ,LEC
1081,REM     ,100,BURNABY   ,144,140,John Welch                                                                                                                                                                                                                                                ,LEC
1084,MATH    ,895,BURNABY   ,6,1,Nils Bruin                                                                                                                                                                                                                                                ,SEC
1107,MATH    ,895,BURNABY   ,6,1,Tamon Stephen                                                                                                                                                                                                                                             ,SEC
1141,MATH    ,113,BURNABY   ,60,15,Cameron Morland                                                                                                                                                                                                                                           ,LEC
1101,MATH    ,152,SURREY    ,90,67,Randall Pyke                                                                                                                                                                                                                                              ,LEC
1104,MACM    ,101,BURNABY   ,80,67,Anthony Dixon                                                                                                                                                                                                                                             ,SEC
1161,MACM    ,101,BURNABY   ,25,15,Bradley Bart                                                                                                                                                                                                                                              ,TUT
1164,MACM    ,101,BURNABY   ,24,15,Bradley Bart                                                                                                                                                                                                                                              ,TUT
1134,MACM    ,101,BURNABY   ,24,22,Steven Pearce                                                                                                                                                                                                                                             ,TUT
1097,MATH    ,322,BURNABY   ,101,68,David Muraki                                                                                                                                                                                                                                              ,LEC
1107,MATH    ,232,SURREY    ,90,82,Abraham Punnen                                                                                                                                                                                                                                            ,LEC
1177,MATH    ,436,OFF       ,20,0,Stuart Billings                                                                                                                                                                                                                                           ,SEC
1091,MATH    ,436,BURNABY   ,20,0,Faye Stefan                                                                                                                                                                                                                                               ,SEC
1124,MATH    ,436,OFF       ,20,0,Stuart Billings                                                                                                                                                                                                                                           ,SEC
1171,MATH    ,1XX       ,BURNABY   ,2,7,<null>,LEC
1127,MATH    ,893,BURNABY   ,20,0,Stuart Billings                                                                                                                                                                                                                                           ,SEC
1094,CMNS    ,453,HRBRCNTR  ,0,0,<null>,SEM
1134,MATH    ,232,SURREY    ,0,0,<null>,OPL
1147,MATH    ,232,SURREY    ,48,0,<null>,OPL
1091,ENSC    ,483,BURNABY   ,55,0,<null>,OPL
1147,ENSC    ,450,BURNABY   ,30,0,<null>,LEC
1121,MACM    ,101,SURREY    ,0,0,<null>,TUT
1164,MACM    ,101,BURNABY   ,0,0,<null>,TUT
1121,MACM    ,101,SURREY    ,0,0,<null>,TUT
1107,MACM    ,101,HRBRCNTR  ,0,0,<null>,TUT
1167,MATH    ,100,SURREY    ,80,0,<null>,OPL
1111,MACM    ,401,BURNABY   ,25,0,<null>,LEC
1134,MACM    ,101,BURNABY   ,24,0,<null>,TUT
1164,MACM    ,101,BURNABY   ,0,0,<null>,TUT
1107,MACM    ,101,BURNABY   ,0,0,<null>,TUT
1107,MACM    ,101,SURREY    ,0,0,<null>,LEC
1087,ENSC    ,100,BURNABY   ,1,1,<null>,RQL
1101,ENSC    ,150,BURNABY   ,51,51,<null>,TUT
1107,MATH    ,232,BURNABY   ,229,223,JF Williams                                                                                                                                                                                                                                               ,LEC
1131,MATH    ,158,BURNABY   ,335,265,Michael Monagan                                                                                                                                                                                                                                           ,LEC
1151,MATH    ,877,BURNABY   ,5,0,. Faculty                                                                                                                                                                                                                                                 ,SEC
1081,WKTM    ,400,SURREY    ,50,5,"Frances McLafferty, Navinder Chima                                                                                                                                                                                                                        ",SEC
1091,ENSC    ,263,SURREY    ,24,0,<null>,LAB
1087,REM     ,699,BURNABY   ,100,42,. Faculty                                                                                                                                                                                                                                                 ,SEC
1134,MACM    ,101,BURNABY   ,24,0,<null>,TUT
1091,CMNS    ,324,BURNABY   ,18,19,<null>,TUT
1084,MATH    ,308,BURNABY   ,32,0,<null>,TUT
1091,MATH    ,436,OFF       ,20,0,<null>,SEC
1141,MATH    ,155,SURREY    ,60,0,<null>,OPL
1111,MACM    ,101,BURNABY   ,0,0,<null>,LEC
1177,MATH    ,100,SURREY    ,80,0,<null>,OPL
1107,ENSC    ,296,SURREY    ,10,6,<null>,SEC
1131,ENSC    ,296,OFF       ,10,1,<null>,SEC
1081,KIN     ,498,BURNABY   ,5,3,<null>,SEC
1147,ENSC    ,899,BURNABY   ,100,51,<null>,SEC
1147,ENSC    ,899,OFF       ,20,4,<null>,SEC
1131,ENSC    ,396,BURNABY   ,20,1,<null>,SEC
1117,ENSC    ,351,BURNABY   ,76,68,<null>,RQL
1117,ENSC    ,296,OFF       ,10,0,<null>,SEC
1097,ENSC    ,100,BURNABY   ,3,3,<null>,RQL
1121,ENSC    ,195,SURREY    ,15,10,<null>,SEC
1181,ENSC    ,494,BURNABY   ,10,0,<null>,SEC
1131,ENSC    ,296,BURNABY   ,20,4,<null>,SEC
1081,KIN     ,143,BURNABY   ,40,40,<null>,LAB
1171,MATH    ,100,SURREY    ,90,0,<null>,OPL
1167,MATH    ,100,BURNABY   ,60,0,<null>,OPL
1164,MATH    ,895,BURNABY   ,6,0,<null>,SEC
1164,MATH    ,342,BURNABY   ,40,27,<null>,TUT
1094,MATH    ,308,BURNABY   ,32,25,<null>,TUT
1161,MSE     ,486,SURREY    ,5,0,<null>,SEM
1081,MATH    ,152,BURNABY   ,60,0,<null>,OPL
1091,CMNS    ,323W      ,HRBRCNTR  ,14,15,<null>,TUT
1094,CMNS    ,323W      ,HRBRCNTR  ,15,9,<null>,TUT
1137,CMPT    ,106,SURREY    ,24,22,<null>,LAB
1094,MATH    ,240,BURNABY   ,60,0,<null>,OPL
1141,MATH    ,341,BURNABY   ,32,13,<null>,TUT
1174,MSE     ,497,SURREY    ,5,0,<null>,LAB
1164,MSE     ,497,SURREY    ,5,0,<null>,LAB
1087,TECH    ,106,SURREY    ,24,0,<null>,LAB
1157,MACM    ,204,BURNABY   ,20,20,<null>,LAB
1117,MATH    ,340,BURNABY   ,36,36,<null>,TUT
1107,MATH    ,340,BURNABY   ,30,25,<null>,TUT
1081,MATH    ,380W      ,BURNABY   ,20,19,<null>,TUT
1154,MATH    ,254,BURNABY   ,40,34,<null>,TUT
1144,MATH    ,254,BURNABY   ,40,34,<null>,TUT
1154,MATH    ,882,BURNABY   ,10,0,<null>,SEC
1087,CMPT    ,128,SURREY    ,32,18,<null>,LAB
1164,MATH    ,232,SURREY    ,200,49,Randall Pyke                                                                                                                                                                                                                                              ,LEC
1087,MATH    ,877,BURNABY   ,5,0,. Faculty                                                                                                                                                                                                                                                 ,SEC
1141,MATH    ,877,BURNABY   ,5,0,. Faculty                                                                                                                                                                                                                                                 ,SEC
1087,ENSC    ,325,BURNABY   ,50,0,<null>,OPL
1111,ENSC    ,150,BURNABY   ,0,0,<null>,TUT
1091,CMNS    ,230,BURNABY   ,18,19,<null>,TUT
1117,MATH    ,895,BURNABY   ,5,0,<null>,SEC
1164,MATH    ,895,BURNABY   ,5,0,<null>,SEC
1084,MATH    ,308,BURNABY   ,96,0,<null>,LEC
1094,MATH    ,895,BURNABY   ,5,0,<null>,SEC
1137,ENSC    ,402,BURNABY   ,10,0,<null>,SEC
1107,ENSC    ,195,BURNABY   ,22,21,<null>,SEC
1117,ENSC    ,195,BURNABY   ,30,30,<null>,SEC
1094,ENSC    ,195,SURREY    ,50,7,<null>,SEC
1121,ENSC    ,195,OFF       ,10,6,<null>,SEC
1121,ENSC    ,195,BURNABY   ,30,30,<null>,SEC
1091,KIN     ,110,BURNABY   ,18,18,<null>,TUT
1081,MACM    ,101,SURREY    ,24,0,<null>,TUT
1141,MATH    ,232,BURNABY   ,60,0,<null>,OPL
1081,MACM    ,101,SURREY    ,24,22,<null>,TUT
1127,MATH    ,322,BURNABY   ,40,38,<null>,TUT
1174,MATH    ,342,BURNABY   ,32,22,<null>,TUT
1131,MATH    ,895,BURNABY   ,5,0,<null>,SEC
1081,DDP     ,310,OFF       ,10,8,<null>,SEC
1117,MATH    ,340,BURNABY   ,36,35,<null>,TUT
1094,KIN     ,142,BURNABY   ,18,18,<null>,LAB
1117,ENSC    ,195,OFF       ,25,11,<null>,SEC
1091,ENSC    ,194,OFF       ,10,0,<null>,SEC
1131,ENSC    ,396,OFF       ,10,0,<null>,SEC
1097,ENSC    ,387,SURREY    ,72,52,<null>,LAB
1081,ENSC    ,320,BURNABY   ,25,25,<null>,TUT
1107,ENSC    ,450,BURNABY   ,1,0,<null>,OPL
1117,ENSC    ,450,BURNABY   ,40,18,<null>,RQL
1087,ENSC    ,100,BURNABY   ,4,4,<null>,RQL
1091,KIN     ,142,BURNABY   ,19,18,<null>,LAB
1081,KIN     ,110,BURNABY   ,18,17,<null>,TUT
1091,KIN     ,142,SURREY    ,17,15,<null>,LAB
1081,KIN     ,110,BURNABY   ,18,18,<null>,TUT
1171,MSE     ,486,SURREY    ,5,0,<null>,SEM
1161,MSE     ,486,SURREY    ,5,0,<null>,SEM
1144,MSE     ,725,SURREY    ,0,0,<null>,LAB
1141,MATH    ,155,BURNABY   ,60,0,<null>,OPL
1154,MATH    ,254,BURNABY   ,40,30,<null>,TUT
1117,CMPT    ,880,SURREY    ,18,0,<null>,LEC
1124,ENSC    ,194,SURREY    ,25,0,<null>,SEC
1091,ENSC    ,899,BURNABY   ,50,48,<null>,SEC
1177,MSE     ,491,SURREY    ,20,0,<null>,SEM
1174,MSE     ,405W      ,SURREY    ,120,0,<null>,LEC
1181,ENSC    ,450,BURNABY   ,40,0,<null>,RQL
1147,CMPT    ,127,BURNABY   ,0,0,<null>,LAB
1141,CMPT    ,105W      ,SURREY    ,108,0,<null>,LEC
1087,CMNS    ,304W      ,BURNABY   ,0,0,<null>,TUT
1131,ENSC    ,801,BURNABY   ,40,0,<null>,LEC
1137,MATH    ,322,BURNABY   ,36,33,<null>,TUT
1081,REM     ,311,BURNABY   ,18,15,<null>,TUT
1091,REM     ,311,BURNABY   ,18,4,<null>,TUT
1121,MATH    ,337,OFF       ,20,0,Stuart Billings                                                                                                                                                                                                                                           ,SEC
1087,REM     ,100,SURREY    ,54,53,John Irwin                                                                                                                                                                                                                                                ,LEC
1181,CMPT    ,165,SURREY    ,96,0,<null>,LEC
1181,ENSC    ,899,OFF       ,50,3,<null>,SEC
1181,ENSC    ,899,BURNABY   ,100,50,<null>,SEC
1097,ENSC    ,325,BURNABY   ,53,0,<null>,OPL
1164,MACM    ,101,BURNABY   ,150,0,<null>,LEC
1107,MACM    ,101,BURNABY   ,0,0,<null>,LEC
1107,MATH    ,157,SURREY    ,200,0,<null>,OPL
1107,MATH    ,157,BURNABY   ,60,60,<null>,OPL
1121,MATH    ,157,SURREY    ,60,0,<null>,OPL
1081,KIN     ,499,BURNABY   ,5,0,<null>,SEC
1107,MACM    ,204,BURNABY   ,22,0,<null>,LAB
1114,ENSC    ,442,SURREY    ,17,0,<null>,LAB
1087,REM     ,445,BURNABY   ,18,12,<null>,LAB
1091,CMNS    ,262,BURNABY   ,17,19,<null>,TUT
1124,ENSC    ,460,BURNABY   ,20,0,<null>,TUT
1171,CMPT    ,733,BURNABY   ,20,0,<null>,LAB
1127,ENSC    ,892,SURREY    ,25,0,<null>,SEC
1081,TECH    ,124,SURREY    ,48,0,<null>,LEC
1094,CMNS    ,253W      ,BURNABY   ,0,0,<null>,LAB
1091,MATH    ,345,BURNABY   ,32,0,<null>,TUT
1124,ENSC    ,895,SURREY    ,8,0,<null>,LEC
1147,MACM    ,204,BURNABY   ,22,0,<null>,LEC
1167,MATH    ,232,SURREY    ,60,0,<null>,OPL
1177,MATH    ,232,SURREY    ,48,0,<null>,OPL
1114,MATH    ,232,SURREY    ,0,0,<null>,OPL
1121,ENSC    ,283,SURREY    ,0,0,<null>,LAB
1087,ENSC    ,100W      ,BURNABY   ,7,7,<null>,RQL
1087,ENSC    ,100W      ,BURNABY   ,6,5,<null>,RQL
1087,ENSC    ,100W      ,BURNABY   ,7,7,<null>,RQL
1097,ENSC    ,100W      ,BURNABY   ,7,7,<null>,RQL
1097,ENSC    ,100W      ,BURNABY   ,8,8,<null>,RQL
1111,ENSC    ,150,BURNABY   ,0,0,<null>,TUT
1147,CMPT    ,127,BURNABY   ,0,0,<null>,LAB
1147,CMPT    ,127,BURNABY   ,0,0,<null>,LAB
1121,ENSC    ,476,BURNABY   ,20,0,<null>,LEC
1087,ENSC    ,387,BURNABY   ,0,0,<null>,LEC
1081,KIN     ,110,BURNABY   ,18,18,<null>,TUT
1084,KIN     ,110,HRBRCNTR  ,18,17,<null>,TUT
1161,MATH    ,100,SURREY    ,90,0,<null>,OPL
1151,MATH    ,155,BURNABY   ,60,0,<null>,OPL
1117,MATH    ,157,BURNABY   ,60,0,<null>,OPL
1121,MATH    ,895,BURNABY   ,6,0,<null>,SEC
1131,MATH    ,895,BURNABY   ,6,0,<null>,SEC
1091,MATH    ,152,SURREY    ,0,0,<null>,OPL
1147,ENSC    ,100W      ,BURNABY   ,8,8,<null>,TUT
1081,CMPT    ,363,BURNABY   ,0,0,<null>,LEC
1094,KIN     ,311,BURNABY   ,18,17,<null>,TUT
1081,KIN     ,142,BURNABY   ,19,18,<null>,LAB
1081,KIN     ,303,BURNABY   ,15,14,<null>,LAB
1091,KIN     ,303,BURNABY   ,18,18,<null>,LAB
1161,MATH    ,232,BURNABY   ,60,0,<null>,OPL
1117,ENSC    ,296,OFF       ,10,0,<null>,SEC
1104,MATH    ,152,BURNABY   ,60,0,<null>,OPL
1081,MATH    ,151,BURNABY   ,60,0,<null>,OPL
1107,MATH    ,322,BURNABY   ,32,28,<null>,TUT
1101,MATH    ,337,BURNABY   ,20,1,<null>,SEC
1167,MATH    ,232,BURNABY   ,60,0,<null>,OPL
1084,MATH    ,308,BURNABY   ,32,16,<null>,TUT
1094,MATH    ,157,BURNABY   ,60,0,<null>,OPL
1167,MATH    ,899,OFF       ,5,0,<null>,SEC
1141,MATH    ,232,SURREY    ,60,0,<null>,OPL
1094,MATH    ,895,BURNABY   ,6,0,<null>,SEC
1094,MATH    ,895,BURNABY   ,6,0,<null>,SEC
1174,MATH    ,342,BURNABY   ,35,34,<null>,TUT
1124,MATH    ,342,BURNABY   ,32,29,<null>,TUT
1134,MATH    ,897,BURNABY   ,6,0,<null>,SEC
1167,MSE     ,221,SURREY    ,0,0,<null>,LAB
1121,ENSC    ,283,SURREY    ,0,0,<null>,LAB
1181,ENSC    ,880,BURNABY   ,10,3,<null>,SEM
1174,MSE     ,495,SURREY    ,5,0,<null>,LAB
1157,MSE     ,498,SURREY    ,5,0,<null>,SEC
1124,ENSC    ,442W      ,SURREY    ,50,0,<null>,SEM
1137,MATH    ,304,BURNABY   ,25,30,<null>,TUT
1121,ENSC    ,893,SURREY    ,10,3,<null>,TUT
1094,CMNS    ,253W      ,BURNABY   ,16,16,<null>,LAB
1094,CMNS    ,230,BURNABY   ,18,9,<null>,TUT
1081,IAT     ,410,SURREY    ,24,0,<null>,WKS
1144,ENSC    ,402,BURNABY   ,5,0,<null>,SEC
1154,ENSC    ,402,BURNABY   ,5,0,<null>,SEC
1117,ENSC    ,195,SURREY    ,25,6,<null>,SEC
1091,ENSC    ,194,BURNABY   ,10,0,<null>,SEC
1171,MATH    ,155,BURNABY   ,60,0,<null>,OPL
1181,MATH    ,899,OFF       ,10,0,<null>,SEC
1107,ENSC    ,351,BURNABY   ,1,0,<null>,LAB
1117,ENSC    ,296,BURNABY   ,25,1,<null>,SEC
1094,ENSC    ,296,SURREY    ,30,4,<null>,SEC
1121,ENSC    ,296,OFF       ,10,0,<null>,SEC
1161,MATH    ,899,OFF       ,10,1,<null>,SEC
1137,MATH    ,895,BURNABY   ,6,0,<null>,SEC
1144,MATH    ,895,BURNABY   ,6,0,<null>,SEC
1181,MATH    ,899,BURNABY   ,35,22,<null>,SEC
1157,MATH    ,899,OFF       ,5,2,<null>,SEC
1114,MATH    ,436,OFF       ,20,0,<null>,SEC
1154,MATH    ,342,BURNABY   ,40,32,<null>,TUT
1097,ENSC    ,100,BURNABY   ,1,1,<null>,RQL
1131,ENSC    ,195,SURREY    ,15,12,<null>,SEC
1157,ENSC    ,494,BURNABY   ,5,1,<null>,SEC
1111,ENSC    ,296,OFF       ,10,1,<null>,SEC
1131,ENSC    ,402,BURNABY   ,2,0,<null>,SEC
1097,ENSC    ,100,BURNABY   ,0,0,<null>,RQL
1081,ENSC    ,351,BURNABY   ,16,2,<null>,LAB
1091,ENSC    ,351,BURNABY   ,22,0,<null>,LAB
1101,ENSC    ,320,BURNABY   ,20,20,<null>,TUT
1131,ENSC    ,150,BURNABY   ,41,41,<null>,TUT
1087,ENSC    ,100,BURNABY   ,3,3,<null>,RQL
1091,ENSC    ,263,SURREY    ,72,54,<null>,TUT
1131,ENSC    ,892,BURNABY   ,80,4,<null>,SEC
1167,ENSC    ,899,OFF       ,20,1,<null>,SEC
1111,ENSC    ,396,OFF       ,5,1,<null>,SEC
1127,ENSC    ,396,BURNABY   ,25,0,<null>,SEC
1177,MSE     ,498,SURREY    ,5,0,<null>,SEC
1171,MATH    ,701,BURNABY   ,5,2,Michael Monagan                                                                                                                                                                                                                                           ,TUT
1087,REM     ,100,BURNABY   ,18,18,<null>,TUT
1097,CMPT    ,405,BURNABY   ,30,0,<null>,LEC
1084,CMNS    ,230,BURNABY   ,0,0,<null>,TUT
1091,MATH    ,461,BURNABY   ,25,0,<null>,LEC
1151,MATH    ,126,BURNABY   ,10,4,<null>,TUT
1107,ENSC    ,104,SURREY    ,30,25,<null>,LAB
1081,CMNS    ,253W      ,HRBRCNTR  ,13,13,<null>,LAB
1147,ENSC    ,100W      ,BURNABY   ,8,8,<null>,TUT
1147,MATH    ,345,BURNABY   ,32,12,<null>,TUT
1084,CMNS    ,230,BURNABY   ,18,12,<null>,TUT
1084,CMNS    ,362,HRBRCNTR  ,0,0,<null>,TUT
1091,CMNS    ,226,BURNABY   ,20,20,<null>,LAB
1084,CMNS    ,230,BURNABY   ,0,0,<null>,TUT
1097,ENSC    ,100,BURNABY   ,2,0,<null>,RQL
1081,ENSC    ,406,BURNABY   ,15,15,<null>,TUT
1167,ENSC    ,897,BURNABY   ,15,3,<null>,SEC
1177,ENSC    ,897,BURNABY   ,15,3,<null>,SEC
1094,ENSC    ,396,OFF       ,10,0,<null>,SEC
1151,ENSC    ,899,BURNABY   ,100,46,<null>,SEC
1151,ENSC    ,899,OFF       ,50,2,<null>,SEC
1134,ENSC    ,897,BURNABY   ,10,4,<null>,SEC
1087,ENSC    ,327,BURNABY   ,80,0,<null>,OPL
1104,ENSC    ,494,BURNABY   ,1,1,<null>,SEC
1171,CMPT    ,225,SURREY    ,24,24,Toby Donaldson                                                                                                                                                                                                                                            ,LAB
1097,CMPT    ,120,SURREY    ,26,26,Toby Donaldson                                                                                                                                                                                                                                            ,LAB
1111,ENSC    ,283,SURREY    ,75,0,<null>,LEC
1114,ENSC    ,442W      ,SURREY    ,35,30,<null>,TUT
1107,ENSC    ,388,SURREY    ,22,19,<null>,LAB
1127,MATH    ,882,BURNABY   ,10,0,<null>,SEC
1157,MATH    ,345,BURNABY   ,32,12,<null>,TUT
1174,MSE     ,491,SURREY    ,17,0,<null>,LAB
1151,MATH    ,126,BURNABY   ,32,0,<null>,TUT
1154,MSE     ,311,SURREY    ,30,0,<null>,LAB
1081,CMNS    ,230,BURNABY   ,17,19,<null>,TUT
1087,MATH    ,742,BURNABY   ,10,0,<null>,LEC
1081,CMNS    ,362,BURNABY   ,18,18,<null>,TUT
1097,MATH    ,208,SURREY    ,24,0,<null>,LEC
1131,ENSC    ,461,SURREY    ,30,0,<null>,TUT
1081,CMPT    ,126,BURNABY   ,0,0,<null>,LEC
1117,MATH    ,800,SURREY    ,20,0,<null>,LEC
1161,ENSC    ,494,BURNABY   ,10,1,<null>,SEC
1127,ENSC    ,396,OFF       ,10,1,<null>,SEC
1101,ENSC    ,296,SURREY    ,20,3,<null>,SEC
1177,ENSC    ,494,BURNABY   ,5,2,<null>,SEC
1114,MATH    ,254,BURNABY   ,102,101,Steven Ruuth                                                                                                                                                                                                                                              ,LEC
1084,IAT     ,244,SURREY    ,24,23,Michael Filimowicz                                                                                                                                                                                                                                        ,STL
1147,CMPT    ,741,BURNABY   ,65,59,Ke Wang                                                                                                                                                                                                                                                   ,LEC
1091,IAT     ,811,SURREY    ,20,5,Philippe Pasquier                                                                                                                                                                                                                                         ,SEM
1171,CMPT    ,225,BURNABY   ,26,25,Thomas Shermer                                                                                                                                                                                                                                            ,LAB
1157,CMPT    ,225,BURNABY   ,26,26,David Mitchell                                                                                                                                                                                                                                            ,LAB
1091,CMPT    ,881,BURNABY   ,10,6,Ayse Ergun                                                                                                                                                                                                                                                ,LEC
1137,MACM    ,204,BURNABY   ,18,0,<null>,LAB
1121,ENSC    ,283,SURREY    ,96,0,<null>,LEC
1151,MATH    ,381W      ,BURNABY   ,32,12,<null>,TUT
1151,MATH    ,381W      ,BURNABY   ,32,10,<null>,TUT
1097,ENSC    ,388,SURREY    ,20,13,<null>,LAB
1101,ENSC    ,283,SURREY    ,22,25,<null>,LAB
1161,CMPT    ,889,BURNABY   ,15,10,Frederick Popowich                                                                                                                                                                                                                                        ,SEC
1141,MATH    ,879,BURNABY   ,6,3,<null>,SEC
1101,MATH    ,380W      ,BURNABY   ,34,34,<null>,TUT
1087,CMNS    ,220,HRBRCNTR  ,72,79,Jody Baker                                                                                                                                                                                                                                                ,LEC
1087,CMNS    ,110,BURNABY   ,360,356,Stuart Poyntz                                                                                                                                                                                                                                             ,LEC
1097,CMPT    ,128,BURNABY   ,27,26,Janice Regan                                                                                                                                                                                                                                              ,LAB
1164,CMPT    ,225,BURNABY   ,182,182,Anne Lavergne                                                                                                                                                                                                                                             ,LEC
1087,CMPT    ,120,BURNABY   ,31,30,Diana Cukierman                                                                                                                                                                                                                                           ,LAB
1104,CMPT    ,120,BURNABY   ,20,20,Colin Stewart                                                                                                                                                                                                                                             ,LAB
1097,CMPT    ,120,BURNABY   ,26,24,Bradley Bart                                                                                                                                                                                                                                              ,LAB
1174,CMPT    ,705,BURNABY   ,20,12,Ramesh Krishnamurti                                                                                                                                                                                                                                       ,LEC
1111,ENSC    ,283,SURREY    ,32,32,<null>,LAB
1081,CMPT    ,881,BURNABY   ,8,5,Andrei Bulatov                                                                                                                                                                                                                                            ,LEC
1091,CMNS    ,438,BURNABY   ,5,0,. Faculty                                                                                                                                                                                                                                                 ,SEC
1091,CMNS    ,438,OFF       ,5,0,. Faculty                                                                                                                                                                                                                                                 ,SEC
1087,CMPT    ,165,BURNABY   ,152,150,Anne Lavergne                                                                                                                                                                                                                                             ,LEC
1161,CMPT    ,126,BURNABY   ,25,13,Ali Madooei                                                                                                                                                                                                                                               ,LAB
1094,CMPT    ,125,BURNABY   ,50,35,Louis Hafer                                                                                                                                                                                                                                               ,LEC
1161,CMPT    ,225,BURNABY   ,25,26,Geoffrey Tien                                                                                                                                                                                                                                             ,LAB
1097,CMPT    ,120,BURNABY   ,26,24,Bradley Bart                                                                                                                                                                                                                                              ,LAB
1121,ENSC    ,460,SURREY    ,10,1,Majid Bahrami                                                                                                                                                                                                                                             ,LEC
1111,ENSC    ,893,SURREY    ,10,7,<null>,TUT
1101,ENSC    ,894,BURNABY   ,10,7,Marinko Sarunic                                                                                                                                                                                                                                           ,LEC
1137,ENSC    ,894,BURNABY   ,10,4,Shahram Payandeh                                                                                                                                                                                                                                          ,LEC
1151,ENSC    ,894,BURNABY   ,2,3,Marinko Sarunic                                                                                                                                                                                                                                           ,TUT
1107,CMPT    ,300,BURNABY   ,85,83,Michael Evans                                                                                                                                                                                                                                             ,LEC
1121,CMPT    ,165,BURNABY   ,60,60,Gregory Baker                                                                                                                                                                                                                                             ,SEC
1081,CMNS    ,494,BURNABY   ,35,14,Marcia Shimizu                                                                                                                                                                                                                                            ,PRA
1094,CMNS    ,891,OFF       ,5,1,Marcia Shimizu                                                                                                                                                                                                                                            ,SEC
1174,CMPT    ,300,SURREY    ,85,84,Harinder Khangura                                                                                                                                                                                                                                         ,LEC
1114,CMPT    ,165,BURNABY   ,26,25,Anne Lavergne                                                                                                                                                                                                                                             ,LAB
1137,CMPT    ,165,SURREY    ,18,18,Bobby Chan                                                                                                                                                                                                                                                ,LAB
1111,CMPT    ,427,BURNABY   ,25,22,Harriet Chicoine                                                                                                                                                                                                                                          ,SEC
1137,CMPT    ,427,METRO     ,30,36,Harriet Chicoine                                                                                                                                                                                                                                          ,SEC
1127,CMPT    ,427,METRO     ,10,6,"Harriet Chicoine, John McDonald                                                                                                                                                                                                                           ",SEC
1127,CMPT    ,354,BURNABY   ,85,84,James Delgrande                                                                                                                                                                                                                                           ,LEC
1167,CMPT    ,307,BURNABY   ,85,80,Joseph Peters                                                                                                                                                                                                                                             ,LEC
1114,CMPT    ,165,BURNABY   ,208,201,Anne Lavergne                                                                                                                                                                                                                                             ,LEC
1114,CMPT    ,165,BURNABY   ,26,24,Anne Lavergne                                                                                                                                                                                                                                             ,LAB
1137,CMPT    ,165,BURNABY   ,26,26,Gregory Baker                                                                                                                                                                                                                                             ,LAB
1087,CMPT    ,165,BURNABY   ,32,32,Anne Lavergne                                                                                                                                                                                                                                             ,LAB
1104,CMPT    ,165,SURREY    ,120,113,Harinder Khangura                                                                                                                                                                                                                                         ,LEC
1124,CMPT    ,383,BURNABY   ,100,101,Gregory Baker                                                                                                                                                                                                                                             ,LEC
1157,CMPT    ,383,SURREY    ,75,72,Robert Cameron                                                                                                                                                                                                                                            ,LEC
1161,CMPT    ,383,SURREY    ,60,60,Toby Donaldson                                                                                                                                                                                                                                            ,LEC
1181,CMPT    ,383,BURNABY   ,90,62,Thomas Shermer                                                                                                                                                                                                                                            ,LEC
1181,CMPT    ,416,BURNABY   ,9,4,John Edgar                                                                                                                                                                                                                                                ,SEC
1107,ENSC    ,195,OFF       ,10,4,<null>,SEC
1171,ENSC    ,899,BURNABY   ,100,44,<null>,SEC
1117,ENSC    ,481,BURNABY   ,26,26,<null>,RQL
1137,CMPT    ,150,BURNABY   ,104,0,<null>,LEC
1107,ENSC    ,396,BURNABY   ,4,2,<null>,SEC
1111,CMPT    ,361,HRBRCNTR  ,0,0,<null>,LEC
1121,ENSC    ,296,BURNABY   ,20,1,<null>,SEC
1087,CMNS    ,892,OFF       ,5,0,<null>,SEC
1104,ENSC    ,194,OFF       ,25,0,<null>,SEC
1127,ENSC    ,195,OFF       ,25,17,<null>,SEC
1174,ENSC    ,892,OFF       ,40,0,<null>,SEC
1094,ENSC    ,250,BURNABY   ,25,0,<null>,TUT
1111,ENSC    ,296,BURNABY   ,5,1,<null>,SEC
1111,ENSC    ,195,BURNABY   ,40,36,<null>,SEC
1084,CMPT    ,415,BURNABY   ,2,2,Alexandra Fedorova                                                                                                                                                                                                                                        ,SEC
1144,CMPT    ,427,VAN       ,5,4,Harriet Chicoine                                                                                                                                                                                                                                          ,SEC
1101,CMPT    ,427,OFF       ,15,1,Frances McLafferty                                                                                                                                                                                                                                        ,SEC
1177,CMPT    ,307,SURREY    ,90,86,Kay Wiese                                                                                                                                                                                                                                                 ,LEC
1157,ENSC    ,100W      ,BURNABY   ,8,8,<null>,LAB
1181,CMPT    ,469,BURNABY   ,55,18,Yasutaka Furukawa                                                                                                                                                                                                                                         ,LEC
1081,CMPT    ,414,BURNABY   ,25,23,Ze-Nian Li                                                                                                                                                                                                                                                ,LEC
1167,CMPT    ,430,OFF       ,3,0,Harriet Chicoine                                                                                                                                                                                                                                          ,SEC
1094,CMPT    ,415,BURNABY   ,1,1,Ghassan Hamarneh                                                                                                                                                                                                                                          ,SEC
1121,CMPT    ,415,BURNABY   ,8,8,"Arthur Kirkpatrick, Jiangchuan Liu                                                                                                                                                                                                                        ",SEC
1164,CMPT    ,415,BURNABY   ,5,4,John Edgar                                                                                                                                                                                                                                                ,SEC
1141,CMPT    ,430,METRO     ,5,1,Harriet Chicoine                                                                                                                                                                                                                                          ,SEC
1177,MATH    ,345,BURNABY   ,32,0,<null>,TUT
1161,CMPT    ,899,BURNABY   ,100,98,. Faculty                                                                                                                                                                                                                                                 ,SEC
1157,CMPT    ,899,OFF       ,2,1,Hao Zhang                                                                                                                                                                                                                                                 ,SEC
1171,CMPT    ,843,BURNABY   ,45,27,Jiannan Wang                                                                                                                                                                                                                                              ,LEC
1084,KIN     ,301,BURNABY   ,12,0,<null>,LAB
1167,MATH    ,480W      ,BURNABY   ,32,5,<null>,TUT
1177,MATH    ,480W      ,BURNABY   ,32,6,<null>,TUT
1144,MSE     ,411W      ,SURREY    ,0,0,<null>,OPL
1081,CMNS    ,253W      ,HRBRCNTR  ,13,14,<null>,LAB
1181,CMPT    ,416,BURNABY   ,1,1,Brian Fraser                                                                                                                                                                                                                                              ,SEC
1171,CMPT    ,416,BURNABY   ,3,2,Brian Fraser                                                                                                                                                                                                                                              ,SEC
1157,CMPT    ,827,BURNABY   ,20,6,David Mitchell                                                                                                                                                                                                                                            ,LEC
1171,CMPT    ,471,BURNABY   ,75,60,Mohamed Hefeeda                                                                                                                                                                                                                                           ,LEC
1147,CMPT    ,471,SURREY    ,30,25,Mohamed Hefeeda                                                                                                                                                                                                                                           ,LEC
1114,CMPT    ,430,OFF       ,5,2,Harriet Chicoine                                                                                                                                                                                                                                          ,SEC
1137,CMPT    ,815,BURNABY   ,25,5,Ramesh Krishnamurti                                                                                                                                                                                                                                       ,SEC
1081,CMPT    ,340,BURNABY   ,25,0,<null>,LEC
1107,ENSC    ,104,SURREY    ,30,30,<null>,LAB
1091,CMNS    ,253W      ,HRBRCNTR  ,16,19,<null>,LAB
1087,IAT     ,338,SURREY    ,0,0,<null>,LAB
1141,ENSC    ,320,BURNABY   ,100,0,John Bird                                                                                                                                                                                                                                                 ,OPL
1121,ENSC    ,230,BURNABY   ,30,30,". Faculty, Shahram Payandeh                                                                                                                                                                                                                               ",LEC
1104,CMPT    ,430,OFF       ,15,0,Frances McLafferty                                                                                                                                                                                                                                        ,SEC
1181,CMPT    ,899,BURNABY   ,120,98,. Faculty                                                                                                                                                                                                                                                 ,SEC
1174,MSE     ,495,SURREY    ,5,0,<null>,LAB
1171,CHIN    ,281,BURNABY   ,8,5,<null>,TUT
1081,CMNS    ,253W      ,HRBRCNTR  ,12,12,<null>,LAB
1091,CMNS    ,253W      ,HRBRCNTR  ,16,16,<null>,LAB
1087,CMNS    ,304W      ,BURNABY   ,16,13,<null>,TUT
1181,ENSC    ,427,BURNABY   ,50,13,Ljiljana Trajkovic                                                                                                                                                                                                                                        ,TUT
1161,ENSC    ,426,BURNABY   ,27,8,Lakshman One                                                                                                                                                                                                                                              ,LEC
1127,ENSC    ,387,BURNABY   ,50,25,. Faculty                                                                                                                                                                                                                                                 ,RQL
1087,KIN     ,180W      ,BURNABY   ,18,18,<null>,TUT
1141,ENSC    ,395,OFF       ,10,12,Harriet Chicoine                                                                                                                                                                                                                                          ,SEC
1141,ENSC    ,425,BURNABY   ,47,43,"Lakshman One, Michael Sjoerdsma                                                                                                                                                                                                                           ",LEC
1151,ENSC    ,425,BURNABY   ,36,25,Lakshman One                                                                                                                                                                                                                                              ,LEC
1091,ENSC    ,283,SURREY    ,24,22,<null>,LAB
1157,MATH    ,879,BURNABY   ,6,2,<null>,SEC
1087,ENSC    ,201,BURNABY   ,90,68,John Jones                                                                                                                                                                                                                                                ,LEC
1091,CMNS    ,240,BURNABY   ,18,20,<null>,TUT
1147,ENSC    ,325,BURNABY   ,100,54,Marek Syrzycki                                                                                                                                                                                                                                            ,TUT
1181,ENSC    ,325,BURNABY   ,75,60,Marek Syrzycki                                                                                                                                                                                                                                            ,TUT
1127,ENSC    ,424,BURNABY   ,70,65,Jie Liang                                                                                                                                                                                                                                                 ,LEC
1157,ENSC    ,489,BURNABY   ,75,91,Michael Henrey                                                                                                                                                                                                                                            ,LEC
1131,ENSC    ,406,SURREY    ,70,75,Maureen Hindy                                                                                                                                                                                                                                             ,LEC
1167,ENSC    ,488,BURNABY   ,50,19,Kamal Gupta                                                                                                                                                                                                                                               ,TUT
1114,ENSC    ,395,OFF       ,10,4,Farid Golnaraghi                                                                                                                                                                                                                                          ,SEC
1117,MACM    ,204,BURNABY   ,0,0,<null>,LAB
1087,CMNS    ,324,BURNABY   ,18,19,<null>,TUT
1081,CMNS    ,353,HRBRCNTR  ,18,19,<null>,LAB
1147,ENSC    ,264,BURNABY   ,39,39,Lakshman One                                                                                                                                                                                                                                              ,LEC
1181,ENSC    ,295,METRO     ,35,36,Harriet Chicoine                                                                                                                                                                                                                                          ,SEC
1084,CMPT    ,126,BURNABY   ,30,22,<null>,LAB
1104,ENSC    ,383,SURREY    ,60,52,Siamak Arzanpour                                                                                                                                                                                                                                          ,LEC
1081,MATH    ,345,BURNABY   ,32,19,<null>,TUT
1134,ENSC    ,325,BURNABY   ,72,55,Homa Eghbali                                                                                                                                                                                                                                              ,TUT
1107,ENSC    ,891,BURNABY   ,80,17,". Faculty, Daniel Lee                                                                                                                                                                                                                                     ",SEC
1101,ENSC    ,898,BURNABY   ,75,58,. Faculty                                                                                                                                                                                                                                                 ,SEC
1174,ENSC    ,852,BURNABY   ,30,7,Marek Syrzycki                                                                                                                                                                                                                                            ,LEC
1101,ENSC    ,851,BURNABY   ,18,17,Albert Leung                                                                                                                                                                                                                                              ,LEC
1081,IAT     ,897,SURREY    ,40,8,<null>,SEC
1094,CMNS    ,454,HRBRCNTR  ,18,14,<null>,TUT
1094,KIN     ,310,BURNABY   ,60,57,Ryan Dill                                                                                                                                                                                                                                                 ,SEC
1177,ENSC    ,395,OFF       ,25,3,Harriet Chicoine                                                                                                                                                                                                                                          ,SEC
1151,ENSC    ,380,BURNABY   ,190,170,Ivan Bajic                                                                                                                                                                                                                                                ,TUT
1111,ENSC    ,350,BURNABY   ,55,53,Lakshman One                                                                                                                                                                                                                                              ,LEC
1154,ENSC    ,325,BURNABY   ,45,29,Fabio Campi                                                                                                                                                                                                                                               ,LAB
1117,ENSC    ,489,BURNABY   ,80,35,Shahram Payandeh                                                                                                                                                                                                                                          ,LEC
1131,ENSC    ,406,BURNABY   ,98,96,Michael Sjoerdsma                                                                                                                                                                                                                                         ,LEC
1111,ENSC    ,428,BURNABY   ,20,17,Sami Muhaidat                                                                                                                                                                                                                                             ,LEC
1081,MATH    ,345,BURNABY   ,32,10,<null>,TUT
1144,ENSC    ,428,BURNABY   ,40,22,Ivan Bajic                                                                                                                                                                                                                                                ,LEC
1111,ENSC    ,851,BURNABY   ,12,8,Albert Leung                                                                                                                                                                                                                                              ,LEC
1087,ENSC    ,499,BURNABY   ,20,4,. Faculty                                                                                                                                                                                                                                                 ,SEC
1121,ENSC    ,895,SURREY    ,10,11,<null>,TUT
1091,KIN     ,110,BURNABY   ,270,267,Penelope Deck                                                                                                                                                                                                                                             ,LEC
1091,KIN     ,306,BURNABY   ,90,80,Penelope Deck                                                                                                                                                                                                                                             ,LEC
1081,KIN     ,312,BURNABY   ,60,57,". Sessional, Susan Crawford                                                                                                                                                                                                                               ",SEC
1091,KIN     ,342,BURNABY   ,30,31,Anthony Leyland                                                                                                                                                                                                                                           ,SEC
1141,MATH    ,157,SURREY    ,75,40,Timothy James Yusun                                                                                                                                                                                                                                       ,LEC
1171,ENSC    ,386,BURNABY   ,50,35,Shahram Payandeh                                                                                                                                                                                                                                          ,RQL
1181,ENSC    ,386,BURNABY   ,50,32,Shahram Payandeh                                                                                                                                                                                                                                          ,RQL
1164,MSE     ,427,SURREY    ,76,38,Kambiz Haji Hajikolaei                                                                                                                                                                                                                                    ,LEC
1171,ENSC    ,702,OFF       ,10,0,Harriet Chicoine                                                                                                                                                                                                                                          ,PRA
1157,ENSC    ,252,BURNABY   ,29,29,Lakshman One                                                                                                                                                                                                                                              ,LAB
1087,KIN     ,452,BURNABY   ,15,3,Darleen Bemister                                                                                                                                                                                                                                          ,PRA
1137,MSE     ,822,SURREY    ,25,11,Majid Bahrami                                                                                                                                                                                                                                             ,LEC
1117,CMPT    ,896,BURNABY   ,10,3,. Faculty                                                                                                                                                                                                                                                 ,SEC
1131,ENSC    ,441,SURREY    ,72,72,Carolyn Sparrey                                                                                                                                                                                                                                           ,SEM
1127,ENSC    ,215,BURNABY   ,22,24,William Scratchley                                                                                                                                                                                                                                        ,LAB
1144,ENSC    ,215,BURNABY   ,60,60,Fabio Campi                                                                                                                                                                                                                                               ,LAB
1127,ENSC    ,215,BURNABY   ,22,23,William Scratchley                                                                                                                                                                                                                                        ,LAB
1104,ENSC    ,332,SURREY    ,60,40,Mehrdad Moallem                                                                                                                                                                                                                                           ,LEC
1117,ENSC    ,182,SURREY    ,24,24,Amr Marzouk                                                                                                                                                                                                                                               ,LEC
1121,ENSC    ,182,SURREY    ,30,30,Amr Marzouk                                                                                                                                                                                                                                               ,LEC
1094,CMNS    ,240,BURNABY   ,18,4,<null>,TUT
1087,CMNS    ,324,BURNABY   ,18,20,<null>,TUT
1114,ENSC    ,895,SURREY    ,3,2,<null>,LAB
1134,ENSC    ,896,BURNABY   ,10,1,<null>,SEC
1161,ENSC    ,702,BURNABY   ,10,9,Harriet Chicoine                                                                                                                                                                                                                                          ,PRA
1151,MSE     ,426,SURREY    ,60,62,Gary Wang                                                                                                                                                                                                                                                 ,TUT
1171,ENSC    ,702,BURNABY   ,10,5,Harriet Chicoine                                                                                                                                                                                                                                          ,PRA
1177,MSE     ,894,SURREY    ,20,4,Flavio Firmani                                                                                                                                                                                                                                            ,LEC
1134,MSE     ,894,SURREY    ,5,3,Krishna Vijayaraghavan                                                                                                                                                                                                                                    ,LAB
1127,ENSC    ,411,BURNABY   ,15,6,John Jones                                                                                                                                                                                                                                                ,TUT
1117,ENSC    ,452,BURNABY   ,26,20,Lesley Shannon                                                                                                                                                                                                                                            ,TUT
1177,DDP     ,310,OFF       ,30,6,Ze-Nian Li                                                                                                                                                                                                                                                ,SEC
1091,IAT     ,267,SURREY    ,24,23,Helmine Serban                                                                                                                                                                                                                                            ,STL
1144,MSE     ,481,SURREY    ,130,69,Amr Marzouk                                                                                                                                                                                                                                               ,LEC
1181,MSE     ,483,SURREY    ,90,54,Mehrdad Moallem                                                                                                                                                                                                                                           ,LEC
1167,MSE     ,321,SURREY    ,30,22,Majid Bahrami                                                                                                                                                                                                                                             ,LAB
1124,CMPT    ,626,OFF       ,30,3,Cristina Eftenaru                                                                                                                                                                                                                                         ,PRA
1181,MACM    ,203,BURNABY   ,32,32,Cedric Chauve                                                                                                                                                                                                                                             ,LEC
1167,MATH    ,708,SURREY    ,10,6,Tamon Stephen                                                                                                                                                                                                                                             ,LEC
1131,MATH    ,795,BURNABY   ,10,2,David Muraki                                                                                                                                                                                                                                              ,LEC
1104,ENSC    ,331,SURREY    ,66,53,Behraad Bahreyni                                                                                                                                                                                                                                          ,TUT
1084,ENSC    ,182,SURREY    ,24,24,Lakshman One                                                                                                                                                                                                                                              ,LEC
1121,ENSC    ,182,SURREY    ,26,27,Amr Marzouk                                                                                                                                                                                                                                               ,LEC
1154,MATH    ,152,BURNABY   ,260,193,Youssef Qranfal                                                                                                                                                                                                                                           ,LEC
1097,MATH    ,151,SURREY    ,90,0,Randall Pyke                                                                                                                                                                                                                                              ,OPL
1081,IAT     ,235,SURREY    ,24,25,Maia Engeli                                                                                                                                                                                                                                               ,SEM
1091,CMNS    ,130W      ,BURNABY   ,256,250,Ian Chunn                                                                                                                                                                                                                                                 ,LEC
1081,CMNS    ,130W      ,SURREY    ,64,41,David Newman                                                                                                                                                                                                                                              ,LEC
1171,MACM    ,316,BURNABY   ,251,221,Brenda Davison                                                                                                                                                                                                                                            ,LEC
1094,CMNS    ,479,OFF       ,10,2,. Faculty                                                                                                                                                                                                                                                 ,SEC
1161,CMPT    ,497,BURNABY   ,5,2,Ze-Nian Li                                                                                                                                                                                                                                                ,SEC
1171,CMPT    ,497,BURNABY   ,5,3,Ze-Nian Li                                                                                                                                                                                                                                                ,SEC
1081,MACM    ,316,BURNABY   ,160,73,Manfred Trummer                                                                                                                                                                                                                                           ,LEC
1127,ENSC    ,382,SURREY    ,90,63,Gary Wang                                                                                                                                                                                                                                                 ,LEC
1094,IAT     ,202,SURREY    ,96,92,Lorna Boschman                                                                                                                                                                                                                                            ,LEC
1141,MATH    ,190,BURNABY   ,45,39,"Brenda Davison, Petra Menz                                                                                                                                                                                                                                ",SEC
1167,MATH    ,190,BURNABY   ,45,36,Petra Menz                                                                                                                                                                                                                                                ,SEC
1177,MATH    ,190,BURNABY   ,44,39,Petra Menz                                                                                                                                                                                                                                                ,SEC
1151,MATH    ,157,BURNABY   ,229,222,Stephen Choi                                                                                                                                                                                                                                              ,LEC
1091,MATH    ,190,KAM       ,12,3,Ping Ding                                                                                                                                                                                                                                                 ,SEC
1167,MATH    ,157,BURNABY   ,504,486,Stephen Choi                                                                                                                                                                                                                                              ,LEC
1161,MATH    ,462,BURNABY   ,20,15,Mary Catherine Kropinski                                                                                                                                                                                                                                  ,LEC
1181,MATH    ,462,BURNABY   ,25,19,Mary Catherine Kropinski                                                                                                                                                                                                                                  ,LEC
1097,CMPT    ,165,BURNABY   ,25,22,Gregory Baker                                                                                                                                                                                                                                             ,LAB
1104,CMPT    ,165,BURNABY   ,25,24,Bobby Chan                                                                                                                                                                                                                                                ,LAB
1094,CMNS    ,304W      ,BURNABY   ,13,9,<null>,TUT
1137,CMPT    ,308,BURNABY   ,50,39,Valentine Kabanets                                                                                                                                                                                                                                        ,LEC
1167,CMPT    ,307,BURNABY   ,85,81,Xian Qiu                                                                                                                                                                                                                                                  ,LEC
1091,CMPT    ,250,BURNABY   ,15,9,Louis Hafer                                                                                                                                                                                                                                               ,LAB
1164,CMPT    ,415,BURNABY   ,2,1,Ryan Shea                                                                                                                                                                                                                                                 ,SEC
1091,CMPT    ,740,BURNABY   ,20,8,Wo-Shun Luk                                                                                                                                                                                                                                               ,LEC
1124,CMPT    ,471,BURNABY   ,55,41,Janice Regan                                                                                                                                                                                                                                              ,LEC
1127,MATH    ,251,SURREY    ,98,80,Youssef Qranfal                                                                                                                                                                                                                                           ,LEC
1131,ENSC    ,182,SURREY    ,30,30,Amr Marzouk                                                                                                                                                                                                                                               ,LEC
1107,ENSC    ,182,SURREY    ,24,22,Amr Marzouk                                                                                                                                                                                                                                               ,LEC
1124,MATH    ,240,BURNABY   ,141,127,Andrew King                                                                                                                                                                                                                                               ,LEC
1117,MATH    ,151,BURNABY   ,210,192,Brenda Davison                                                                                                                                                                                                                                            ,LEC
1091,IAT     ,202,SURREY    ,24,23,Michael Filimowicz                                                                                                                                                                                                                                        ,STL
1114,ENSC    ,320,BURNABY   ,40,39,<null>,RQL
1167,MATH    ,310,SURREY    ,64,48,Timothy James Yusun                                                                                                                                                                                                                                       ,LEC
1137,MATH    ,242,BURNABY   ,78,71,Tom Archibald                                                                                                                                                                                                                                             ,LEC
1091,MATH    ,496,SURREY    ,20,2,Tamon Stephen                                                                                                                                                                                                                                             ,LEC
1081,MATH    ,436,BURNABY   ,20,1,Faye Stefan                                                                                                                                                                                                                                               ,SEC
1167,MATH    ,343,BURNABY   ,32,23,Luis Goddyn                                                                                                                                                                                                                                               ,LEC
1157,MACM    ,316,BURNABY   ,194,142,Brenda Davison                                                                                                                                                                                                                                            ,LEC
1081,MACM    ,201,BURNABY   ,150,99,Robert Samal                                                                                                                                                                                                                                              ,LEC
1171,MACM    ,201,BURNABY   ,229,169,Cedric Chauve                                                                                                                                                                                                                                             ,LEC
1151,MATH    ,251,BURNABY   ,229,171,Razvan Fetecau                                                                                                                                                                                                                                            ,LEC
1127,MATH    ,242,BURNABY   ,72,63,Tom Archibald                                                                                                                                                                                                                                             ,LEC
1121,MATH    ,309,BURNABY   ,64,41,Yanghong Huang                                                                                                                                                                                                                                            ,LEC
1084,KIN     ,304W      ,BURNABY   ,48,49,Richard Ward                                                                                                                                                                                                                                              ,LEC
1177,MATH    ,336,OFF       ,20,0,Stuart Billings                                                                                                                                                                                                                                           ,SEC
1087,MATH    ,322,BURNABY   ,64,49,Stephen Choi                                                                                                                                                                                                                                              ,LEC
1121,MATH    ,891,OFF       ,6,0,Faye Stefan                                                                                                                                                                                                                                               ,SEC
1137,MATH    ,890,BURNABY   ,20,0,Stuart Billings                                                                                                                                                                                                                                           ,SEC
1151,MATH    ,336,BURNABY   ,20,1,Stuart Billings                                                                                                                                                                                                                                           ,SEC
1167,MATH    ,336,OFF       ,20,0,Stuart Billings                                                                                                                                                                                                                                           ,SEC
1167,MATH    ,310,BURNABY   ,206,176,John Stockie                                                                                                                                                                                                                                              ,LEC
1104,MATH    ,336,BURNABY   ,20,4,Faye Stefan                                                                                                                                                                                                                                               ,SEC
1111,MATH    ,320,BURNABY   ,32,26,Nilima Nigam                                                                                                                                                                                                                                              ,LEC
1087,MATH    ,892,OFF       ,10,0,Faye Stefan                                                                                                                                                                                                                                               ,SEC
1104,MATH    ,892,OFF       ,6,0,Faye Stefan                                                                                                                                                                                                                                               ,SEC
1094,MATH    ,891,BURNABY   ,10,0,Faye Stefan                                                                                                                                                                                                                                               ,SEC
1107,MATH    ,891,BURNABY   ,20,0,Faye Stefan                                                                                                                                                                                                                                               ,SEC
1141,MATH    ,894,BURNABY   ,6,0,. Faculty                                                                                                                                                                                                                                                 ,SEC
1117,MATH    ,891,BURNABY   ,20,0,Faye Stefan                                                                                                                                                                                                                                               ,SEC
1121,MATH    ,891,BURNABY   ,6,0,Faye Stefan                                                                                                                                                                                                                                               ,SEC
1107,MATH    ,891,OFF       ,20,0,Faye Stefan                                                                                                                                                                                                                                               ,SEC
1084,MATH    ,486,BURNABY   ,20,0,Faye Stefan                                                                                                                                                                                                                                               ,SEC
1114,MATH    ,894,BURNABY   ,6,1,"Luis Goddyn, Matthew DeVos                                                                                                                                                                                                                                ",SEC
1084,CMNS    ,362,HRBRCNTR  ,18,16,<null>,TUT
1164,ENSC    ,428,BURNABY   ,45,19,<null>,RQL
1101,MATH    ,402,BURNABY   ,10,0,<null>,SEC
1091,ENSC    ,372,BURNABY   ,20,0,<null>,OPL
1087,REM     ,649,HRBRCNTR  ,12,7,Peter Williams                                                                                                                                                                                                                                            ,SEM
1181,ENSC    ,895,BURNABY   ,10,0,<null>,LEC
1171,ENSC    ,895,BURNABY   ,6,0,<null>,LEC
1094,WKTM    ,200,OFF       ,50,3,"Frances McLafferty, Navinder Chima                                                                                                                                                                                                                        ",SEC
1151,MATH    ,150,BURNABY   ,250,144,Jamie Mulholland                                                                                                                                                                                                                                          ,LEC
1097,MATH    ,310,SURREY    ,82,67,Natalia Kouzniak                                                                                                                                                                                                                                          ,LEC
1167,MATH    ,336,BURNABY   ,20,5,Stuart Billings                                                                                                                                                                                                                                           ,SEC
1177,ENSC    ,100W      ,BURNABY   ,9,9,Michael Sjoerdsma                                                                                                                                                                                                                                         ,LAB
1167,ENSC    ,100W      ,BURNABY   ,9,9,Michael Sjoerdsma                                                                                                                                                                                                                                         ,LAB
1171,MATH    ,880,BURNABY   ,3,0,. Faculty                                                                                                                                                                                                                                                 ,SEC
1161,MATH    ,880,BURNABY   ,3,0,. Faculty                                                                                                                                                                                                                                                 ,SEC
1171,MATH    ,880,BURNABY   ,3,0,. Faculty                                                                                                                                                                                                                                                 ,SEC
1161,MATH    ,880,BURNABY   ,3,1,. Faculty                                                                                                                                                                                                                                                 ,SEC
1171,MATH    ,880,BURNABY   ,3,1,. Faculty                                                                                                                                                                                                                                                 ,SEC
1111,MATH    ,745,BURNABY   ,15,7,Ladislav Stacho                                                                                                                                                                                                                                           ,LEC
1094,MATH    ,898,BURNABY   ,35,30,. Faculty                                                                                                                                                                                                                                                 ,SEC
1104,MATH    ,894,BURNABY   ,6,0,. TBD                                                                                                                                                                                                                                                     ,SEC
1167,MATH    ,894,BURNABY   ,6,3,Benjamin Adcock                                                                                                                                                                                                                                           ,SEC
1084,IAT     ,392,ITALY     ,14,14,Russell Taylor                                                                                                                                                                                                                                            ,LEC
1167,MSE     ,793,SUR       ,5,1,<null>,PRA
1107,ENSC    ,104,SURREY    ,30,0,<null>,LAB
1151,ENSC    ,472,BURNABY   ,18,0,Stephen Robinovitch                                                                                                                                                                                                                                       ,LEC
1084,CMPT    ,126,BURNABY   ,0,0,<null>,LAB
1091,TECH    ,114,SURREY    ,48,46,C. Andrew Paulin                                                                                                                                                                                                                                          ,LAB
1091,TECH    ,114,SURREY    ,48,47,James Phillips                                                                                                                                                                                                                                            ,LAB
1131,MATH    ,150,BURNABY   ,35,18,"Chiaka Drakes, Jamie Mulholland                                                                                                                                                                                                                           ",SEC
1127,ENSC    ,100W      ,BURNABY   ,5,5,. Faculty                                                                                                                                                                                                                                                 ,TUT
1164,MATH    ,891,BURNABY   ,20,0,Stuart Billings                                                                                                                                                                                                                                           ,SEC
1081,IAT     ,431,SURREY    ,24,0,Diane Gromala                                                                                                                                                                                                                                             ,OPL
1091,IAT     ,486,SURREY    ,1,2,Magy Seif El-Nasr                                                                                                                                                                                                                                         ,LEC
1154,MSE     ,311,SURREY    ,30,0,<null>,LAB
1121,ENSC    ,370,BURNABY   ,24,27,Andrew Rawicz                                                                                                                                                                                                                                             ,TUT
1127,MATH    ,882,OFF       ,10,0,<null>,SEC
1091,KIN     ,835,BURNABY   ,25,0,<null>,LEC
1091,IAT     ,814,SURREY    ,20,14,Linda Bartram                                                                                                                                                                                                                                             ,SEM
1084,IAT     ,100,SURREY    ,24,28,David Botta                                                                                                                                                                                                                                               ,STL
1171,CMPT    ,120,BURNABY   ,26,26,Anne Lavergne                                                                                                                                                                                                                                             ,LAB
1094,CMPT    ,120,BURNABY   ,26,16,Steven Pearce                                                                                                                                                                                                                                             ,LAB
1161,CMPT    ,120,BURNABY   ,25,24,Anne Lavergne                                                                                                                                                                                                                                             ,LAB
1097,CMPT    ,125,BURNABY   ,26,26,Diana Cukierman                                                                                                                                                                                                                                           ,LAB
1177,MATH    ,150,BURNABY   ,331,251,Am�lie Trotignon                                                                                                                                                                                                                                          ,LEC
1177,ENSC    ,100W      ,BURNABY   ,8,8,Michael Sjoerdsma                                                                                                                                                                                                                                         ,LAB
1081,IAT     ,333,SURREY    ,72,69,Ronald Wakkary                                                                                                                                                                                                                                            ,STL
1141,MATH    ,150,SURREY    ,60,32,Zhaosong Lu                                                                                                                                                                                                                                               ,LEC
1177,MATH    ,150,SURREY    ,108,74,Randall Pyke                                                                                                                                                                                                                                              ,LEC
1117,ENSC    ,100W      ,BURNABY   ,6,6,. Faculty                                                                                                                                                                                                                                                 ,TUT
1177,MATH    ,725,BURNABY   ,10,6,Nilima Nigam                                                                                                                                                                                                                                              ,LEC
1101,MATH    ,739,BURNABY   ,4,1,Michael Monagan                                                                                                                                                                                                                                           ,LEC
1091,MATH    ,880,BURNABY   ,3,0,. Faculty                                                                                                                                                                                                                                                 ,SEC
1151,MATH    ,130,SURREY    ,102,96,Cameron Morland                                                                                                                                                                                                                                           ,LEC
1094,IAT     ,872,BURNABY   ,1,1,Dragan Gasevic                                                                                                                                                                                                                                            ,SEM
1157,CMPT    ,128,BURNABY   ,26,26,Janice Regan                                                                                                                                                                                                                                              ,LAB
1177,CMPT    ,225,BURNABY   ,26,26,Golnar Sheikhshabbafghi                                                                                                                                                                                                                                   ,LAB
1101,CMPT    ,225,BURNABY   ,26,24,David Mitchell                                                                                                                                                                                                                                            ,LAB
1127,CMPT    ,225,BURNABY   ,26,26,David Mitchell                                                                                                                                                                                                                                            ,LAB
1157,CMPT    ,128,BURNABY   ,26,24,Janice Regan                                                                                                                                                                                                                                              ,LAB
1141,CMPT    ,225,BURNABY   ,26,26,David Mitchell                                                                                                                                                                                                                                            ,LAB
1104,CMPT    ,225,BURNABY   ,26,19,Bradley Bart                                                                                                                                                                                                                                              ,LAB
1114,CMPT    ,225,BURNABY   ,26,24,Anne Lavergne                                                                                                                                                                                                                                             ,LAB
1127,CMPT    ,225,SURREY    ,55,51,Toby Donaldson                                                                                                                                                                                                                                            ,LEC
1107,ENSC    ,100W      ,BURNABY   ,4,4,Michael Sjoerdsma                                                                                                                                                                                                                                         ,TUT
1111,ENSC    ,894,BURNABY   ,0,0,<null>,LEC
1134,MATH    ,254,BURNABY   ,130,102,Veselin Jungic                                                                                                                                                                                                                                            ,LEC
1087,IAT     ,244,SURREY    ,96,93,Michael Filimowicz                                                                                                                                                                                                                                        ,LEC
1111,CMPT    ,885,SURREY    ,20,15,Robert Cameron                                                                                                                                                                                                                                            ,LEC
1117,ENSC    ,894,BURNABY   ,4,2,Glenn Chapman                                                                                                                                                                                                                                             ,LEC
1177,CMPT    ,295,BURNABY   ,26,26,Bradley Bart                                                                                                                                                                                                                                              ,LAB
1177,CMPT    ,295,BURNABY   ,26,26,Bradley Bart                                                                                                                                                                                                                                              ,LAB
1177,ENSC    ,477,BURNABY   ,40,28,"Marinko Sarunic, Teresa Cheung                                                                                                                                                                                                                            ",LAB
1181,ENSC    ,405W      ,BURNABY   ,80,68,Stephen Whitmore                                                                                                                                                                                                                                          ,LAB
1157,MATH    ,499W      ,BURNABY   ,5,3,Marni Mishna                                                                                                                                                                                                                                              ,SEC
1127,CMPT    ,705,BURNABY   ,28,21,Ramesh Krishnamurti                                                                                                                                                                                                                                       ,LEC
1171,CMPT    ,886,BURNABY   ,45,29,Ryan Shea                                                                                                                                                                                                                                                 ,SEM
1181,ENSC    ,703,OFF       ,5,0,Harriet Chicoine                                                                                                                                                                                                                                          ,PRA
1154,MSE     ,404,SURREY    ,20,18,Kevin Oldknow                                                                                                                                                                                                                                             ,LEC
1164,ENSC    ,251,BURNABY   ,48,47,William Scratchley                                                                                                                                                                                                                                        ,LAB
1147,ENSC    ,251,BURNABY   ,48,46,Lesley Shannon                                                                                                                                                                                                                                            ,LAB
1181,ENSC    ,702,OFF       ,5,0,Harriet Chicoine                                                                                                                                                                                                                                          ,PRA
1167,ENSC    ,251,BURNABY   ,192,179,William Scratchley                                                                                                                                                                                                                                        ,TUT
1167,ENSC    ,254,BURNABY   ,87,83,William Scratchley                                                                                                                                                                                                                                        ,LEC
1167,ENSC    ,120,BURNABY   ,30,0,Meenakshinathan Parameswaran                                                                                                                                                                                                                              ,LAB
1141,CMPT    ,225,BURNABY   ,26,27,David Mitchell                                                                                                                                                                                                                                            ,LAB
1157,CMPT    ,128,BURNABY   ,26,26,Janice Regan                                                                                                                                                                                                                                              ,LAB
1111,CMPT    ,225,BURNABY   ,26,26,Bradley Bart                                                                                                                                                                                                                                              ,LAB
1114,CMPT    ,126,BURNABY   ,26,17,Louis Hafer                                                                                                                                                                                                                                               ,LEC
1087,CMPT    ,125,BURNABY   ,25,10,Diana Cukierman                                                                                                                                                                                                                                           ,LAB
1111,CMPT    ,120,HRBRCNTR  ,26,25,William Havens                                                                                                                                                                                                                                            ,LAB
1114,CMPT    ,125,SURREY    ,26,26,Brian Fraser                                                                                                                                                                                                                                              ,LAB
1094,CMNS    ,387,HRBRCNTR  ,29,32,Dal Jin                                                                                                                                                                                                                                                   ,SEM
1124,ENSC    ,894,SURREY    ,10,11,Erik Kjeang                                                                                                                                                                                                                                               ,TUT
1117,ENSC    ,894,BURNABY   ,10,6,"John Jones, Kamal Gupta                                                                                                                                                                                                                                   ",LEC
1127,CMPT    ,225,SURREY    ,15,14,Toby Donaldson                                                                                                                                                                                                                                            ,LAB
1137,CMPT    ,225,SURREY    ,26,21,John Edgar                                                                                                                                                                                                                                                ,LAB
1171,CMPT    ,120,BURNABY   ,208,202,Anne Lavergne                                                                                                                                                                                                                                             ,LEC
1181,CMPT    ,120,BURNABY   ,208,206,". Faculty, Angelica Lim                                                                                                                                                                                                                                   ",LEC
1107,CMPT    ,120,BURNABY   ,25,24,Bradley Bart                                                                                                                                                                                                                                              ,LAB
1147,CMPT    ,120,BURNABY   ,26,26,Diana Cukierman                                                                                                                                                                                                                                           ,LAB
1147,CMPT    ,128,BURNABY   ,26,26,Janice Regan                                                                                                                                                                                                                                              ,LAB
1181,CMPT    ,120,BURNABY   ,26,26,Angelica Lim                                                                                                                                                                                                                                              ,LAB
1151,CMPT    ,881,BURNABY   ,5,0,Michael Monagan                                                                                                                                                                                                                                           ,LEC
1164,ENSC    ,894,BURNABY   ,2,2,Pierre Lane                                                                                                                                                                                                                                               ,LEC
1164,MSE     ,353,SURREY    ,130,113,Jiacheng Wang                                                                                                                                                                                                                                             ,TUT
1174,MSE     ,353,SURREY    ,100,81,Jiacheng Wang                                                                                                                                                                                                                                             ,TUT
1151,MSE     ,110,SURREY    ,30,0,Amr Marzouk                                                                                                                                                                                                                                               ,LAB
1161,MSE     ,110,SURREY    ,30,22,Amr Marzouk                                                                                                                                                                                                                                               ,LEC
1131,CMPT    ,130,SURREY    ,45,37,John Edgar                                                                                                                                                                                                                                                ,LEC
1081,CMPT    ,464,BURNABY   ,25,6,Hao Zhang                                                                                                                                                                                                                                                 ,LEC
1164,MSE     ,495,SURREY    ,5,0,<null>,LAB
1087,IAT     ,443,SURREY    ,120,72,"Jim Bizzocchi, Michael Filimowicz                                                                                                                                                                                                                         ",LEC
1087,CMNS    ,395,BURNABY   ,25,17,Marcia Shimizu                                                                                                                                                                                                                                            ,PRA
1084,CMNS    ,483,OFF       ,20,6,. Faculty                                                                                                                                                                                                                                                 ,SEC
1084,CMNS    ,473,HRBRCNTR  ,42,53,Anne Ahmad                                                                                                                                                                                                                                                ,LEC
1151,MSE     ,893,SURREY    ,10,0,Ahmad Rad                                                                                                                                                                                                                                                 ,LEC
1177,MSE     ,893,SURREY    ,20,2,"Kambiz Haji Hajikolaei, Krishna Vijayaraghavan                                                                                                                                                                                                            ",LEC
1154,MSE     ,893,SURREY    ,5,3,Flavio Firmani                                                                                                                                                                                                                                            ,LAB
1164,MSE     ,422,SURREY    ,11,11,Erik Kjeang                                                                                                                                                                                                                                               ,LAB
1181,MSE     ,750,SURREY    ,1,1,Jiacheng Wang                                                                                                                                                                                                                                             ,LAB
1144,MSE     ,720,SURREY    ,10,0,Carolyn Sparrey                                                                                                                                                                                                                                           ,TUT
1161,MSE     ,390,SURREY    ,24,24,Flavio Firmani                                                                                                                                                                                                                                            ,LAB
1167,MSE     ,496,SURREY    ,5,0,Stephanie DeRapp                                                                                                                                                                                                                                          ,LAB
1144,MSE     ,391,SURREY    ,37,34,Jiacheng Wang                                                                                                                                                                                                                                             ,LAB
1151,MSE     ,193,SURREY    ,10,0,Stephanie DeRapp                                                                                                                                                                                                                                          ,SEC
1121,ENSC    ,894,BURNABY   ,11,9,Marinko Sarunic                                                                                                                                                                                                                                           ,LEC
1181,MSE     ,480,SURREY    ,43,37,Kevin Oldknow                                                                                                                                                                                                                                             ,LAB
1147,MSE     ,250,SURREY    ,36,36,Mohammad Narimani                                                                                                                                                                                                                                         ,LAB
1181,MSE     ,480,SURREY    ,43,37,Kevin Oldknow                                                                                                                                                                                                                                             ,LAB
1177,MSE     ,321,SURREY    ,108,106,Ghasem Behfarshad                                                                                                                                                                                                                                         ,LEC
1137,MSE     ,321,SURREY    ,108,102,Peyman Taheri Bonab                                                                                                                                                                                                                                       ,TUT
1164,MSE     ,294,OFF       ,30,0,Stephanie DeRapp                                                                                                                                                                                                                                          ,SEC
1174,MSE     ,493,SURREY    ,30,17,Stephanie DeRapp                                                                                                                                                                                                                                          ,SEC
1154,MSE     ,110,SURREY    ,12,0,. TBD                                                                                                                                                                                                                                                     ,LAB
1147,MSE     ,110,SURREY    ,30,15,Amr Marzouk                                                                                                                                                                                                                                               ,TUT
1157,ENSC    ,894,BURNABY   ,10,9,Glenn Chapman                                                                                                                                                                                                                                             ,TUT
1171,MSE     ,402,SURREY    ,108,98,Maureen Hindy                                                                                                                                                                                                                                             ,LEC
1177,MSE     ,110,SURREY    ,19,22,"Amr Marzouk, Mohammad Narimani                                                                                                                                                                                                                            ",LAB
1147,CMPT    ,130,SURREY    ,25,25,Toby Donaldson                                                                                                                                                                                                                                            ,LAB
1157,CMPT    ,130,SURREY    ,26,24,Brian Fraser                                                                                                                                                                                                                                              ,LAB
1117,CMPT    ,166,SURREY    ,24,21,Toby Donaldson                                                                                                                                                                                                                                            ,TUT
1087,IAT     ,380,SURREY    ,24,19,Philippe Pasquier                                                                                                                                                                                                                                         ,LAB
1177,MATH    ,742,BURNABY   ,10,0,Petr Lisonek                                                                                                                                                                                                                                              ,LEC
1087,IAT     ,102,SURREY    ,24,24,Yin Wu                                                                                                                                                                                                                                                    ,LAB
1107,CMPT    ,496,BURNABY   ,1,1,Gregory Baker                                                                                                                                                                                                                                             ,SEM
1147,MATH    ,818,BURNABY   ,25,5,Nils Bruin                                                                                                                                                                                                                                                ,LEC
1104,MATH    ,254,BURNABY   ,96,94,Ralf Wittenberg                                                                                                                                                                                                                                           ,LEC
1091,IAT     ,244,SURREY    ,24,24,. TBD                                                                                                                                                                                                                                                     ,STL
1081,IAT     ,244,SURREY    ,24,23,Michael Filimowicz                                                                                                                                                                                                                                        ,STL
1091,IAT     ,244,SURREY    ,72,71,Michael Filimowicz                                                                                                                                                                                                                                        ,LEC
1087,IAT     ,100,SURREY    ,24,29,David Botta                                                                                                                                                                                                                                               ,STL
1167,CMPT    ,120,BURNABY   ,26,26,Diana Cukierman                                                                                                                                                                                                                                           ,LAB
1097,CMPT    ,120,SURREY    ,25,24,Toby Donaldson                                                                                                                                                                                                                                            ,LAB
1104,CMPT    ,128,SURREY    ,24,17,John Edgar                                                                                                                                                                                                                                                ,LAB
1177,CMPT    ,128,BURNABY   ,12,11,Ghassan Hamarneh                                                                                                                                                                                                                                          ,LAB
1141,MSE     ,102,SURREY    ,27,26,Kevin Oldknow                                                                                                                                                                                                                                             ,TUT
1161,MSE     ,223,SURREY    ,44,42,Mehran Ahmadi                                                                                                                                                                                                                                             ,LAB
1154,MSE     ,381,SURREY    ,120,110,Siamak Arzanpour                                                                                                                                                                                                                                          ,TUT
1164,MSE     ,381,SURREY    ,43,38,Mohammad Narimani                                                                                                                                                                                                                                         ,LAB
1137,MSE     ,250,SURREY    ,100,86,Ahmad Rad                                                                                                                                                                                                                                                 ,TUT
1131,CMPT    ,130,SURREY    ,15,11,John Edgar                                                                                                                                                                                                                                                ,LAB
1147,CMPT    ,130,SURREY    ,26,24,Toby Donaldson                                                                                                                                                                                                                                            ,LAB
1154,MSE     ,394,SURREY    ,50,2,Stephanie DeRapp                                                                                                                                                                                                                                          ,SEC
1161,MSE     ,110,SURREY    ,30,29,Amr Marzouk                                                                                                                                                                                                                                               ,LEC
1157,MSE     ,110,SURREY    ,30,29,Amr Marzouk                                                                                                                                                                                                                                               ,LEC
1161,MATH    ,402W      ,SURREY    ,20,5,Tamon Stephen                                                                                                                                                                                                                                             ,LEC
1121,ENSC    ,105W      ,SURREY    ,100,82,Maureen Hindy                                                                                                                                                                                                                                             ,LEC
1167,CMPT    ,106,SURREY    ,24,23,Harinder Khangura                                                                                                                                                                                                                                         ,LAB
1154,ENSC    ,280,BURNABY   ,50,40,Atousa Hajshirmohammadi                                                                                                                                                                                                                                   ,LAB
1161,CMPT    ,322W      ,SURREY    ,95,90,Harinder Khangura                                                                                                                                                                                                                                         ,LEC
1177,CHIN    ,180,BURNABY   ,15,8,Cynthia Xie                                                                                                                                                                                                                                               ,TUT
1177,CMPT    ,373,SURREY    ,48,48,Brian Fraser                                                                                                                                                                                                                                              ,LEC
1137,CMPT    ,373,SURREY    ,14,14,Thomas Shermer                                                                                                                                                                                                                                            ,TUT
1141,CMPT    ,404,BURNABY   ,35,28,Andrei Bulatov                                                                                                                                                                                                                                            ,LEC
1137,CMPT    ,373,SURREY    ,14,14,Thomas Shermer                                                                                                                                                                                                                                            ,TUT
1087,TECH    ,106,SURREY    ,24,23,John Dill                                                                                                                                                                                                                                                 ,LAB
1124,ENSC    ,484,SURREY    ,57,47,"Mohammad Al Qaderi, Reza Sabzehgar                                                                                                                                                                                                                        ",TUT
1127,ENSC    ,281,SURREY    ,53,53,". TBD, Woo Soo Kim                                                                                                                                                                                                                                        ",LAB
1087,CMPT    ,467,BURNABY   ,20,5,Torsten Moller                                                                                                                                                                                                                                            ,LEC
1144,MSE     ,483,SURREY    ,35,35,<null>,TUT
1134,MSE     ,498,SURREY    ,5,0,<null>,SEC
1087,IAT     ,233,SURREY    ,30,27,Russell Taylor                                                                                                                                                                                                                                            ,LAB
1091,IAT     ,233,SURREY    ,0,0,Russell Taylor                                                                                                                                                                                                                                            ,OPL
1117,MACM    ,442,BURNABY   ,20,16,Petr Lisonek                                                                                                                                                                                                                                              ,LEC
1081,MATH    ,380W      ,BURNABY   ,60,37,Tom Archibald                                                                                                                                                                                                                                             ,LEC
1091,IAT     ,445,SURREY    ,24,24,Stephen Dipaola                                                                                                                                                                                                                                           ,STL
1151,ENSC    ,476,BURNABY   ,30,28,Marinko Sarunic                                                                                                                                                                                                                                           ,RQL
1177,CMPT    ,128,BURNABY   ,21,15,Ghassan Hamarneh                                                                                                                                                                                                                                          ,LAB
1097,CMPT    ,128,SURREY    ,20,6,John Edgar                                                                                                                                                                                                                                                ,LAB
1171,CMPT    ,225,BURNABY   ,26,25,Thomas Shermer                                                                                                                                                                                                                                            ,LAB
1181,CMPT    ,225,BURNABY   ,26,26,David Mitchell                                                                                                                                                                                                                                            ,LAB
1161,CMPT    ,225,BURNABY   ,25,26,Geoffrey Tien                                                                                                                                                                                                                                             ,LAB
1154,CMPT    ,120,BURNABY   ,26,23,Anne Lavergne                                                                                                                                                                                                                                             ,LAB
1087,CMPT    ,120,SURREY    ,200,169,John Edgar                                                                                                                                                                                                                                                ,LEC
1167,CMPT    ,120,BURNABY   ,234,231,Diana Cukierman                                                                                                                                                                                                                                           ,LEC
1101,CMPT    ,120,BURNABY   ,26,26,Diana Cukierman                                                                                                                                                                                                                                           ,LAB
1101,CMPT    ,120,SURREY    ,24,24,John Edgar                                                                                                                                                                                                                                                ,LAB
1161,MSE     ,251,SURREY    ,43,36,Mehrdad Moallem                                                                                                                                                                                                                                           ,LAB
1167,MSE     ,110,SURREY    ,30,24,Amr Marzouk                                                                                                                                                                                                                                               ,LAB
1117,CMPT    ,166,SURREY    ,112,101,Toby Donaldson                                                                                                                                                                                                                                            ,LEC
1117,ENSC    ,894,BURNABY   ,4,3,Lesley Shannon                                                                                                                                                                                                                                            ,LEC
1111,MATH    ,341,BURNABY   ,32,23,Jonathan Jedwab                                                                                                                                                                                                                                           ,LEC
1094,CMNS    ,483,HRBRCNTR  ,10,11,. Faculty                                                                                                                                                                                                                                                 ,SEC
1157,CMPT    ,225,BURNABY   ,26,26,David Mitchell                                                                                                                                                                                                                                            ,LAB
1164,CMPT    ,225,BURNABY   ,26,26,Anne Lavergne                                                                                                                                                                                                                                             ,LAB
1174,CMPT    ,225,BURNABY   ,26,25,Anne Lavergne                                                                                                                                                                                                                                             ,LAB
1181,CMPT    ,225,BURNABY   ,26,25,David Mitchell                                                                                                                                                                                                                                            ,LAB
1097,CMPT    ,431,BURNABY   ,30,19,Richard Vaughan                                                                                                                                                                                                                                           ,LEC
1114,CMPT    ,431,BURNABY   ,55,49,Alexandra Fedorova                                                                                                                                                                                                                                        ,LEC
1141,CMPT    ,431,BURNABY   ,20,18,Arrvindh Shriraman                                                                                                                                                                                                                                        ,LEC
1151,CMPT    ,431,SURREY    ,30,25,Arrvindh Shriraman                                                                                                                                                                                                                                        ,LEC
1161,DDP     ,210,OFF       ,30,7,Ze-Nian Li                                                                                                                                                                                                                                                ,SEC
1134,DDP     ,210,OFF       ,30,2,Qianping Gu                                                                                                                                                                                                                                               ,SEC
1117,ENSC    ,329,SURREY    ,30,12,Martin Ordonez                                                                                                                                                                                                                                            ,LAB
1107,ENSC    ,859,BURNABY   ,30,28,Bonnie Gray                                                                                                                                                                                                                                               ,LEC
1137,CMPT    ,777,BURNABY   ,15,5,Evgenia Ternovska                                                                                                                                                                                                                                         ,LEC
1121,CMPT    ,464,BURNABY   ,20,8,Hao Zhang                                                                                                                                                                                                                                                 ,LEC
1094,CMNS    ,210,HRBRCNTR  ,108,96,Roman Onufrijchuk                                                                                                                                                                                                                                         ,LEC
1091,IAT     ,431,SURREY    ,80,66,Ronald Wakkary                                                                                                                                                                                                                                            ,LEC
1091,IAT     ,431,SURREY    ,24,19,Ronald Wakkary                                                                                                                                                                                                                                            ,STL
1081,CMNS    ,261,BURNABY   ,65,63,Donald Gutstein                                                                                                                                                                                                                                           ,SEC
1151,ENSC    ,476,BURNABY   ,30,0,Marinko Sarunic                                                                                                                                                                                                                                           ,RQL
1127,ENSC    ,100W      ,BURNABY   ,5,9,. Faculty                                                                                                                                                                                                                                                 ,TUT
1107,ENSC    ,100W      ,BURNABY   ,4,6,Michael Sjoerdsma                                                                                                                                                                                                                                         ,TUT
1101,MATH    ,150,BURNABY   ,35,19,"Jamie Mulholland, Veselin Jungic                                                                                                                                                                                                                          ",SEC
1087,CMNS    ,331,BURNABY   ,54,48,Kathleen Cross                                                                                                                                                                                                                                            ,LEC
1084,CMNS    ,260,BURNABY   ,90,53,Amir Hassan Ghaseminejad Tafreshi                                                                                                                                                                                                                         ,LEC
1084,KIN     ,806,BURNABY   ,25,6,Matthew White                                                                                                                                                                                                                                             ,SEM
1094,KIN     ,806,BURNABY   ,25,6,Matthew White                                                                                                                                                                                                                                             ,SEM
1084,ENSC    ,460,BURNABY   ,25,11,Parvaneh Saeedi                                                                                                                                                                                                                                           ,LEC
1141,CMPT    ,899,BURNABY   ,130,79,. Faculty                                                                                                                                                                                                                                                 ,SEC
1097,CMPT    ,165,BURNABY   ,150,146,Gregory Baker                                                                                                                                                                                                                                             ,LEC
1094,CMPT    ,165,BURNABY   ,150,129,"Frederick Popowich, Ramesh Krishnamurti                                                                                                                                                                                                                   ",SEC
1117,CMPT    ,165,BURNABY   ,175,170,Gregory Baker                                                                                                                                                                                                                                             ,SEC
1121,CMPT    ,165,BURNABY   ,60,59,Gregory Baker                                                                                                                                                                                                                                             ,SEC
1121,MATH    ,380W      ,BURNABY   ,28,30,<null>,TUT
1114,CMPT    ,165,BURNABY   ,26,25,Anne Lavergne                                                                                                                                                                                                                                             ,LAB
1111,CMPT    ,165,BURNABY   ,26,25,Gregory Baker                                                                                                                                                                                                                                             ,LAB
1171,CMPT    ,225,SURREY    ,24,23,Toby Donaldson                                                                                                                                                                                                                                            ,LAB
1164,ENSC    ,460,BURNABY   ,8,10,Pierre Lane                                                                                                                                                                                                                                               ,LEC
1147,ENSC    ,460,BURNABY   ,50,14,Marinko Sarunic                                                                                                                                                                                                                                           ,TUT
1091,CMPT    ,881,BURNABY   ,10,4,Andrei Bulatov                                                                                                                                                                                                                                            ,LEC
1111,MACM    ,203,BURNABY   ,18,0,<null>,LAB
1134,CMPT    ,110,BURNABY   ,70,64,Anthony Dixon                                                                                                                                                                                                                                             ,SEC
1094,CMNS    ,881,OFF       ,10,0,. Faculty                                                                                                                                                                                                                                                 ,SEC
1104,CMPT    ,250,HRBRCNTR  ,30,21,Yaroslav Litus                                                                                                                                                                                                                                            ,LEC
1137,CMPT    ,165,BURNABY   ,60,55,Gregory Baker                                                                                                                                                                                                                                             ,SEC
1137,CMPT    ,165,BURNABY   ,60,58,Gregory Baker                                                                                                                                                                                                                                             ,SEC
1154,CMPT    ,165,BURNABY   ,75,73,Ying Tang                                                                                                                                                                                                                                                 ,SEC
1161,MATH    ,380W      ,BURNABY   ,72,70,Tom Archibald                                                                                                                                                                                                                                             ,LEC
1174,MSE     ,711,SURREY    ,3,0,<null>,LAB
1111,ENSC    ,312,SURREY    ,66,32,<null>,TUT
1134,CMPT    ,165,BURNABY   ,208,206,Anne Lavergne                                                                                                                                                                                                                                             ,LEC
1154,CMPT    ,165,BURNABY   ,75,71,Ying Tang                                                                                                                                                                                                                                                 ,SEC
1144,CMPT    ,165,BURNABY   ,75,74,". Faculty, Gregory Baker                                                                                                                                                                                                                                  ",SEC
1117,CMPT    ,165,BURNABY   ,26,26,Anne Lavergne                                                                                                                                                                                                                                             ,LAB
1131,CMPT    ,427,OFF       ,15,8,Harriet Chicoine                                                                                                                                                                                                                                          ,SEC
1174,CMPT    ,427,OFF       ,10,5,Harriet Chicoine                                                                                                                                                                                                                                          ,SEC
1134,CMPT    ,320,BURNABY   ,127,127,Steven Pearce                                                                                                                                                                                                                                             ,LEC
1147,CMPT    ,320,BURNABY   ,120,119,Steven Pearce                                                                                                                                                                                                                                             ,LEC
1164,CMPT    ,379,BURNABY   ,75,68,Anoop Sarkar                                                                                                                                                                                                                                              ,LEC
1084,CMNS    ,396,BURNABY   ,35,22,Marcia Shimizu                                                                                                                                                                                                                                            ,PRA
1081,REM     ,660,BURNABY   ,5,7,Murray Rutherford                                                                                                                                                                                                                                         ,SEC
1117,ENSC    ,894,BURNABY   ,6,1,Glenn Chapman                                                                                                                                                                                                                                             ,LAB
1147,CMPT    ,102,BURNABY   ,40,36,Ghassan Hamarneh                                                                                                                                                                                                                                          ,LEC
1101,CMPT    ,250,BURNABY   ,104,92,Anthony Dixon                                                                                                                                                                                                                                             ,LEC
1087,CMPT    ,250,BURNABY   ,28,28,Anthony Dixon                                                                                                                                                                                                                                             ,LAB
1097,CMPT    ,250,BURNABY   ,26,19,Anthony Dixon                                                                                                                                                                                                                                             ,LAB
1147,CMPT    ,165,BURNABY   ,185,181,Stephen Makonin                                                                                                                                                                                                                                           ,LEC
1111,CMPT    ,165,BURNABY   ,170,163,Gregory Baker                                                                                                                                                                                                                                             ,SEC
1094,CMPT    ,165,SURREY    ,24,20,Colin Stewart                                                                                                                                                                                                                                             ,LAB
1127,CMPT    ,165,BURNABY   ,26,26,Anne Lavergne                                                                                                                                                                                                                                             ,LAB
1131,CMPT    ,165,BURNABY   ,65,56,Frederick Popowich                                                                                                                                                                                                                                        ,SEC
1111,CMPT    ,165,BURNABY   ,26,23,Gregory Baker                                                                                                                                                                                                                                             ,LAB
1087,CMPT    ,165,SURREY    ,72,67,Harinder Khangura                                                                                                                                                                                                                                         ,LEC
1154,CMPT    ,427,METRO     ,35,35,Harriet Chicoine                                                                                                                                                                                                                                          ,SEC
1111,CMPT    ,427,OFF       ,10,10,Harriet Chicoine                                                                                                                                                                                                                                          ,SEC
1114,CMPT    ,307,BURNABY   ,90,85,Pavol Hell                                                                                                                                                                                                                                                ,LEC
1167,CMPT    ,307,SURREY    ,75,72,Kay Wiese                                                                                                                                                                                                                                                 ,LEC
1181,CMPT    ,218,BURNABY   ,168,118,Bobby Chan                                                                                                                                                                                                                                                ,LEC
1131,CMPT    ,300,BURNABY   ,110,111,Steven Pearce                                                                                                                                                                                                                                             ,LEC
1134,CMPT    ,165,SURREY    ,100,91,Harinder Khangura                                                                                                                                                                                                                                         ,LEC
1091,MATH    ,380W      ,BURNABY   ,25,8,<null>,TUT
1174,CMPT    ,354,BURNABY   ,85,84,Bobby Chan                                                                                                                                                                                                                                                ,LEC
1167,CMPT    ,310,BURNABY   ,85,83,James Delgrande                                                                                                                                                                                                                                           ,LEC
1181,CMPT    ,307,BURNABY   ,90,86,Valentine Kabanets                                                                                                                                                                                                                                        ,LEC
1081,CMPT    ,307,BURNABY   ,75,46,Joseph Peters                                                                                                                                                                                                                                             ,LEC
1091,CMPT    ,307,BURNABY   ,60,43,Gabor Tardos                                                                                                                                                                                                                                              ,LEC
1091,CMPT    ,307,SURREY    ,15,8,Joseph Peters                                                                                                                                                                                                                                             ,LEC
1161,CMPT    ,354,BURNABY   ,86,86,Bobby Chan                                                                                                                                                                                                                                                ,LEC
1141,CMPT    ,250,BURNABY   ,26,26,Anthony Dixon                                                                                                                                                                                                                                             ,LAB
1157,CMPT    ,307,SURREY    ,52,48,Bradley Bart                                                                                                                                                                                                                                              ,LEC
1114,CMPT    ,416,BURNABY   ,1,1,Anoop Sarkar                                                                                                                                                                                                                                              ,SEC
1174,CMPT    ,427,METRO     ,75,62,Harriet Chicoine                                                                                                                                                                                                                                          ,SEC
1151,CMPT    ,429,METRO     ,15,14,Harriet Chicoine                                                                                                                                                                                                                                          ,SEC
1104,CMPT    ,429,OFF       ,15,2,Harriet Chicoine                                                                                                                                                                                                                                          ,SEC
1161,CMPT    ,430,METRO     ,30,2,Harriet Chicoine                                                                                                                                                                                                                                          ,SEC
1141,CMPT    ,429,OFF       ,5,2,Harriet Chicoine                                                                                                                                                                                                                                          ,SEC
1151,CMPT    ,429,OFF       ,5,0,Harriet Chicoine                                                                                                                                                                                                                                          ,SEC
1081,CMNS    ,438,BURNABY   ,10,0,. Faculty                                                                                                                                                                                                                                                 ,SEC
1084,CMNS    ,473,HRBRCNTR  ,60,56,"Anne Ahmad, Janet Russell                                                                                                                                                                                                                                 ",LEC
1157,ENSC    ,100W      ,BURNABY   ,8,9,<null>,LAB
1147,ENSC    ,100W      ,BURNABY   ,8,8,<null>,TUT
1121,CMPT    ,165,SURREY    ,25,25,Colin Stewart                                                                                                                                                                                                                                             ,LAB
1084,CMPT    ,150,BURNABY   ,92,67,Bobby Chan                                                                                                                                                                                                                                                ,LEC
1137,CMPT    ,250,BURNABY   ,26,25,Anthony Dixon                                                                                                                                                                                                                                             ,LAB
1097,CMPT    ,250,SURREY    ,15,14,Harinder Khangura                                                                                                                                                                                                                                         ,LAB
1087,CMPT    ,429,BURNABY   ,30,12,Harriet Chicoine                                                                                                                                                                                                                                          ,SEC
1141,CMPT    ,429,METRO     ,5,2,Harriet Chicoine                                                                                                                                                                                                                                          ,SEC
1141,CMPT    ,429,OFF       ,5,0,Harriet Chicoine                                                                                                                                                                                                                                          ,SEC
1151,CMPT    ,429,OFF       ,5,0,Harriet Chicoine                                                                                                                                                                                                                                          ,SEC
1167,CMPT    ,429,OFF       ,3,0,Harriet Chicoine                                                                                                                                                                                                                                          ,SEC
1091,CMPT    ,426,BURNABY   ,15,22,Frances McLafferty                                                                                                                                                                                                                                        ,SEC
1121,CMPT    ,383,HRBRCNTR  ,70,66,Gregory Baker                                                                                                                                                                                                                                             ,LEC
1127,CMPT    ,379,BURNABY   ,45,40,Anoop Sarkar                                                                                                                                                                                                                                              ,LEC
1124,CMPT    ,371,BURNABY   ,70,67,Louis Hafer                                                                                                                                                                                                                                               ,LEC
1147,CMPT    ,371,BURNABY   ,85,85,Jiangchuan Liu                                                                                                                                                                                                                                            ,LEC
1161,CMPT    ,371,SURREY    ,60,57,Edward Lo                                                                                                                                                                                                                                                 ,LEC
1167,CMPT    ,419,BURNABY   ,75,65,Gregory Mori                                                                                                                                                                                                                                              ,LEC
1081,CMPT    ,416,BURNABY   ,0,0,. Faculty                                                                                                                                                                                                                                                 ,CNV
1134,CMPT    ,416,BURNABY   ,2,2,"Arrvindh Shriraman, Robert Cameron                                                                                                                                                                                                                        ",SEC
1171,CMPT    ,416,BURNABY   ,1,1,Ryan Shea                                                                                                                                                                                                                                                 ,SEC
1104,CMPT    ,430,OFF       ,15,0,Harriet Chicoine                                                                                                                                                                                                                                          ,SEC
1137,CMPT    ,250,BURNABY   ,26,26,Anthony Dixon                                                                                                                                                                                                                                             ,LAB
1141,CMPT    ,250,BURNABY   ,27,26,Anthony Dixon                                                                                                                                                                                                                                             ,LAB
1127,CMPT    ,300,BURNABY   ,80,71,Steven Pearce                                                                                                                                                                                                                                             ,LEC
1081,CMNS    ,395,BURNABY   ,35,21,Marcia Shimizu                                                                                                                                                                                                                                            ,PRA
1141,CMPT    ,383,SURREY    ,60,55,Toby Donaldson                                                                                                                                                                                                                                            ,LEC
1177,CMPT    ,383,BURNABY   ,90,85,Milan Tofiloski                                                                                                                                                                                                                                           ,LEC
1087,CMNS    ,375,HRBRCNTR  ,63,69,Robert Mercer                                                                                                                                                                                                                                             ,LEC
1167,CMPT    ,371,SURREY    ,65,58,Mohamed Hefeeda                                                                                                                                                                                                                                           ,LEC
1104,CMPT    ,416,BURNABY   ,4,4,"Alexandra Fedorova, Arthur Kirkpatrick, Mark Drew                                                                                                                                                                                                         ",SEC
1121,CMPT    ,427,METRO     ,30,35,Cristina Eftenaru                                                                                                                                                                                                                                         ,SEC
1104,CMPT    ,110,BURNABY   ,75,63,Anthony Dixon                                                                                                                                                                                                                                             ,SEC
1131,CMPT    ,110,BURNABY   ,65,28,Anne Lavergne                                                                                                                                                                                                                                             ,LEC
1101,CMPT    ,165,BURNABY   ,26,26,Gregory Baker                                                                                                                                                                                                                                             ,LAB
1181,CMPT    ,300,BURNABY   ,90,82,Julian Rrushi                                                                                                                                                                                                                                             ,LEC
1137,CMPT    ,165,SURREY    ,26,26,Bobby Chan                                                                                                                                                                                                                                                ,LAB
1154,CMPT    ,165,SURREY    ,24,12,Brian Fraser                                                                                                                                                                                                                                              ,LAB
1144,CMPT    ,165,SURREY    ,26,24,Harinder Khangura                                                                                                                                                                                                                                         ,LAB
1104,CMPT    ,165,SURREY    ,24,21,Harinder Khangura                                                                                                                                                                                                                                         ,LAB
1127,CMPT    ,427,OFF       ,5,4,"Cristina Eftenaru, Harriet Chicoine                                                                                                                                                                                                                       ",SEC
1111,CMPT    ,427,SURREY    ,3,2,"Frances McLafferty, Navinder Chima                                                                                                                                                                                                                        ",SEC
1137,CMPT    ,354,SURREY    ,80,77,John Edgar                                                                                                                                                                                                                                                ,LEC
1091,CMPT    ,426,OFF       ,15,4,Harriet Chicoine                                                                                                                                                                                                                                          ,SEC
1111,CMPT    ,415,BURNABY   ,8,8,"Arthur Kirkpatrick, Martin Ester                                                                                                                                                                                                                          ",SEC
1137,CMPT    ,415,BURNABY   ,5,5,"Martin Ester, Richard Vaughan                                                                                                                                                                                                                             ",SEC
1087,CMPT    ,843,BURNABY   ,20,12,Jian Pei                                                                                                                                                                                                                                                  ,LEC
1084,CMPT    ,820,SURREY    ,24,8,Mohamed Hefeeda                                                                                                                                                                                                                                           ,LEC
1177,CMPT    ,710,BURNABY   ,25,4,Valentine Kabanets                                                                                                                                                                                                                                        ,LEC
1141,CMPT    ,816,BURNABY   ,20,11,Joseph Peters                                                                                                                                                                                                                                             ,LEC
1107,CMPT    ,470,SURREY    ,48,39,Anthony Chan                                                                                                                                                                                                                                              ,LEC
1124,CMPT    ,430,OFF       ,15,1,Cristina Eftenaru                                                                                                                                                                                                                                         ,SEC
1171,CMPT    ,430,OFF       ,15,2,Harriet Chicoine                                                                                                                                                                                                                                          ,SEC
1141,CMPT    ,899,SURREY    ,15,12,. Faculty                                                                                                                                                                                                                                                 ,SEC
1127,CMPT    ,427,OFF       ,5,3,"Harriet Chicoine, John McDonald                                                                                                                                                                                                                           ",SEC
1137,CMPT    ,427,OFF       ,15,0,Harriet Chicoine                                                                                                                                                                                                                                          ,SEC
1144,CMPT    ,427,OFF       ,5,0,Harriet Chicoine                                                                                                                                                                                                                                          ,SEC
1174,CMPT    ,427,OFF       ,1,0,Harriet Chicoine                                                                                                                                                                                                                                          ,SEC
1174,CMPT    ,415,BURNABY   ,1,1,Parmit Chilana                                                                                                                                                                                                                                            ,SEC
1094,CMPT    ,415,BURNABY   ,1,1,Martin Ester                                                                                                                                                                                                                                              ,SEC
1127,CMPT    ,822,BURNABY   ,15,9,Brian Funt                                                                                                                                                                                                                                                ,LEC
1101,CMPT    ,822,BURNABY   ,15,15,Brian Funt                                                                                                                                                                                                                                                ,LEC
1134,CMPT    ,471,BURNABY   ,55,50,Janice Regan                                                                                                                                                                                                                                              ,LEC
1157,ENSC    ,100W      ,BURNABY   ,8,8,<null>,LAB
1147,ENSC    ,100W      ,BURNABY   ,8,8,<null>,TUT
1161,CMPT    ,740,BURNABY   ,75,25,Wo-Shun Luk                                                                                                                                                                                                                                               ,LEC
1157,ENSC    ,100W      ,BURNABY   ,8,8,<null>,LAB
1091,CMPT    ,430,BURNABY   ,15,0,Frances McLafferty                                                                                                                                                                                                                                        ,SEC
1134,CMPT    ,430,METRO     ,12,9,Harriet Chicoine                                                                                                                                                                                                                                          ,SEC
1081,CMPT    ,471,SURREY    ,24,11,Mohamed Hefeeda                                                                                                                                                                                                                                           ,LEC
1147,ENSC    ,100W      ,BURNABY   ,8,8,<null>,TUT
1157,ENSC    ,100W      ,BURNABY   ,8,7,<null>,LAB
1177,CMPT    ,430,OFF       ,25,0,Harriet Chicoine                                                                                                                                                                                                                                          ,SEC
1151,CMPT    ,430,OFF       ,5,0,Harriet Chicoine                                                                                                                                                                                                                                          ,SEC
1114,ENSC    ,461,SURREY    ,20,4,<null>,LAB
1171,ENSC    ,395,OFF       ,10,5,Harriet Chicoine                                                                                                                                                                                                                                          ,SEC
1157,ENSC    ,861,BURNABY   ,30,7,Ivan Bajic                                                                                                                                                                                                                                                ,SEC
1117,ENSC    ,898,BURNABY   ,100,94,. Faculty                                                                                                                                                                                                                                                 ,SEC
1111,ENSC    ,851,BURNABY   ,6,7,Albert Leung                                                                                                                                                                                                                                              ,LAB
1087,CMPT    ,307,BURNABY   ,80,80,Valentine Kabanets                                                                                                                                                                                                                                        ,LEC
1137,CMPT    ,822,BURNABY   ,15,8,Brian Funt                                                                                                                                                                                                                                                ,LEC
1181,CMPT    ,471,BURNABY   ,78,58,Qianping Gu                                                                                                                                                                                                                                               ,LEC
1087,CMPT    ,470,BURNABY   ,50,44,Anthony Chan                                                                                                                                                                                                                                              ,LEC
1147,ENSC    ,100W      ,BURNABY   ,8,8,<null>,TUT
1141,CMPT    ,475,BURNABY   ,30,27,Uwe Glaesser                                                                                                                                                                                                                                              ,LEC
1157,ENSC    ,100W      ,BURNABY   ,8,8,<null>,LAB
1157,CMPT    ,469,BURNABY   ,70,12,Zicheng Liao                                                                                                                                                                                                                                              ,LEC
1087,CMPT    ,430,BURNABY   ,30,2,Harriet Chicoine                                                                                                                                                                                                                                          ,SEC
1141,CMPT    ,430,OFF       ,5,0,Harriet Chicoine                                                                                                                                                                                                                                          ,SEC
1124,CMPT    ,899,BURNABY   ,130,82,. Faculty                                                                                                                                                                                                                                                 ,SEC
1087,CMNS    ,304W      ,BURNABY   ,16,16,<null>,TUT
1094,CMNS    ,478,HRBRCNTR  ,10,8,Anne Ahmad                                                                                                                                                                                                                                                ,SEC
1097,CMPT    ,128,SURREY    ,24,0,<null>,LAB
1097,CMPT    ,128,SURREY    ,24,0,<null>,LAB
1081,CMNS    ,230,BURNABY   ,18,19,<null>,TUT
1087,CMNS    ,240,BURNABY   ,18,19,<null>,TUT
1094,CMNS    ,230,BURNABY   ,18,23,<null>,TUT
1104,CMPT    ,894,BURNABY   ,10,15,<null>,SEC
1084,CMPT    ,898,BURNABY   ,80,65,<null>,SEC
1087,KIN     ,110,HRBRCNTR  ,36,35,Penelope Deck                                                                                                                                                                                                                                             ,LEC
1087,KIN     ,110,BURNABY   ,270,265,"Matthew White, Peter Ruben                                                                                                                                                                                                                                ",LEC
1087,KIN     ,342,BURNABY   ,30,29,". TBD, Anthony Leyland                                                                                                                                                                                                                                    ",SEC
1081,KIN     ,381,BURNABY   ,60,58,Anne-Kristina Arnold                                                                                                                                                                                                                                      ,LEC
1131,ENSC    ,283,SURREY    ,34,0,<null>,LAB
1091,KIN     ,381,BURNABY   ,60,55,Anne-Kristina Arnold                                                                                                                                                                                                                                      ,LEC
1087,KIN     ,352,OFF       ,15,0,Darleen Bemister                                                                                                                                                                                                                                          ,PRA
1121,ENSC    ,461,SURREY    ,38,39,<null>,TUT
1091,CMPT    ,740,BURNABY   ,15,0,Wo-Shun Luk                                                                                                                                                                                                                                               ,LEC
1121,ENSC    ,895,BURNABY   ,20,5,<null>,TUT
1081,IAT     ,445,SURREY    ,24,0,<null>,LAB
1151,ENSC    ,295,BURNABY   ,25,37,Harriet Chicoine                                                                                                                                                                                                                                          ,SEC
1174,ENSC    ,220,BURNABY   ,100,83,Atousa Hajshirmohammadi                                                                                                                                                                                                                                   ,LEC
1147,ENSC    ,201,BURNABY   ,138,132,John Jones                                                                                                                                                                                                                                                ,LEC
1107,ENSC    ,100,BURNABY   ,3,2,Michael Sjoerdsma                                                                                                                                                                                                                                         ,TUT
1117,ENSC    ,100,BURNABY   ,3,2,. Faculty                                                                                                                                                                                                                                                 ,TUT
1121,ENSC    ,350,BURNABY   ,75,50,Lakshman One                                                                                                                                                                                                                                              ,LEC
1124,ENSC    ,380,BURNABY   ,50,42,Paul Ho                                                                                                                                                                                                                                                   ,TUT
1134,ENSC    ,380,BURNABY   ,60,56,Paul Ho                                                                                                                                                                                                                                                   ,TUT
1091,ENSC    ,499,BURNABY   ,15,6,. Faculty                                                                                                                                                                                                                                                 ,SEC
1101,ENSC    ,820,BURNABY   ,30,15,Gary Robinson                                                                                                                                                                                                                                             ,SEC
1087,ENSC    ,231,SURREY    ,75,0,<null>,LEC
1157,ENSC    ,220,BURNABY   ,50,54,Meenakshinathan Parameswaran                                                                                                                                                                                                                              ,LAB
1174,ENSC    ,440,BURNABY   ,80,74,Andrew Rawicz                                                                                                                                                                                                                                             ,LEC
1131,ENSC    ,320,BURNABY   ,95,70,John Bird                                                                                                                                                                                                                                                 ,LEC
1104,ENSC    ,429,BURNABY   ,28,28,Daniel Lee                                                                                                                                                                                                                                                ,TUT
1147,ENSC    ,295,OFF       ,25,9,Harriet Chicoine                                                                                                                                                                                                                                          ,SEC
1157,ENSC    ,295,OFF       ,25,6,Harriet Chicoine                                                                                                                                                                                                                                          ,SEC
1081,ENSC    ,225,BURNABY   ,80,63,Bonnie Gray                                                                                                                                                                                                                                               ,LEC
1174,ENSC    ,264,BURNABY   ,8,4,Peter Hallschmid                                                                                                                                                                                                                                          ,TUT
1087,KIN     ,804,BURNABY   ,15,0,<null>,SEC
1081,IAT     ,445,SURREY    ,24,0,<null>,LAB
1081,IAT     ,445,SURREY    ,24,0,<null>,LAB
1101,ENSC    ,230,BURNABY   ,28,28,Shahram Payandeh                                                                                                                                                                                                                                          ,LEC
1114,ENSC    ,220,BURNABY   ,25,21,John Bird                                                                                                                                                                                                                                                 ,LAB
1167,ENSC    ,220,BURNABY   ,54,53,Ljiljana Trajkovic                                                                                                                                                                                                                                        ,LAB
1177,ENSC    ,220,BURNABY   ,50,0,Ljiljana Trajkovic                                                                                                                                                                                                                                        ,LAB
1107,ENSC    ,100,BURNABY   ,3,1,Michael Sjoerdsma                                                                                                                                                                                                                                         ,TUT
1127,ENSC    ,100,BURNABY   ,3,2,. Faculty                                                                                                                                                                                                                                                 ,TUT
1084,ENSC    ,350,BURNABY   ,50,20,Patrick Leung                                                                                                                                                                                                                                             ,LEC
1141,ENSC    ,350,BURNABY   ,48,0,Lakshman One                                                                                                                                                                                                                                              ,OPL
1141,ENSC    ,330,BURNABY   ,120,120,Bozena Kaminska                                                                                                                                                                                                                                           ,TUT
1081,KIN     ,452,BURNABY   ,10,1,Darleen Bemister                                                                                                                                                                                                                                          ,PRA
1181,MATH    ,157,SURREY    ,102,53,Natalia Kouzniak                                                                                                                                                                                                                                          ,LEC
1101,MATH    ,155,BURNABY   ,78,36,Diego Scheide                                                                                                                                                                                                                                             ,LEC
1151,MACM    ,201,BURNABY   ,300,282,Luis Goddyn                                                                                                                                                                                                                                               ,LEC
1167,MACM    ,201,BURNABY   ,420,361,". TBD, Iain Crump                                                                                                                                                                                                                                         ",LEC
1134,MATH    ,190,BURNABY   ,35,26,Brenda Davison                                                                                                                                                                                                                                            ,SEC
1177,MATH    ,308,SURREY    ,60,38,Abraham Punnen                                                                                                                                                                                                                                            ,LEC
1101,MATH    ,190,BURNABY   ,125,97,Petra Menz                                                                                                                                                                                                                                                ,LEC
1157,MATH    ,157,BURNABY   ,504,461,Stephen Choi                                                                                                                                                                                                                                              ,LEC
1097,MATH    ,154,BURNABY   ,504,448,Justin Gray                                                                                                                                                                                                                                               ,LEC
1144,ENSC    ,325,BURNABY   ,70,50,Marek Syrzycki                                                                                                                                                                                                                                            ,LEC
1174,ENSC    ,429,BURNABY   ,60,40,Daniel Lee                                                                                                                                                                                                                                                ,LEC
1177,ENSC    ,295,OFF       ,25,2,Harriet Chicoine                                                                                                                                                                                                                                          ,SEC
1181,ENSC    ,295,OFF       ,10,4,Harriet Chicoine                                                                                                                                                                                                                                          ,SEC
1167,ENSC    ,264,BURNABY   ,17,14,Lakshman One                                                                                                                                                                                                                                              ,LEC
1147,ENSC    ,264,BURNABY   ,14,14,Lakshman One                                                                                                                                                                                                                                              ,LAB
1101,ENSC    ,406,BURNABY   ,96,98,Michael Sjoerdsma                                                                                                                                                                                                                                         ,LEC
1157,ENSC    ,489,BURNABY   ,75,91,Michael Henrey                                                                                                                                                                                                                                            ,RQL
1111,ENSC    ,427,BURNABY   ,20,19,Ljiljana Trajkovic                                                                                                                                                                                                                                        ,LEC
1171,ENSC    ,387,BURNABY   ,75,56,Balbir Gill                                                                                                                                                                                                                                               ,RQL
1167,ENSC    ,264,BURNABY   ,7,4,Lakshman One                                                                                                                                                                                                                                              ,LAB
1171,ENSC    ,426,BURNABY   ,40,16,Lakshman One                                                                                                                                                                                                                                              ,LEC
1151,ENSC    ,395,BURNABY   ,20,22,Harriet Chicoine                                                                                                                                                                                                                                          ,SEC
1151,ENSC    ,395,OFF       ,10,7,Harriet Chicoine                                                                                                                                                                                                                                          ,SEC
1157,ENSC    ,351,BURNABY   ,44,21,. Sessional                                                                                                                                                                                                                                               ,LAB
1167,ENSC    ,481,BURNABY   ,15,13,Andrew Rawicz                                                                                                                                                                                                                                             ,LEC
1114,ENSC    ,499,SURREY    ,3,1,Gary Wang                                                                                                                                                                                                                                                 ,SEC
1101,ENSC    ,815,BURNABY   ,30,7,Jie Liang                                                                                                                                                                                                                                                 ,LEC
1097,ENSC    ,805,BURNABY   ,30,11,Paul Ho                                                                                                                                                                                                                                                   ,LEC
1087,ENSC    ,493,BURNABY   ,1,0,. Faculty                                                                                                                                                                                                                                                 ,SEC
1127,ENSC    ,898,OFF       ,10,2,<null>,SEC
1111,ENSC    ,330,BURNABY   ,130,131,Bozena Kaminska                                                                                                                                                                                                                                           ,TUT
1114,ENSC    ,295,OFF       ,10,1,Farid Golnaraghi                                                                                                                                                                                                                                          ,SEC
1157,ENSC    ,264,BURNABY   ,2,1,Lakshman One                                                                                                                                                                                                                                              ,LAB
1111,ENSC    ,225,BURNABY   ,75,71,Marinko Sarunic                                                                                                                                                                                                                                           ,LEC
1107,ENSC    ,424,BURNABY   ,66,64,Ivan Bajic                                                                                                                                                                                                                                                ,LEC
1151,ENSC    ,427,BURNABY   ,35,34,Ljiljana Trajkovic                                                                                                                                                                                                                                        ,TUT
1127,ENSC    ,387,SURREY    ,72,63,Edward Park                                                                                                                                                                                                                                               ,TUT
1161,ENSC    ,387,BURNABY   ,75,32,Balbir Gill                                                                                                                                                                                                                                               ,RQL
1087,CMNS    ,221,SURREY    ,0,0,<null>,LEC
1124,ENSC    ,225,BURNABY   ,80,81,Meenakshinathan Parameswaran                                                                                                                                                                                                                              ,LEC
1121,ENSC    ,427,BURNABY   ,40,35,Ljiljana Trajkovic                                                                                                                                                                                                                                        ,LEC
1141,MATH    ,154,BURNABY   ,229,208,Petr Lisonek                                                                                                                                                                                                                                              ,LEC
1117,MATH    ,152,BURNABY   ,333,267,Tom Archibald                                                                                                                                                                                                                                             ,LEC
1131,MATH    ,152,SURREY    ,150,112,Jonas Jankauskas                                                                                                                                                                                                                                          ,LEC
1114,MACM    ,316,BURNABY   ,160,154,Adam Oberman                                                                                                                                                                                                                                              ,LEC
1087,MACM    ,201,BURNABY   ,150,106,Cedric Chauve                                                                                                                                                                                                                                             ,LEC
1104,MACM    ,201,BURNABY   ,112,90,Cedric Chauve                                                                                                                                                                                                                                             ,LEC
1141,MACM    ,201,BURNABY   ,229,184,Luis Goddyn                                                                                                                                                                                                                                               ,LEC
1121,MATH    ,890,OFF       ,6,0,Stuart Billings                                                                                                                                                                                                                                           ,SEC
1124,MATH    ,310,BURNABY   ,254,248,Veselin Jungic                                                                                                                                                                                                                                            ,LEC
1147,MATH    ,310,BURNABY   ,192,194,Ralf Wittenberg                                                                                                                                                                                                                                           ,LEC
1161,ENSC    ,426,BURNABY   ,34,8,Lakshman One                                                                                                                                                                                                                                              ,RQL
1161,ENSC    ,395,BURNABY   ,20,23,Harriet Chicoine                                                                                                                                                                                                                                          ,SEC
1161,ENSC    ,425,BURNABY   ,36,24,Lakshman One                                                                                                                                                                                                                                              ,LEC
1107,MATH    ,251,BURNABY   ,229,210,Luis Goddyn                                                                                                                                                                                                                                               ,LEC
1111,MATH    ,314,BURNABY   ,32,18,Mary Catherine Kropinski                                                                                                                                                                                                                                  ,LEC
1101,MATH    ,309,BURNABY   ,32,30,Adam Oberman                                                                                                                                                                                                                                              ,LEC
1127,MATH    ,309,SURREY    ,36,28,Randall Pyke                                                                                                                                                                                                                                              ,LEC
1161,MATH    ,894,BURNABY   ,6,2,Tamon Stephen                                                                                                                                                                                                                                             ,SEC
1081,MATH    ,894,BURNABY   ,6,0,. Faculty                                                                                                                                                                                                                                                 ,SEC
1161,MATH    ,892,OFF       ,6,0,Stuart Billings                                                                                                                                                                                                                                           ,SEC
1131,ENSC    ,891,SURREY    ,15,6,Farid Golnaraghi                                                                                                                                                                                                                                          ,SEC
1127,ENSC    ,898,BURNABY   ,100,55,. Faculty                                                                                                                                                                                                                                                 ,SEC
1171,MATH    ,336,BURNABY   ,20,4,Stuart Billings                                                                                                                                                                                                                                           ,SEC
1094,MATH    ,251,BURNABY   ,145,98,". TBD, Ralf Wittenberg                                                                                                                                                                                                                                    ",LEC
1164,MATH    ,251,BURNABY   ,300,211,Steven Ruuth                                                                                                                                                                                                                                              ,LEC
1174,MATH    ,251,BURNABY   ,300,225,Fiachra Knox                                                                                                                                                                                                                                              ,LEC
1111,MATH    ,486,OFF       ,20,0,Faye Stefan                                                                                                                                                                                                                                               ,SEC
1127,MATH    ,486,OFF       ,20,0,Faye Stefan                                                                                                                                                                                                                                               ,SEC
1104,MATH    ,496,BURNABY   ,20,10,Cedric Chauve                                                                                                                                                                                                                                             ,LEC
1134,MATH    ,470,BURNABY   ,40,30,Paul Tupper                                                                                                                                                                                                                                               ,LEC
1141,ENSC    ,427,BURNABY   ,47,0,Ljiljana Trajkovic                                                                                                                                                                                                                                        ,OPL
1127,MATH    ,424,BURNABY   ,30,9,Stephen Choi                                                                                                                                                                                                                                              ,LEC
1107,MATH    ,890,BURNABY   ,20,0,Faye Stefan                                                                                                                                                                                                                                               ,SEC
1157,MATH    ,892,BURNABY   ,6,0,Stuart Billings                                                                                                                                                                                                                                           ,SEC
1171,MATH    ,892,BURNABY   ,6,0,Stuart Billings                                                                                                                                                                                                                                           ,SEC
1081,ENSC    ,406,BURNABY   ,15,16,<null>,TUT
1087,ENSC    ,100,BURNABY   ,4,3,<null>,RQL
1087,ENSC    ,100,BURNABY   ,4,4,<null>,RQL
1091,KIN     ,481,BURNABY   ,54,54,Stephen Brown                                                                                                                                                                                                                                             ,LEC
1121,ENSC    ,396,SURREY    ,20,1,<null>,SEC
1117,ENSC    ,396,OFF       ,10,2,<null>,SEC
1114,ENSC    ,320,BURNABY   ,0,0,<null>,RQL
1131,ENSC    ,296,OFF       ,10,0,<null>,SEC
1097,ENSC    ,100,BURNABY   ,3,3,<null>,RQL
1134,ENSC    ,194,BURNABY   ,10,0,<null>,SEC
1161,ENSC    ,899,BURNABY   ,100,47,<null>,SEC
1117,ENSC    ,396,OFF       ,10,0,<null>,SEC
1094,ENSC    ,396,SURREY    ,10,0,<null>,SEC
1124,MATH    ,310,BURNABY   ,32,24,Veselin Jungic                                                                                                                                                                                                                                            ,LEC
1081,MATH    ,894,BURNABY   ,6,0,. Faculty                                                                                                                                                                                                                                                 ,SEC
1147,MATH    ,308,BURNABY   ,102,74,Jozef Hales                                                                                                                                                                                                                                               ,LEC
1104,MATH    ,336,OFF       ,20,1,Faye Stefan                                                                                                                                                                                                                                               ,SEC
1137,MATH    ,890,OFF       ,20,0,Stuart Billings                                                                                                                                                                                                                                           ,SEC
1097,MATH    ,894,BURNABY   ,6,0,. TBD                                                                                                                                                                                                                                                     ,SEC
1087,MATH    ,894,BURNABY   ,6,0,. Faculty                                                                                                                                                                                                                                                 ,SEC
1087,MATH    ,894,BURNABY   ,6,2,Michael Monagan                                                                                                                                                                                                                                           ,SEC
1151,MATH    ,894,BURNABY   ,6,0,. Faculty                                                                                                                                                                                                                                                 ,SEC
1087,MATH    ,892,BURNABY   ,10,0,Faye Stefan                                                                                                                                                                                                                                               ,SEC
1141,MATH    ,892,OFF       ,6,0,Stuart Billings                                                                                                                                                                                                                                           ,SEC
1154,MATH    ,891,BURNABY   ,20,0,Stuart Billings                                                                                                                                                                                                                                           ,SEC
1144,MATH    ,891,OFF       ,20,0,Stuart Billings                                                                                                                                                                                                                                           ,SEC
1117,ENSC    ,296,SURREY    ,10,1,<null>,SEC
1081,ENSC    ,295,BURNABY   ,40,36,<null>,SEC
1081,KIN     ,352,BURNABY   ,15,9,Darleen Bemister                                                                                                                                                                                                                                          ,PRA
1081,ENSC    ,194,BURNABY   ,10,0,<null>,SEC
1124,ENSC    ,899,SURREY    ,100,40,<null>,SEC
1104,ENSC    ,325,BURNABY   ,1,0,<null>,OPL
1151,ENSC    ,897,BURNABY   ,45,2,<null>,SEC
1094,ENSC    ,396,OFF       ,0,0,<null>,SEC
1107,ENSC    ,396,OFF       ,10,0,<null>,SEC
1087,ENSC    ,100,BURNABY   ,2,2,<null>,RQL
1101,ENSC    ,150,BURNABY   ,50,49,<null>,TUT
1121,ENSC    ,296,SURREY    ,20,0,<null>,SEC
1094,ENSC    ,195,OFF       ,50,4,<null>,SEC
1117,ENSC    ,195,OFF       ,25,2,<null>,SEC
1161,ENSC    ,899,OFF       ,50,2,<null>,SEC
1157,ENSC    ,899,BURNABY   ,100,49,<null>,SEC
1134,ENSC    ,899,OFF       ,10,0,<null>,SEC
1121,MATH    ,314,BURNABY   ,64,26,Razvan Fetecau                                                                                                                                                                                                                                            ,LEC
1154,MATH    ,251,BURNABY   ,260,217,JF Williams                                                                                                                                                                                                                                               ,LEC
1171,MATH    ,894,BURNABY   ,6,0,. Faculty                                                                                                                                                                                                                                                 ,SEC
1131,ENSC    ,195,OFF       ,10,8,<null>,SEC
1121,ENSC    ,396,BURNABY   ,20,0,<null>,SEC
1094,ENSC    ,396,BURNABY   ,10,2,<null>,SEC
1117,ENSC    ,396,BURNABY   ,25,1,<null>,SEC
1107,MATH    ,151,BURNABY   ,330,293,Brenda Davison                                                                                                                                                                                                                                            ,LEC
1137,MATH    ,152,BURNABY   ,300,248,Luis Goddyn                                                                                                                                                                                                                                               ,LEC
1134,MACM    ,316,BURNABY   ,232,216,Kirill Gostaf                                                                                                                                                                                                                                             ,LEC
1181,MACM    ,201,BURNABY   ,375,314,Bojan Mohar                                                                                                                                                                                                                                               ,LEC
1171,MATH    ,445,BURNABY   ,25,10,Ladislav Stacho                                                                                                                                                                                                                                           ,LEC
1087,MATH    ,336,BURNABY   ,20,2,Faye Stefan                                                                                                                                                                                                                                               ,SEC
1121,ENSC    ,296,OFF       ,10,0,<null>,SEC
1127,MATH    ,251,BURNABY   ,254,216,Chiaka Drakes                                                                                                                                                                                                                                             ,LEC
1101,ENSC    ,495,BURNABY   ,12,9,<null>,LAB
1154,MATH    ,890,OFF       ,20,0,Stuart Billings                                                                                                                                                                                                                                           ,SEC
1097,MATH    ,190,BURNABY   ,70,68,". TBD, Bernice Kastner                                                                                                                                                                                                                                    ",SEC
1121,MATH    ,190,BURNABY   ,150,66,Petra Menz                                                                                                                                                                                                                                                ,LEC
1081,MATH    ,491,BURNABY   ,5,1,Jonathan Jedwab                                                                                                                                                                                                                                           ,SEC
1101,MATH    ,890,BURNABY   ,6,0,Faye Stefan                                                                                                                                                                                                                                               ,SEC
1127,MATH    ,890,BURNABY   ,20,1,Stuart Billings                                                                                                                                                                                                                                           ,SEC
1141,MATH    ,894,BURNABY   ,6,1,Nilima Nigam                                                                                                                                                                                                                                              ,SEC
1177,MATH    ,894,BURNABY   ,6,3,Nathan Ilten                                                                                                                                                                                                                                              ,SEC
1087,KIN     ,110,BURNABY   ,18,18,<null>,TUT
1094,KIN     ,343,BURNABY   ,18,18,<null>,LAB
1081,KIN     ,142,BURNABY   ,19,19,<null>,LAB
1091,KIN     ,142,BURNABY   ,19,18,<null>,LAB
1091,KIN     ,110,BURNABY   ,18,18,<null>,TUT
1151,MATH    ,232,BURNABY   ,60,0,<null>,OPL
1087,MATH    ,151,BURNABY   ,60,0,<null>,OPL
1131,MATH    ,891,BURNABY   ,6,1,Stuart Billings                                                                                                                                                                                                                                           ,SEC
1091,KIN     ,143,BURNABY   ,40,42,<null>,LAB
1171,MATH    ,100,BURNABY   ,60,0,<null>,OPL
1177,MATH    ,100,BURNABY   ,60,0,<null>,OPL
1081,MACM    ,101,SURREY    ,24,21,<null>,TUT
1094,MATH    ,157,SURREY    ,45,0,<null>,OPL
1107,CMPT    ,880,SURREY    ,0,0,<null>,LEC
1091,CMNS    ,324,BURNABY   ,0,0,<null>,TUT
1091,CMNS    ,324,BURNABY   ,0,0,<null>,TUT
1151,MATH    ,1XX       ,BURNABY   ,2,9,<null>,LEC
1091,REM     ,631,BURNABY   ,40,18,Karen Kohfeld                                                                                                                                                                                                                                             ,SEM
1084,MATH    ,240,BURNABY   ,0,0,<null>,OPL
1091,DDP     ,210,OFF       ,10,6,<null>,SEC
1091,TECH    ,114,SURREY    ,48,48,James Phillips                                                                                                                                                                                                                                            ,LAB
1097,CMPT    ,128,BURNABY   ,24,0,<null>,LAB
1087,WKTM    ,400,OFF       ,10,1,"Frances McLafferty, Navinder Chima                                                                                                                                                                                                                        ",SEC
1084,WKTM    ,300,SURREY    ,50,10,"Frances McLafferty, Navinder Chima                                                                                                                                                                                                                        ",SEC
1091,DDP     ,310,OFF       ,10,5,<null>,SEC
1137,MATH    ,251,SURREY    ,102,69,Vijaykumar Singh                                                                                                                                                                                                                                          ,LEC
1081,MATH    ,342,BURNABY   ,50,34,Nils Bruin                                                                                                                                                                                                                                                ,LEC
1087,REM     ,100,BURNABY   ,18,18,<null>,TUT
1087,REM     ,100,BURNABY   ,18,19,<null>,TUT
1081,REM     ,664,BURNABY   ,10,1,<null>,SEC
1164,MSE     ,490,SURREY    ,18,0,<null>,SEM
1167,MATH    ,1XX       ,BURNABY   ,1,8,<null>,LEC
1134,MSE     ,491,SURREY    ,25,0,<null>,LAB
1087,REM     ,621,BURNABY   ,35,17,Duncan Knowler                                                                                                                                                                                                                                            ,SEM
1097,CMPT    ,128,SURREY    ,24,0,<null>,LAB
1131,ENSC    ,283,SURREY    ,33,0,<null>,LAB
1097,CMPT    ,771,SURREY    ,12,0,<null>,LEC
1181,MSE     ,450,SURREY    ,27,21,Jiacheng Wang                                                                                                                                                                                                                                             ,LAB
1181,MSE     ,402,SURREY    ,100,92,Maureen Hindy                                                                                                                                                                                                                                             ,LEC
1137,MSE     ,394,SURREY    ,10,5,Harriet Chicoine                                                                                                                                                                                                                                          ,SEC
1144,MSE     ,394,SURREY    ,50,2,Harriet Chicoine                                                                                                                                                                                                                                          ,SEC
1084,MATH    ,232,SURREY    ,70,68,Kevin Staley                                                                                                                                                                                                                                              ,LEC
1147,ENSC    ,494,BURNABY   ,5,4,<null>,SEC
1164,MATH    ,891,OFF       ,20,0,Stuart Billings                                                                                                                                                                                                                                           ,SEC
1091,KIN     ,142,BURNABY   ,19,18,<null>,LAB
1081,KIN     ,142,BURNABY   ,19,19,<null>,LAB
1084,KIN     ,110,HRBRCNTR  ,18,18,<null>,TUT
1094,KIN     ,110,HRBRCNTR  ,18,18,<null>,TUT
1181,MATH    ,100,BURNABY   ,60,0,<null>,OPL
1097,MATH    ,322,BURNABY   ,30,15,<null>,TUT
1101,MATH    ,158,BURNABY   ,60,0,<null>,OPL
1134,MATH    ,342,BURNABY   ,40,30,<null>,TUT
1131,MATH    ,895,BURNABY   ,6,0,<null>,SEC
1151,MSE     ,721,SURREY    ,15,0,Siamak Arzanpour                                                                                                                                                                                                                                          ,TUT
1174,MSE     ,711,SURREY    ,2,2,Behraad Bahreyni                                                                                                                                                                                                                                          ,LAB
1177,MSE     ,193,METRO     ,10,1,Stephanie DeRapp                                                                                                                                                                                                                                          ,SEC
1181,MSE     ,193,OFF       ,10,0,Stephanie DeRapp                                                                                                                                                                                                                                          ,SEC
1177,MSE     ,220,SURREY    ,40,38,Ghasem Behfarshad                                                                                                                                                                                                                                         ,LAB
1167,MATH    ,877,BURNABY   ,5,0,<null>,SEC
1177,MATH    ,899,OFF       ,5,0,<null>,SEC
1094,MATH    ,895,BURNABY   ,5,0,<null>,SEC
1091,REM     ,311,BURNABY   ,18,15,<null>,TUT
1081,REM     ,311,BURNABY   ,18,11,<null>,TUT
1081,REM     ,621,BURNABY   ,35,29,Duncan Knowler                                                                                                                                                                                                                                            ,SEM
1087,REM     ,691,BURNABY   ,10,0,. Faculty                                                                                                                                                                                                                                                 ,SEC
1137,CMPT    ,106,SURREY    ,96,0,<null>,LEC
1164,MATH    ,157,BURNABY   ,0,0,<null>,OPL
1167,ENSC    ,324,BURNABY   ,75,97,Bonnie Gray                                                                                                                                                                                                                                               ,LEC
1177,CMPT    ,295,BURNABY   ,156,157,Bradley Bart                                                                                                                                                                                                                                              ,LEC
1177,ENSC    ,702,METRO     ,5,1,Harriet Chicoine                                                                                                                                                                                                                                          ,PRA
1177,ENSC    ,251,BURNABY   ,144,145,Herbert Tsang                                                                                                                                                                                                                                             ,TUT
1174,ENSC    ,251,BURNABY   ,45,0,William Scratchley                                                                                                                                                                                                                                        ,LAB
1147,ENSC    ,252,BURNABY   ,132,122,Lakshman One                                                                                                                                                                                                                                              ,LEC
1167,ENSC    ,477,BURNABY   ,34,25,"Marinko Sarunic, Teresa Cheung                                                                                                                                                                                                                            ",LAB
1154,MSE     ,353,SURREY    ,30,30,Jiacheng Wang                                                                                                                                                                                                                                             ,LAB
1161,MSE     ,750,SURREY    ,5,2,Jiacheng Wang                                                                                                                                                                                                                                             ,LAB
1137,ENSC    ,120,BURNABY   ,30,21,Meenakshinathan Parameswaran                                                                                                                                                                                                                              ,LAB
1154,MSE     ,893,SURREY    ,3,1,Flavio Firmani                                                                                                                                                                                                                                            ,LAB
1161,MSE     ,893,SURREY    ,3,0,Mehrdad Moallem                                                                                                                                                                                                                                           ,LAB
1137,MSE     ,394,SURREY    ,10,0,Harriet Chicoine                                                                                                                                                                                                                                          ,SEC
1154,MSE     ,394,OFF       ,50,0,Stephanie DeRapp                                                                                                                                                                                                                                          ,SEC
1174,MSE     ,493,OFF       ,30,4,Stephanie DeRapp                                                                                                                                                                                                                                          ,SEC
1167,MSE     ,496,SURREY    ,5,0,Stephanie DeRapp                                                                                                                                                                                                                                          ,LAB
1134,MSE     ,391,SURREY    ,100,74,Amr Marzouk                                                                                                                                                                                                                                               ,TUT
1164,MSE     ,497,SURREY    ,5,1,Majid Bahrami                                                                                                                                                                                                                                             ,LAB
1141,MSE     ,193,SURREY    ,10,0,Harriet Chicoine                                                                                                                                                                                                                                          ,SEC
1171,MSE     ,223,SURREY    ,36,30,Ghasem Behfarshad                                                                                                                                                                                                                                         ,LAB
1147,MSE     ,110,SURREY    ,30,29,Amr Marzouk                                                                                                                                                                                                                                               ,LEC
1144,MSE     ,110,SURREY    ,30,0,Amr Marzouk                                                                                                                                                                                                                                               ,OPL
1181,MSE     ,251,SURREY    ,23,21,Behraad Bahreyni                                                                                                                                                                                                                                          ,LAB
1167,MSE     ,110,SURREY    ,30,23,Amr Marzouk                                                                                                                                                                                                                                               ,LAB
1131,ENSC    ,105W      ,SURREY    ,100,83,Maureen Hindy                                                                                                                                                                                                                                             ,LEC
1157,ENSC    ,251,BURNABY   ,48,44,Lesley Shannon                                                                                                                                                                                                                                            ,LAB
1157,CMPT    ,628,OFF       ,15,0,Harriet Chicoine                                                                                                                                                                                                                                          ,PRA
1121,CMPT    ,166,SURREY    ,61,58,Toby Donaldson                                                                                                                                                                                                                                            ,LEC
1164,CMPT    ,166,SURREY    ,78,74,Toby Donaldson                                                                                                                                                                                                                                            ,LEC
1127,CMPT    ,627,VAN       ,2,0,"Cristina Eftenaru, Harriet Chicoine                                                                                                                                                                                                                       ",PRA
1161,CMPT    ,166,SURREY    ,26,25,Toby Donaldson                                                                                                                                                                                                                                            ,LAB
1164,CMPT    ,166,SURREY    ,26,24,Toby Donaldson                                                                                                                                                                                                                                            ,LAB
1174,CMPT    ,166,SURREY    ,26,20,Harinder Khangura                                                                                                                                                                                                                                         ,LAB
1167,CHIN    ,180,BURNABY   ,10,9,Cynthia Xie                                                                                                                                                                                                                                               ,TUT
1157,DDP     ,210,OFF       ,30,7,Ze-Nian Li                                                                                                                                                                                                                                                ,SEC
1134,DDP     ,310,OFF       ,30,7,Qianping Gu                                                                                                                                                                                                                                               ,SEC
1151,MSE     ,390,SURREY    ,129,83,". TBD, Flavio Firmani                                                                                                                                                                                                                                     ",LEC
1147,CMPT    ,628,METRO     ,2,0,Harriet Chicoine                                                                                                                                                                                                                                          ,PRA
1157,CMPT    ,166,SURREY    ,26,26,Karol Swietlicki                                                                                                                                                                                                                                          ,LAB
1181,CMPT    ,166,SURREY    ,24,7,Harinder Khangura                                                                                                                                                                                                                                         ,LAB
1104,MACM    ,202,BURNABY   ,22,0,<null>,TUT
1104,MACM    ,202,BURNABY   ,22,0,<null>,TUT
1097,MATH    ,251,SURREY    ,72,0,<null>,OPL
1167,CMPT    ,276,BURNABY   ,80,75,". Faculty, Karol Swietlicki                                                                                                                                                                                                                               ",LEC
1147,CMPT    ,433,SURREY    ,45,45,Brian Fraser                                                                                                                                                                                                                                              ,LEC
1181,ENSC    ,452,BURNABY   ,35,31,Lesley Shannon                                                                                                                                                                                                                                            ,LAB
1087,TECH    ,106,SURREY    ,24,23,Michael Sjoerdsma                                                                                                                                                                                                                                         ,LAB
1144,CMPT    ,777,BURNABY   ,12,10,Evgenia Ternovska                                                                                                                                                                                                                                         ,LEC
1154,CMPT    ,777,BURNABY   ,30,28,Evgenia Ternovska                                                                                                                                                                                                                                         ,LEC
1154,ENSC    ,280,BURNABY   ,50,44,Atousa Hajshirmohammadi                                                                                                                                                                                                                                   ,LAB
1091,CMPT    ,768,SURREY    ,10,3,Tamara Smyth                                                                                                                                                                                                                                              ,LEC
1161,MATH    ,302,BURNABY   ,40,29,David Muraki                                                                                                                                                                                                                                              ,LEC
1167,CMPT    ,276,BURNABY   ,80,80,Bobby Chan                                                                                                                                                                                                                                                ,LEC
1167,CMPT    ,431,BURNABY   ,55,37,Arrvindh Shriraman                                                                                                                                                                                                                                        ,LEC
1087,IAT     ,380,SURREY    ,48,47,Philippe Pasquier                                                                                                                                                                                                                                         ,LEC
1124,DDP     ,210,OFF       ,30,6,Qianping Gu                                                                                                                                                                                                                                               ,SEC
1147,DDP     ,210,OFF       ,30,8,Ze-Nian Li                                                                                                                                                                                                                                                ,SEC
1147,MATH    ,340,BURNABY   ,72,57,Nathan Ilten                                                                                                                                                                                                                                              ,LEC
1171,MSE     ,893,SURREY    ,1,0,<null>,LAB
1164,MSE     ,422,SURREY    ,17,0,<null>,LAB
1121,MATH    ,1XXQ      ,BURNABY   ,20,0,<null>,LEC
1174,MATH    ,1XX       ,BURNABY   ,1,3,<null>,LEC
1141,MSE     ,480,SURREY    ,80,76,Kevin Oldknow                                                                                                                                                                                                                                             ,LEC
1151,MSE     ,480,SURREY    ,74,72,Kevin Oldknow                                                                                                                                                                                                                                             ,LEC
1167,MSE     ,110,SURREY    ,30,0,Amr Marzouk                                                                                                                                                                                                                                               ,OPL
1151,MSE     ,110,SURREY    ,30,0,Amr Marzouk                                                                                                                                                                                                                                               ,LAB
1171,MSE     ,410,SURREY    ,94,80,Farid Golnaraghi                                                                                                                                                                                                                                          ,SEM
1181,MSE     ,410,SURREY    ,94,0,Flavio Firmani                                                                                                                                                                                                                                            ,SEM
1147,MSE     ,393,OFF       ,25,8,Stephanie DeRapp                                                                                                                                                                                                                                          ,SEC
1157,MSE     ,393,OFF       ,25,8,"Harriet Chicoine, Stephanie DeRapp                                                                                                                                                                                                                        ",SEC
1161,CMPT    ,628,OFF       ,15,0,Harriet Chicoine                                                                                                                                                                                                                                          ,PRA
1181,MATH    ,441,BURNABY   ,20,8,Nathan Ilten                                                                                                                                                                                                                                              ,LEC
1114,CMPT    ,165,SURREY    ,0,0,<null>,LEC
1141,CMPT    ,165,BURNABY   ,25,0,<null>,LAB
1127,ENSC    ,231,SURREY    ,100,99,Woo Soo Kim                                                                                                                                                                                                                                               ,TUT
1164,ENSC    ,460,BURNABY   ,8,10,<null>,LAB
1167,CMPT    ,771,BURNABY   ,30,21,Jiangchuan Liu                                                                                                                                                                                                                                            ,LEC
1087,IAT     ,802,SURREY    ,40,24,Brian Fisher                                                                                                                                                                                                                                              ,SEM
1101,ENSC    ,225,BURNABY   ,1,0,<null>,OPL
1114,CMPT    ,165,SURREY    ,0,0,<null>,LAB
1147,CMPT    ,477,BURNABY   ,36,36,Evgenia Ternovska                                                                                                                                                                                                                                         ,LEC
1091,IAT     ,445,SURREY    ,25,25,Stephen Dipaola                                                                                                                                                                                                                                           ,STL
1134,CMPT    ,477,BURNABY   ,55,47,Evgenia Ternovska                                                                                                                                                                                                                                         ,LEC
1161,ENSC    ,328,BURNABY   ,3,0,Atousa Hajshirmohammadi                                                                                                                                                                                                                                   ,TUT
1111,MATH    ,150,BURNABY   ,35,27,"Jamie Mulholland, Veselin Jungic                                                                                                                                                                                                                          ",SEC
1131,ENSC    ,283,SURREY    ,100,0,<null>,LEC
1127,ENSC    ,329,SURREY    ,75,0,. TBD                                                                                                                                                                                                                                                     ,TUT
1124,CMPT    ,166,SURREY    ,0,0,<null>,LAB
1171,MSE     ,893,SURREY    ,2,0,<null>,LAB
1144,MSE     ,420,SURREY    ,70,0,<null>,TUT
1151,CMPT    ,475,BURNABY   ,50,0,<null>,LEC
1094,CMNS    ,830,BURNABY   ,0,1,<null>,SEM
1121,ENSC    ,225,BURNABY   ,90,0,<null>,TUT
1097,CMPT    ,441,BURNABY   ,20,7,Suleyman Sahinalp                                                                                                                                                                                                                                         ,LEC
1081,CMPT    ,881,BURNABY   ,8,0,<null>,LEC
1091,CMNS    ,362,HRBRCNTR  ,0,0,<null>,TUT
1087,IAT     ,100,SURREY    ,24,23,Jack Stockholm III                                                                                                                                                                                                                                        ,STL
1081,CMNS    ,456,BURNABY   ,36,37,Peter Anderson                                                                                                                                                                                                                                            ,LEC
1094,CMNS    ,362,HRBRCNTR  ,36,36,"Seyed Ahadi, Sherry Yu                                                                                                                                                                                                                                    ",LEC
1084,CMNS    ,478,HRBRCNTR  ,10,0,. TBD                                                                                                                                                                                                                                                     ,SEC
1124,ENSC    ,429,BURNABY   ,35,17,<null>,RQL
1091,CMNS    ,899,OFF       ,25,0,. Faculty                                                                                                                                                                                                                                                 ,SEC
1107,MATH    ,1XX       ,BURNABY   ,1,1,<null>,LEC
1137,MSE     ,250,SURREY    ,100,0,<null>,TUT
1081,IAT     ,222,SURREY    ,50,47,Niranjan Rajah                                                                                                                                                                                                                                            ,WKS
1151,MATH    ,320,BURNABY   ,32,0,<null>,TUT
1131,MATH    ,157,SURREY    ,60,0,<null>,OPL
1087,IAT     ,233,SURREY    ,120,109,Russell Taylor                                                                                                                                                                                                                                            ,LEC
1164,CMPT    ,376W      ,BURNABY   ,73,66,Milan Tofiloski                                                                                                                                                                                                                                           ,LEC
1147,MATH    ,370W      ,BURNABY   ,32,8,Jonathan Jedwab                                                                                                                                                                                                                                           ,LEC
1081,ENSC    ,350,BURNABY   ,60,0,<null>,OPL
1117,ENSC    ,387,SURREY    ,30,0,<null>,LAB
1087,IAT     ,486,SURREY    ,1,1,Russell Taylor                                                                                                                                                                                                                                            ,SEC
1157,ENSC    ,472,BURNABY   ,20,10,Stephen Robinovitch                                                                                                                                                                                                                                       ,LEC
1091,IAT     ,410,SURREY    ,24,21,Yingchen Yang                                                                                                                                                                                                                                             ,LAB
1091,IAT     ,410,SURREY    ,26,23,Yingchen Yang                                                                                                                                                                                                                                             ,LAB
1111,ENSC    ,350,BURNABY   ,0,0,<null>,LEC
1107,ENSC    ,100W      ,BURNABY   ,5,5,Michael Sjoerdsma                                                                                                                                                                                                                                         ,TUT
1107,ENSC    ,100W      ,BURNABY   ,4,4,Michael Sjoerdsma                                                                                                                                                                                                                                         ,TUT
1091,MATH    ,198,HRBRCNTR  ,0,21,Christine Stewart                                                                                                                                                                                                                                         ,SEC
1087,CMNS    ,260,BURNABY   ,18,0,<null>,TUT
1097,MATH    ,310,SURREY    ,72,0,<null>,LEC
1081,IAT     ,244,SURREY    ,24,22,Michael Filimowicz                                                                                                                                                                                                                                        ,STL
1107,ENSC    ,833,BURNABY   ,30,0,<null>,SEM
1097,ENSC    ,492,BURNABY   ,3,0,<null>,SEC
1174,CMPT    ,225,BURNABY   ,26,26,Anne Lavergne                                                                                                                                                                                                                                             ,LAB
1097,CMPT    ,128,BURNABY   ,26,9,Janice Regan                                                                                                                                                                                                                                              ,LAB
1097,CMPT    ,128,BURNABY   ,26,23,Janice Regan                                                                                                                                                                                                                                              ,LAB
1181,CMPT    ,225,BURNABY   ,26,26,David Mitchell                                                                                                                                                                                                                                            ,LAB
1164,CMPT    ,225,BURNABY   ,26,26,Anne Lavergne                                                                                                                                                                                                                                             ,LAB
1087,CMPT    ,275,BURNABY   ,72,68,Janice Regan                                                                                                                                                                                                                                              ,LEC
1091,CMPT    ,XX1       ,KAM       ,5,0,Ping Ding                                                                                                                                                                                                                                                 ,SEC
1104,CMPT    ,165,BURNABY   ,25,24,Bobby Chan                                                                                                                                                                                                                                                ,LAB
1127,CMPT    ,165,BURNABY   ,26,26,Anne Lavergne                                                                                                                                                                                                                                             ,LAB
1101,CMPT    ,165,BURNABY   ,26,26,Gregory Baker                                                                                                                                                                                                                                             ,LAB
1101,CMPT    ,165,SURREY    ,24,24,. Sessional                                                                                                                                                                                                                                               ,LAB
1144,CMPT    ,165,SURREY    ,26,25,Harinder Khangura                                                                                                                                                                                                                                         ,LAB
1134,CMPT    ,165,HRBRCNTR  ,26,26,Anne Lavergne                                                                                                                                                                                                                                             ,LEC
1154,CMPT    ,165,SURREY    ,24,15,Brian Fraser                                                                                                                                                                                                                                              ,LAB
1144,CMPT    ,354,BURNABY   ,80,80,Wo-Shun Luk                                                                                                                                                                                                                                               ,LEC
1087,IAT     ,100,SURREY    ,24,27,Patrick Chan                                                                                                                                                                                                                                              ,STL
1081,MATH    ,198,HRBRCNTR  ,31,36,Veselin Jungic                                                                                                                                                                                                                                            ,LEC
1091,IAT     ,842,SURREY    ,20,9,Magy Seif El-Nasr                                                                                                                                                                                                                                         ,LAB
1101,CMPT    ,120,BURNABY   ,26,26,Diana Cukierman                                                                                                                                                                                                                                           ,LAB
1097,CMPT    ,120,BURNABY   ,32,32,Bradley Bart                                                                                                                                                                                                                                              ,LAB
1104,CMPT    ,120,BURNABY   ,26,23,Colin Stewart                                                                                                                                                                                                                                             ,LAB
1154,CMPT    ,120,BURNABY   ,26,23,Anne Lavergne                                                                                                                                                                                                                                             ,LAB
1117,CMPT    ,705,BURNABY   ,40,35,Andrei Bulatov                                                                                                                                                                                                                                            ,LEC
1131,CMPT    ,705,BURNABY   ,32,32,Valentine Kabanets                                                                                                                                                                                                                                        ,LEC
1131,CMPT    ,885,BURNABY   ,30,13,Arrvindh Shriraman                                                                                                                                                                                                                                        ,LEC
1171,CMPT    ,225,SURREY    ,24,6,Toby Donaldson                                                                                                                                                                                                                                            ,LAB
1101,CMPT    ,120,BURNABY   ,26,26,Diana Cukierman                                                                                                                                                                                                                                           ,LAB
1097,CMPT    ,120,SURREY    ,200,189,Toby Donaldson                                                                                                                                                                                                                                            ,LEC
1161,CMPT    ,126,BURNABY   ,52,20,Ali Madooei                                                                                                                                                                                                                                               ,LEC
1091,CMPT    ,125,BURNABY   ,26,24,Diana Cukierman                                                                                                                                                                                                                                           ,LAB
1087,CMPT    ,128,BURNABY   ,25,22,Janice Regan                                                                                                                                                                                                                                              ,LAB
1087,CMPT    ,120,BURNABY   ,33,33,Diana Cukierman                                                                                                                                                                                                                                           ,LAB
1154,CMPT    ,120,BURNABY   ,26,26,Anne Lavergne                                                                                                                                                                                                                                             ,LAB
1167,CMPT    ,120,BURNABY   ,26,26,Diana Cukierman                                                                                                                                                                                                                                           ,LAB
1127,ENSC    ,894,BURNABY   ,10,6,Kamal Gupta                                                                                                                                                                                                                                               ,LEC
1177,CMPT    ,307,BURNABY   ,90,90,Valentine Kabanets                                                                                                                                                                                                                                        ,LEC
1181,CMPT    ,371,BURNABY   ,85,37,Ryan Shea                                                                                                                                                                                                                                                 ,LEC
1101,CMPT    ,417,BURNABY   ,45,34,Frederick Popowich                                                                                                                                                                                                                                        ,LEC
1181,CMPT    ,416,BURNABY   ,1,1,Yasutaka Furukawa                                                                                                                                                                                                                                         ,SEC
1141,CMPT    ,430,METRO     ,5,0,Harriet Chicoine                                                                                                                                                                                                                                          ,SEC
1167,CMPT    ,430,METRO     ,3,0,Harriet Chicoine                                                                                                                                                                                                                                          ,SEC
1097,CMPT    ,430,BURNABY   ,30,4,Frances McLafferty                                                                                                                                                                                                                                        ,SEC
1114,CMPT    ,430,BURNABY   ,5,3,Harriet Chicoine                                                                                                                                                                                                                                          ,SEC
1177,CMPT    ,430,METRO     ,50,1,Harriet Chicoine                                                                                                                                                                                                                                          ,SEC
1087,CMPT    ,430,OFF       ,30,0,Harriet Chicoine                                                                                                                                                                                                                                          ,SEC
1141,CMPT    ,165,BURNABY   ,25,0,<null>,LAB
1101,CMPT    ,165,SURREY    ,0,0,<null>,LAB
1084,CMNS    ,478,HRBRCNTR  ,10,11,Anne Ahmad                                                                                                                                                                                                                                                ,SEC
1111,MACM    ,201,BURNABY   ,60,0,<null>,OPL
1094,CMNS    ,473,HRBRCNTR  ,60,64,Anne Ahmad                                                                                                                                                                                                                                                ,LEC
1101,MACM    ,201,SURREY    ,40,0,<null>,OPL
1157,ENSC    ,351,BURNABY   ,44,41,. Sessional                                                                                                                                                                                                                                               ,LAB
1161,ENSC    ,295,OFF       ,10,10,Harriet Chicoine                                                                                                                                                                                                                                          ,SEC
1177,ENSC    ,295,OFF       ,15,0,Harriet Chicoine                                                                                                                                                                                                                                          ,SEC
1121,ENSC    ,304,BURNABY   ,155,154,Parvaneh Saeedi                                                                                                                                                                                                                                           ,LEC
1144,ENSC    ,350,BURNABY   ,48,33,Lakshman One                                                                                                                                                                                                                                              ,LEC
1114,ENSC    ,350,BURNABY   ,30,26,Lakshman One                                                                                                                                                                                                                                              ,TUT
1177,CMPT    ,886,BURNABY   ,13,4,William Sumner                                                                                                                                                                                                                                            ,SEM
1094,CMNS    ,262,BURNABY   ,72,74,Kathleen Cross                                                                                                                                                                                                                                            ,LEC
1091,CMPT    ,889,SURREY    ,5,0,Tamara Smyth                                                                                                                                                                                                                                              ,LEC
1091,REM     ,660,BURNABY   ,12,9,Andrew Cooper                                                                                                                                                                                                                                             ,SEC
1181,ENSC    ,896,BURNABY   ,10,0,<null>,SEC
1181,ENSC    ,896,BURNABY   ,10,4,<null>,SEC
1087,IAT     ,380,SURREY    ,0,0,<null>,LEC
1114,CMPT    ,110,BURNABY   ,77,59,Anthony Dixon                                                                                                                                                                                                                                             ,SEC
1117,CMPT    ,110,BURNABY   ,80,63,Mark Drew                                                                                                                                                                                                                                                 ,LEC
1091,CMPT    ,250,BURNABY   ,15,12,Louis Hafer                                                                                                                                                                                                                                               ,LAB
1081,CMNS    ,899,BURNABY   ,40,23,. Faculty                                                                                                                                                                                                                                                 ,SEC
1097,CMPT    ,165,BURNABY   ,25,25,Gregory Baker                                                                                                                                                                                                                                             ,LAB
1111,ENSC    ,894,BURNABY   ,10,11,Lesley Shannon                                                                                                                                                                                                                                            ,LEC
1151,ENSC    ,894,BURNABY   ,5,3,Bonnie Gray                                                                                                                                                                                                                                               ,TUT
1084,CMNS    ,482,OFF       ,20,17,. Faculty                                                                                                                                                                                                                                                 ,SEC
1111,MACM    ,201,SURREY    ,60,0,<null>,OPL
1081,CMNS    ,840,HRBRCNTR  ,20,7,Yuezhi Zhao                                                                                                                                                                                                                                               ,SEM
1094,CMNS    ,802,BURNABY   ,15,0,<null>,SEM
1151,CMPT    ,475,HRBRCNTR  ,40,36,". Faculty, Danny Ridinger                                                                                                                                                                                                                                 ",LEC
1081,CMPT    ,471,BURNABY   ,30,18,Janice Regan                                                                                                                                                                                                                                              ,LEC
1091,CMPT    ,471,BURNABY   ,40,37,Louis Hafer                                                                                                                                                                                                                                               ,LEC
1161,CMPT    ,471,BURNABY   ,85,76,Qianping Gu                                                                                                                                                                                                                                               ,LEC
1111,CMPT    ,815,BURNABY   ,10,5,Ramesh Krishnamurti                                                                                                                                                                                                                                       ,LEC
1107,CMPT    ,471,BURNABY   ,40,38,Janice Regan                                                                                                                                                                                                                                              ,LEC
1154,CMPT    ,427,OFF       ,5,0,Harriet Chicoine                                                                                                                                                                                                                                          ,SEC
1081,CMPT    ,899,BURNABY   ,80,80,. Faculty                                                                                                                                                                                                                                                 ,SEC
1081,KIN     ,207,BURNABY   ,85,79,Ryan Metcalfe                                                                                                                                                                                                                                             ,LEC
1181,MATH    ,314,BURNABY   ,16,0,<null>,TUT
1107,MACM    ,316,BURNABY   ,192,172,Roger Donaldson                                                                                                                                                                                                                                           ,LEC
1161,MACM    ,201,BURNABY   ,300,189,Karen Yeats                                                                                                                                                                                                                                               ,LEC
1081,MACM    ,201,SURREY    ,48,32,Zhaosong Lu                                                                                                                                                                                                                                               ,LEC
1181,MACM    ,201,SURREY    ,115,93,Mahsa Faizrahnemoon                                                                                                                                                                                                                                       ,LEC
1151,MATH    ,343,BURNABY   ,32,10,Cedric Chauve                                                                                                                                                                                                                                             ,LEC
1141,MATH    ,336,OFF       ,20,1,Stuart Billings                                                                                                                                                                                                                                           ,SEC
1097,MATH    ,894,BURNABY   ,6,0,. Faculty                                                                                                                                                                                                                                                 ,SEC
1131,CMPT    ,165,BURNABY   ,70,67,Frederick Popowich                                                                                                                                                                                                                                        ,SEC
1097,CMPT    ,165,BURNABY   ,25,25,Gregory Baker                                                                                                                                                                                                                                             ,LAB
1141,CMPT    ,165,BURNABY   ,208,195,Gregory Baker                                                                                                                                                                                                                                             ,LEC
1101,CMPT    ,165,KAM       ,12,6,Ping Ding                                                                                                                                                                                                                                                 ,SEC
1137,CMPT    ,427,METRO     ,30,5,Harriet Chicoine                                                                                                                                                                                                                                          ,SEC
1097,CMPT    ,307,SURREY    ,20,18,Joseph Peters                                                                                                                                                                                                                                             ,LEC
1121,CMPT    ,300,SURREY    ,40,28,Arrvindh Shriraman                                                                                                                                                                                                                                        ,LEC
1131,CMPT    ,300,SURREY    ,35,23,Arrvindh Shriraman                                                                                                                                                                                                                                        ,LEC
1137,CMPT    ,165,BURNABY   ,26,21,Gregory Baker                                                                                                                                                                                                                                             ,LAB
1157,CMPT    ,371,BURNABY   ,85,85,Jiangchuan Liu                                                                                                                                                                                                                                            ,LEC
1121,CMPT    ,471,HRBRCNTR  ,40,26,Janice Regan                                                                                                                                                                                                                                              ,LEC
1097,CMPT    ,461,BURNABY   ,20,2,Torsten Moller                                                                                                                                                                                                                                            ,LEC
1164,CMPT    ,471,BURNABY   ,75,45,Janice Regan                                                                                                                                                                                                                                              ,LEC
1141,CMPT    ,430,OFF       ,5,2,Harriet Chicoine                                                                                                                                                                                                                                          ,SEC
1151,CMPT    ,430,OFF       ,5,0,Harriet Chicoine                                                                                                                                                                                                                                          ,SEC
1147,CMPT    ,827,BURNABY   ,8,8,David Mitchell                                                                                                                                                                                                                                            ,LEC
1141,MATH    ,336,BURNABY   ,20,1,Stuart Billings                                                                                                                                                                                                                                           ,SEC
1141,MATH    ,251,BURNABY   ,195,170,Weiran Sun                                                                                                                                                                                                                                                ,LEC
1087,MATH    ,190,BURNABY   ,70,62,Bernice Kastner                                                                                                                                                                                                                                           ,SEC
1141,MATH    ,157,BURNABY   ,331,192,Stephen Choi                                                                                                                                                                                                                                              ,LEC
1144,CMPT    ,427,VAN       ,40,41,Harriet Chicoine                                                                                                                                                                                                                                          ,SEC
1137,CMPT    ,427,OFF       ,15,1,Harriet Chicoine                                                                                                                                                                                                                                          ,SEC
1104,CMPT    ,430,SURREY    ,30,1,Frances McLafferty                                                                                                                                                                                                                                        ,SEC
1114,CMPT    ,430,SURREY    ,5,2,Frances McLafferty                                                                                                                                                                                                                                        ,SEC
1164,ENSC    ,264,BURNABY   ,23,21,Lakshman One                                                                                                                                                                                                                                              ,TUT
1091,ENSC    ,225,BURNABY   ,80,73,Bonnie Gray                                                                                                                                                                                                                                               ,LEC
1117,ENSC    ,387,SURREY    ,90,68,Edward Park                                                                                                                                                                                                                                               ,TUT
1087,ENSC    ,383,BURNABY   ,70,56,Kamal Gupta                                                                                                                                                                                                                                               ,LEC
1167,ENSC    ,395,BURNABY   ,35,41,Harriet Chicoine                                                                                                                                                                                                                                          ,SEC
1177,ENSC    ,395,METRO     ,35,41,Harriet Chicoine                                                                                                                                                                                                                                          ,SEC
1117,ENSC    ,325,BURNABY   ,50,44,Marek Syrzycki                                                                                                                                                                                                                                            ,LEC
1081,ENSC    ,810,BURNABY   ,25,15,Shawn Stapleton                                                                                                                                                                                                                                           ,LEC
1091,ENSC    ,495,BURNABY   ,9,7,Albert Leung                                                                                                                                                                                                                                              ,LEC
1147,ENSC    ,489,BURNABY   ,85,90,Michael Henrey                                                                                                                                                                                                                                            ,TUT
1151,ENSC    ,428,BURNABY   ,35,8,Daniel Lee                                                                                                                                                                                                                                                ,TUT
1131,ENSC    ,427,BURNABY   ,55,46,Ljiljana Trajkovic                                                                                                                                                                                                                                        ,LEC
1084,ENSC    ,891,BURNABY   ,30,13,. Faculty                                                                                                                                                                                                                                                 ,SEC
1084,KIN     ,310,BURNABY   ,60,43,Ryan Dill                                                                                                                                                                                                                                                 ,SEC
1091,KIN     ,241,BURNABY   ,64,68,Donald Hedges                                                                                                                                                                                                                                             ,LEC
1081,KIN     ,306,BURNABY   ,90,89,Penelope Deck                                                                                                                                                                                                                                             ,LEC
1131,MATH    ,467,BURNABY   ,42,35,Weiran Sun                                                                                                                                                                                                                                                ,LEC
1101,MATH    ,820,BURNABY   ,19,9,Luis Goddyn                                                                                                                                                                                                                                               ,LEC
1137,MATH    ,1XX       ,BURNABY   ,3,8,<null>,LEC
1167,MSE     ,320,SURREY    ,120,0,<null>,TUT
1171,MSE     ,489,SURREY    ,5,0,<null>,SEM
1111,MATH    ,208W      ,SURREY    ,12,4,<null>,TUT
1181,MSE     ,891,SURREY    ,10,7,<null>,SEC
1091,REM     ,612,BURNABY   ,15,8,Sean Cox                                                                                                                                                                                                                                                  ,SEM
1141,MATH    ,1XX       ,BURNABY   ,6,3,<null>,LEC
1087,MATH    ,1XX       ,BURNABY   ,20,15,<null>,LEC
1097,MATH    ,1XX       ,BURNABY   ,30,31,<null>,LEC
1147,MSE     ,898,OFF       ,10,1,<null>,SEC
1141,MSE     ,101W      ,SURREY    ,27,0,<null>,TUT
1151,MATH    ,899,OFF       ,3,1,<null>,SEC
1121,ENSC    ,196,SURREY    ,5,6,<null>,SEC
1131,ENSC    ,196,SURREY    ,10,8,<null>,SEC
1131,ENSC    ,196,OFF       ,10,3,<null>,SEC
1141,ENSC    ,491,BURNABY   ,2,0,<null>,SEC
1087,MACM    ,316,BURNABY   ,32,23,<null>,TUT
1161,MATH    ,252,BURNABY   ,43,38,<null>,TUT
1181,MATH    ,252,BURNABY   ,36,34,<null>,TUT
1181,MATH    ,252,BURNABY   ,32,22,<null>,TUT
1094,MATH    ,896,BURNABY   ,6,0,<null>,SEC
1144,MATH    ,486,OFF       ,20,0,<null>,SEC
1114,MATH    ,1XX       ,BURNABY   ,20,4,<null>,LEC
1091,KIN     ,375,BURNABY   ,50,48,Michael Walsh                                                                                                                                                                                                                                             ,LEC
1151,MATH    ,157,SURREY    ,100,42,Krystal Guo                                                                                                                                                                                                                                               ,LEC
1081,MATH    ,155,KAM       ,3,1,Ping Ding                                                                                                                                                                                                                                                 ,SEC
1091,MACM    ,201,BURNABY   ,150,113,Jonathan Jedwab                                                                                                                                                                                                                                           ,LEC
1097,MATH    ,336,BURNABY   ,20,2,Faye Stefan                                                                                                                                                                                                                                               ,SEC
1151,MATH    ,336,BURNABY   ,20,1,Stuart Billings                                                                                                                                                                                                                                           ,SEC
1101,MATH    ,320,BURNABY   ,36,29,Stephen Choi                                                                                                                                                                                                                                              ,LEC
1137,MATH    ,251,BURNABY   ,254,241,Ralf Wittenberg                                                                                                                                                                                                                                           ,LEC
1087,MATH    ,242,KAM       ,1,0,Ping Ding                                                                                                                                                                                                                                                 ,SEC
1131,MATH    ,190,BURNABY   ,150,74,Malgorzata Dubiel                                                                                                                                                                                                                                         ,LEC
1114,MATH    ,190,BURNABY   ,35,32,Justin Gray                                                                                                                                                                                                                                               ,SEC
1141,ENSC    ,483,BURNABY   ,60,0,Mehran Shirazi                                                                                                                                                                                                                                            ,OPL
1171,ENSC    ,495,BURNABY   ,15,18,Michael Adachi                                                                                                                                                                                                                                            ,LEC
1111,ENSC    ,495,BURNABY   ,6,6,Albert Leung                                                                                                                                                                                                                                              ,LAB
1087,ENSC    ,805,BURNABY   ,30,5,Paul Ho                                                                                                                                                                                                                                                   ,LEC
1114,ENSC    ,182,SURREY    ,24,23,<null>,LAB
1171,MATH    ,303,BURNABY   ,33,26,<null>,TUT
1171,MATH    ,303,BURNABY   ,35,26,<null>,TUT
1147,MATH    ,303,BURNABY   ,32,23,<null>,TUT
1181,MATH    ,303,BURNABY   ,32,32,<null>,TUT
1114,MATH    ,892,OFF       ,20,0,<null>,SEC
1084,ENSC    ,215,BURNABY   ,22,22,<null>,LAB
1157,MATH    ,880,BURNABY   ,3,0,<null>,SEC
1081,CMPT    ,150,SURREY    ,24,24,<null>,LAB
1157,MATH    ,251,SURREY    ,72,0,<null>,OPL
1131,ENSC    ,230,BURNABY   ,40,0,<null>,OPL
1117,CMPT    ,120,BURNABY   ,25,0,<null>,LAB
1107,CMPT    ,120,BURNABY   ,0,0,<null>,LAB
1147,MSE     ,898,SURREY    ,100,33,<null>,SEC
1087,CMPT    ,120,SURREY    ,24,0,<null>,LAB
1151,MSE     ,102,SURREY    ,30,0,<null>,TUT
1134,MATH    ,152,BURNABY   ,0,0,<null>,OPL
1147,MATH    ,152,BURNABY   ,60,0,<null>,OPL
1111,CMPT    ,427,OFF       ,1,0,<null>,SEC
1121,ENSC    ,887,BURNABY   ,30,0,<null>,LEC
1101,MATH    ,893,BURNABY   ,6,0,Faye Stefan                                                                                                                                                                                                                                               ,SEC
1174,MATH    ,891,BURNABY   ,20,0,Stuart Billings                                                                                                                                                                                                                                           ,SEC
1174,MATH    ,891,OFF       ,20,0,Stuart Billings                                                                                                                                                                                                                                           ,SEC
1137,MSE     ,250,SURREY    ,36,0,<null>,LAB
1134,MSE     ,489,SURREY    ,5,0,<null>,SEM
1081,CMNS    ,304W      ,BURNABY   ,15,15,<null>,TUT
1094,TECH    ,114,SURREY    ,48,43,James Phillips                                                                                                                                                                                                                                            ,LEC
1091,TECH    ,114,SURREY    ,48,32,C. Andrew Paulin                                                                                                                                                                                                                                          ,LAB
1124,ENSC    ,332,SURREY    ,30,0,<null>,LAB
1084,KIN     ,497,BURNABY   ,3,1,<null>,SEC
1117,CMPT    ,120,BURNABY   ,25,0,<null>,LAB
1091,IAT     ,267,SURREY    ,24,0,<null>,STL
1091,KIN     ,351,OFF       ,15,0,<null>,PRA
1081,IAT     ,455,SURREY    ,24,0,<null>,STL
1161,CMPT    ,310,BURNABY   ,80,0,<null>,LEC
1121,ENSC    ,105W      ,SURREY    ,100,0,<null>,LEC
1164,MATH    ,150,BURNABY   ,0,0,<null>,OPL
1147,MATH    ,880,OFF       ,3,0,<null>,SEC
1081,ENSC    ,427,BURNABY   ,50,0,<null>,OPL
1101,MATH    ,154,BURNABY   ,60,0,<null>,OPL
1107,MATH    ,308,BURNABY   ,32,33,<null>,TUT
1134,MSE     ,898,BURNABY   ,40,23,<null>,SEC
1117,CMPT    ,120,SURREY    ,25,0,<null>,LAB
1094,CMPT    ,250,HRBRCNTR  ,16,0,<null>,LAB
1117,CMPT    ,120,BURNABY   ,25,0,<null>,LAB
1091,IAT     ,267,SURREY    ,24,0,<null>,STL
1121,ENSC    ,370,BURNABY   ,15,0,<null>,TUT
1124,ENSC    ,295,OFF       ,10,4,<null>,SEC
1121,MATH    ,302,BURNABY   ,32,0,<null>,LEC
1157,MSE     ,110,SURREY    ,30,0,<null>,LEC
1081,CMNS    ,262,BURNABY   ,0,0,<null>,TUT
1114,CMPT    ,125,SURREY    ,0,0,<null>,LAB
1131,MATH    ,150,SURREY    ,60,0,<null>,OPL
1134,MACM    ,316,BURNABY   ,32,30,<null>,TUT
1091,REM     ,691,BURNABY   ,10,1,<null>,SEC
1167,ENSC    ,100W      ,BURNABY   ,8,0,<null>,LAB
1104,ENSC    ,395,SURREY    ,25,3,<null>,SEC
1094,ENSC    ,225,BURNABY   ,25,23,<null>,TUT
1094,ENSC    ,225,BURNABY   ,25,0,<null>,TUT
1124,ENSC    ,295,OFF       ,20,20,<null>,SEC
1141,ENSC    ,492,BURNABY   ,2,0,<null>,SEC
1124,MATH    ,152,BURNABY   ,60,0,<null>,OPL
1117,MACM    ,316,BURNABY   ,32,22,<null>,TUT
1164,MACM    ,316,BURNABY   ,40,38,<null>,TUT
1174,MACM    ,316,BURNABY   ,36,35,<null>,TUT
1117,MACM    ,316,BURNABY   ,32,27,<null>,TUT
1174,MACM    ,316,BURNABY   ,36,33,<null>,TUT
1097,MATH    ,100,BURNABY   ,60,54,<null>,OPL
1131,MACM    ,316,BURNABY   ,36,33,<null>,TUT
1111,ENSC    ,425,BURNABY   ,1,0,<null>,OPL
1131,MATH    ,308,SURREY    ,32,26,<null>,TUT
1147,MACM    ,316,BURNABY   ,36,19,<null>,TUT
1131,MACM    ,316,SURREY    ,40,38,<null>,TUT
1081,MACM    ,316,BURNABY   ,32,15,<null>,TUT
1091,MACM    ,316,BURNABY   ,30,22,<null>,TUT
1114,MATH    ,899,BURNABY   ,35,25,<null>,SEC
1164,MATH    ,898,BURNABY   ,35,30,<null>,SEC
1177,MATH    ,894,BURNABY   ,6,0,<null>,SEC
1171,MATH    ,314,BURNABY   ,32,0,<null>,TUT
1094,MATH    ,342,BURNABY   ,32,15,<null>,TUT
1117,MATH    ,308,BURNABY   ,40,40,<null>,TUT
1091,REM     ,899,BURNABY   ,15,11,<null>,SEC
1087,CMNS    ,332,BURNABY   ,0,0,<null>,TUT
1081,CMNS    ,110,BURNABY   ,0,0,<null>,TUT
1154,ENSC    ,898,BURNABY   ,120,29,<null>,SEC
1171,ENSC    ,401,BURNABY   ,2,0,<null>,SEC
1087,ENSC    ,395,BURNABY   ,50,20,<null>,SEC
1091,KIN     ,110,BURNABY   ,18,18,<null>,TUT
1091,KIN     ,110,BURNABY   ,18,18,<null>,TUT
1091,KIN     ,110,HRBRCNTR  ,18,17,<null>,TUT
1087,CMNS    ,221,SURREY    ,0,0,<null>,TUT
1087,CMNS    ,221,HRBRCNTR  ,0,0,<null>,TUT
1174,MACM    ,316,BURNABY   ,36,26,<null>,TUT
1107,MACM    ,316,BURNABY   ,32,31,<null>,TUT
1091,ENSC    ,304,BURNABY   ,120,95,<null>,TUT
1087,CMNS    ,220,HRBRCNTR  ,18,19,<null>,TUT
1087,CMNS    ,221,HRBRCNTR  ,18,19,<null>,TUT
1091,CMPT    ,416,BURNABY   ,0,0,<null>,SEC
1091,CMNS    ,110,BURNABY   ,18,18,<null>,TUT
1081,MATH    ,897,BURNABY   ,6,0,. Faculty                                                                                                                                                                                                                                                 ,SEC
1181,MSE     ,898,OFF       ,10,1,<null>,SEC
1137,ENSC    ,100,BURNABY   ,0,0,<null>,TUT
1114,ENSC    ,406,SURREY    ,28,30,<null>,TUT
1081,ENSC    ,330,BURNABY   ,60,0,<null>,OPL
1137,ENSC    ,100,BURNABY   ,0,0,<null>,TUT
1097,ENSC    ,220,BURNABY   ,50,43,<null>,LAB
1087,KIN     ,140,BURNABY   ,19,19,<null>,TUT
1081,ENSC    ,230,BURNABY   ,50,0,<null>,OPL
1087,MATH    ,232,SURREY    ,60,0,<null>,OPL
1097,MATH    ,232,SURREY    ,48,0,<null>,OPL
1134,CMPT    ,135,SURREY    ,0,0,<null>,LAB
1134,CMPT    ,135,SURREY    ,0,0,<null>,LAB
1144,CMPT    ,110,BURNABY   ,50,0,<null>,LEC
1111,MATH    ,152,BURNABY   ,80,0,<null>,LEC
1151,MSE     ,102,SURREY    ,30,0,<null>,TUT
1097,ENSC    ,100W      ,BURNABY   ,5,0,<null>,RQL
1141,CMPT    ,110,BURNABY   ,0,0,<null>,SEC
1081,MACM    ,300,BURNABY   ,30,0,<null>,LEC
1087,KIN     ,110,BURNABY   ,18,18,<null>,TUT
1091,KIN     ,140,BURNABY   ,18,18,<null>,TUT
1094,KIN     ,241,BURNABY   ,16,18,<null>,LAB
1081,KIN     ,306,BURNABY   ,18,17,<null>,TUT
1087,KIN     ,326,BURNABY   ,25,25,<null>,LAB
1084,KIN     ,305,BURNABY   ,18,18,<null>,TUT
1091,ENSC    ,295,OFF       ,25,1,<null>,SEC
1091,ENSC    ,295,SURREY    ,35,0,<null>,SEC
1111,MACM    ,316,BURNABY   ,32,22,<null>,TUT
1141,ENSC    ,851,BURNABY   ,6,6,<null>,LAB
1157,ENSC    ,499,BURNABY   ,10,4,<null>,SEC
1121,ENSC    ,898,BURNABY   ,100,65,<null>,SEC
1097,ENSC    ,295,BURNABY   ,50,7,<null>,SEC
1104,ENSC    ,295,SURREY    ,20,1,<null>,SEC
1094,CMNS    ,375,HRBRCNTR  ,16,17,<null>,TUT
1137,ENSC    ,891,BURNABY   ,80,6,<null>,SEC
1094,CMNS    ,375,HRBRCNTR  ,16,18,<null>,TUT
1087,CMNS    ,375,HRBRCNTR  ,16,18,<null>,TUT
1094,CMNS    ,347,BURNABY   ,18,10,<null>,TUT
1091,CMPT    ,250,SURREY    ,24,22,<null>,LAB
1094,CMPT    ,250,HRBRCNTR  ,30,24,<null>,LAB
1084,ENSC    ,383,BURNABY   ,70,0,<null>,OPL
1081,KIN     ,205,BURNABY   ,18,13,<null>,TUT
1091,KIN     ,326,BURNABY   ,25,26,<null>,LAB
1097,MATH    ,100,SURREY    ,80,42,<null>,OPL
1081,KIN     ,201,BURNABY   ,18,17,<null>,TUT
1111,MACM    ,316,BURNABY   ,32,27,<null>,TUT
1157,MATH    ,242,BURNABY   ,40,34,<null>,TUT
1171,MATH    ,320,BURNABY   ,32,14,<null>,TUT
1164,MATH    ,310,BURNABY   ,43,33,<null>,TUT
1157,MATH    ,894,BURNABY   ,6,0,<null>,SEC
1154,MATH    ,898,OFF       ,5,0,<null>,SEC
1181,MATH    ,894,BURNABY   ,10,0,<null>,SEC
1081,MATH    ,190,BURNABY   ,60,0,<null>,OPL
1154,MATH    ,898,BURNABY   ,35,23,<null>,SEC
1181,MATH    ,310,BURNABY   ,32,28,<null>,TUT
1131,MATH    ,343,BURNABY   ,32,13,<null>,TUT
1157,MATH    ,310,BURNABY   ,36,33,<null>,TUT
1114,MATH    ,254,BURNABY   ,34,33,<null>,TUT
1101,MATH    ,100,SURREY    ,60,0,<null>,LEC
1157,MSE     ,110,SURREY    ,30,0,<null>,LEC
1181,ENSC    ,853,BURNABY   ,25,0,<null>,LEC
1131,MACM    ,316,BURNABY   ,36,24,<null>,TUT
1121,MACM    ,316,SURREY    ,32,33,<null>,TUT
1171,MACM    ,316,BURNABY   ,43,41,<null>,TUT
1124,MATH    ,251,BURNABY   ,60,0,<null>,OPL
1157,MATH    ,251,BURNABY   ,60,0,<null>,OPL
1091,MATH    ,251,BURNABY   ,60,0,<null>,OPL
1171,MATH    ,251,BURNABY   ,40,0,<null>,OPL
1134,MACM    ,316,BURNABY   ,40,37,<null>,TUT
1181,MACM    ,316,BURNABY   ,36,29,<null>,TUT
1171,MACM    ,316,BURNABY   ,43,38,<null>,TUT
1141,MATH    ,899,BURNABY   ,35,21,<null>,SEC
1087,MATH    ,899,BURNABY   ,35,22,<null>,SEC
1107,MATH    ,898,BURNABY   ,35,14,<null>,SEC
1151,MATH    ,190,BURNABY   ,60,0,<null>,OPL
1087,MATH    ,310,BURNABY   ,32,21,<null>,TUT
1114,MATH    ,310,BURNABY   ,32,31,<null>,TUT
1164,MATH    ,310,BURNABY   ,43,18,<null>,TUT
1154,MATH    ,310,BURNABY   ,40,38,<null>,TUT
1147,MATH    ,309,SURREY    ,32,20,<null>,TUT
1177,MATH    ,310,BURNABY   ,32,13,<null>,TUT
1094,ENSC    ,383,BURNABY   ,70,0,<null>,OPL
1181,ENSC    ,401,BURNABY   ,2,0,<null>,SEC
1087,CMNS    ,110,BURNABY   ,18,20,<null>,TUT
1087,CMNS    ,110,BURNABY   ,18,19,<null>,TUT
1174,ENSC    ,898,BURNABY   ,120,24,<null>,SEC
1114,ENSC    ,429,BURNABY   ,35,32,<null>,RQL
1087,ENSC    ,401,BURNABY   ,10,0,<null>,SEC
1091,ENSC    ,320,BURNABY   ,25,25,<null>,TUT
1101,ENSC    ,225,BURNABY   ,75,73,<null>,TUT
1081,CMPT    ,110,SURREY    ,24,0,<null>,LAB
1121,MATH    ,898,OFF       ,0,0,<null>,SEC
1087,KIN     ,110,BURNABY   ,18,18,<null>,TUT
1087,KIN     ,207,BURNABY   ,19,18,<null>,TUT
1144,MACM    ,316,BURNABY   ,40,41,<null>,TUT
1177,MACM    ,316,BURNABY   ,36,24,<null>,TUT
1107,MACM    ,201,BURNABY   ,0,0,<null>,OPL
1151,MACM    ,316,BURNABY   ,32,32,<null>,TUT
1081,MATH    ,232,BURNABY   ,60,0,<null>,OPL
1091,MATH    ,232,BURNABY   ,60,0,<null>,OPL
1097,MATH    ,251,BURNABY   ,60,0,<null>,OPL
1104,MATH    ,251,BURNABY   ,60,0,<null>,OPL
1147,MATH    ,242,BURNABY   ,40,27,<null>,TUT
1081,MATH    ,155,BURNABY   ,60,0,<null>,OPL
1091,MATH    ,155,BURNABY   ,60,0,<null>,OPL
1121,MATH    ,150,BURNABY   ,60,0,<null>,OPL
1121,ENSC    ,894,SURREY    ,2,1,<null>,LAB
1087,CMNS    ,353,HRBRCNTR  ,0,0,<null>,TUT
1081,CMPT    ,720,SURREY    ,20,0,<null>,SEC
1131,ENSC    ,460,SURREY    ,20,0,<null>,LEC
1124,ENSC    ,460,SURREY    ,25,0,<null>,LEC
1154,ENSC    ,325,BURNABY   ,45,0,<null>,RQL
1137,CMPT    ,150,BURNABY   ,26,0,<null>,LAB
1084,MATH    ,100,SURREY    ,60,0,<null>,LEC
1181,MSE     ,211,SURREY    ,45,32,Kambiz Haji Hajikolaei                                                                                                                                                                                                                                    ,LAB
1121,MACM    ,201,SURREY    ,60,0,<null>,OPL
1091,MACM    ,202,BURNABY   ,22,15,<null>,TUT
1121,MATH    ,154,BURNABY   ,60,0,<null>,OPL
1134,MATH    ,310,BURNABY   ,40,40,<null>,TUT
1111,MACM    ,316,SURREY    ,24,22,<null>,TUT
1084,MACM    ,201,BURNABY   ,60,0,<null>,OPL
1127,MATH    ,157,BURNABY   ,60,0,<null>,OPL
1151,MACM    ,316,BURNABY   ,30,28,<null>,TUT
1134,MATH    ,894,BURNABY   ,6,0,<null>,SEC
1141,MATH    ,309,BURNABY   ,40,40,<null>,TUT
1084,MATH    ,310,BURNABY   ,32,12,<null>,TUT
1094,MATH    ,310,BURNABY   ,32,31,<null>,TUT
1087,CMPT    ,120,SURREY    ,32,32,<null>,LAB
1084,CMNS    ,386,HRBRCNTR  ,18,17,<null>,TUT
1111,ENSC    ,460,SURREY    ,20,12,<null>,LAB
1111,ENSC    ,460,SURREY    ,20,13,<null>,LAB
1107,ENSC    ,470,BURNABY   ,20,0,<null>,TUT
1167,MATH    ,151,BURNABY   ,0,0,<null>,OPL
1167,MSE     ,220,SURREY    ,0,0,<null>,LAB
1084,CMNS    ,230,BURNABY   ,0,0,<null>,TUT
1171,ENSC    ,325,BURNABY   ,100,0,<null>,TUT
1171,MSE     ,486,SURREY    ,5,0,<null>,SEM
1137,MSE     ,394,OFF       ,10,0,<null>,SEC
1147,MSE     ,486,SURREY    ,5,1,<null>,SEM
1181,MSE     ,486,SURREY    ,5,0,<null>,SEM
1091,CMNS    ,323W      ,HRBRCNTR  ,15,18,<null>,TUT
1137,MSE     ,899,SURREY    ,80,58,<null>,SEC
1137,ENSC    ,100W      ,BURNABY   ,8,9,<null>,TUT
1171,ENSC    ,896,BURNABY   ,10,0,<null>,SEC
1171,ENSC    ,896,BURNABY   ,10,3,<null>,SEC
1167,MATH    ,151,SURREY    ,0,0,<null>,OPL
1121,CMPT    ,383,HRBRCNTR  ,75,0,<null>,LEC
1081,REM     ,899,BURNABY   ,15,11,<null>,SEC
1101,MATH    ,150,SURREY    ,60,0,<null>,OPL
1084,CMPT    ,815,BURNABY   ,20,0,<null>,SEC
1107,ENSC    ,472,BURNABY   ,20,0,<null>,LAB
1087,CMNS    ,331,BURNABY   ,0,0,<null>,TUT
1147,CMPT    ,454,BURNABY   ,0,0,<null>,LEC
1137,MSE     ,892,SURREY    ,50,3,<null>,SEC
1151,ENSC    ,403,BURNABY   ,5,1,<null>,SEC
1087,TECH    ,106,SURREY    ,0,0,<null>,LAB
1164,ENSC    ,303,BURNABY   ,6,0,<null>,SEM
1154,MATH    ,157,BURNABY   ,60,0,<null>,OPL
1171,ENSC    ,386,BURNABY   ,50,35,Shahram Payandeh                                                                                                                                                                                                                                          ,LEC
1181,MSE     ,726,SURREY    ,7,15,Gary Wang                                                                                                                                                                                                                                                 ,LAB
1151,MSE     ,726,SURREY    ,15,14,Gary Wang                                                                                                                                                                                                                                                 ,LEC
1151,CMPT    ,135,SURREY    ,24,24,Toby Donaldson                                                                                                                                                                                                                                            ,LAB
1151,CMPT    ,135,SURREY    ,20,19,Toby Donaldson                                                                                                                                                                                                                                            ,LAB
1161,MSE     ,486,SURREY    ,5,0,<null>,SEM
1111,ENSC    ,106,SURREY    ,24,23,<null>,TUT
1134,MSE     ,486,SURREY    ,5,3,<null>,SEM
1107,MATH    ,340,BURNABY   ,30,30,<null>,TUT
1114,ENSC    ,442,SURREY    ,18,0,<null>,LAB
1157,MATH    ,348,SURREY    ,32,19,<null>,TUT
1107,ENSC    ,894,BURNABY   ,5,5,<null>,LAB
1147,CMPT    ,310,BURNABY   ,85,84,Oliver Schulte                                                                                                                                                                                                                                            ,LEC
1157,CMPT    ,310,BURNABY   ,85,85,Diana Cukierman                                                                                                                                                                                                                                           ,LEC
1147,CMPT    ,429,OFF       ,5,2,Harriet Chicoine                                                                                                                                                                                                                                          ,SEC
1171,CMPT    ,429,OFF       ,20,0,Harriet Chicoine                                                                                                                                                                                                                                          ,SEC
1104,CMPT    ,426,OFF       ,15,1,Frances McLafferty                                                                                                                                                                                                                                        ,SEC
1124,CMPT    ,710,BURNABY   ,20,7,Gabor Tardos                                                                                                                                                                                                                                              ,LEC
1111,CMPT    ,470,BURNABY   ,72,66,Gregory Baker                                                                                                                                                                                                                                             ,LEC
1094,CMNS    ,473,HRBRCNTR  ,15,17,<null>,LAB
1151,ENSC    ,702,BURNABY   ,10,0,Harriet Chicoine                                                                                                                                                                                                                                          ,PRA
1167,MSE     ,352,SURREY    ,104,107,Amr Marzouk                                                                                                                                                                                                                                               ,TUT
1114,ENSC    ,215,BURNABY   ,66,66,Patrick Leung                                                                                                                                                                                                                                             ,TUT
1117,ENSC    ,215,BURNABY   ,22,22,William Scratchley                                                                                                                                                                                                                                        ,LAB
1107,ENSC    ,215,BURNABY   ,17,15,Kourosh Khosraviani                                                                                                                                                                                                                                       ,LAB
1124,ENSC    ,331,SURREY    ,66,69,Behraad Bahreyni                                                                                                                                                                                                                                          ,TUT
1127,ENSC    ,182,SURREY    ,30,30,Amr Marzouk                                                                                                                                                                                                                                               ,LEC
1111,ENSC    ,182,SURREY    ,24,26,Amr Marzouk                                                                                                                                                                                                                                               ,LEC
1127,ENSC    ,382,SURREY    ,90,63,Gary Wang                                                                                                                                                                                                                                                 ,LAB
1104,ENSC    ,384,SURREY    ,60,41,"Carolyn Sparrey, Siamak Arzanpour                                                                                                                                                                                                                         ",LEC
1157,MSE     ,321,SURREY    ,41,41,Mehran Ahmadi                                                                                                                                                                                                                                             ,LAB
1151,CHIN    ,280,BURNABY   ,10,6,Cynthia Xie                                                                                                                                                                                                                                               ,TUT
1101,CMPT    ,170,SURREY    ,24,6,Toby Donaldson                                                                                                                                                                                                                                            ,LAB
1101,MATH    ,795,BURNABY   ,5,3,Manfred Trummer                                                                                                                                                                                                                                           ,LEC
1131,CMPT    ,225,BURNABY   ,130,131,Gregory Mori                                                                                                                                                                                                                                              ,LEC
1124,CMPT    ,225,BURNABY   ,26,26,Anne Lavergne                                                                                                                                                                                                                                             ,LAB
1107,CMPT    ,225,SURREY    ,90,85,John Edgar                                                                                                                                                                                                                                                ,LEC
1081,IAT     ,100,SURREY    ,24,0,<null>,STL
1124,CMPT    ,125,SURREY    ,23,21,Toby Donaldson                                                                                                                                                                                                                                            ,LAB
1107,CMPT    ,125,BURNABY   ,26,26,Diana Cukierman                                                                                                                                                                                                                                           ,LAB
1124,CMPT    ,126,BURNABY   ,26,24,Anne Lavergne                                                                                                                                                                                                                                             ,LAB
1147,ENSC    ,105W      ,BURNABY   ,140,132,Stephen Whitmore                                                                                                                                                                                                                                          ,LEC
1141,ENSC    ,452,BURNABY   ,30,23,Lesley Shannon                                                                                                                                                                                                                                            ,TUT
1111,MATH    ,795,BURNABY   ,15,5,Mary Catherine Kropinski                                                                                                                                                                                                                                  ,LEC
1161,DDP     ,310,OFF       ,30,5,Ze-Nian Li                                                                                                                                                                                                                                                ,SEC
1104,MATH    ,197,KAM       ,10,2,Ping Ding                                                                                                                                                                                                                                                 ,SEC
1081,IAT     ,431,SURREY    ,24,24,Diane Gromala                                                                                                                                                                                                                                             ,STL
1167,ENSC    ,370,BURNABY   ,10,16,Andrew Rawicz                                                                                                                                                                                                                                             ,SEM
1177,ENSC    ,370,BURNABY   ,15,3,Andrew Rawicz                                                                                                                                                                                                                                             ,SEM
1111,ENSC    ,372,BURNABY   ,10,7,Mehdi Moradi                                                                                                                                                                                                                                              ,TUT
1157,MATH    ,150,BURNABY   ,331,250,Jeremy Chiu                                                                                                                                                                                                                                               ,LEC
1137,ENSC    ,201,BURNABY   ,138,131,John Jones                                                                                                                                                                                                                                                ,TUT
1127,ENSC    ,100,BURNABY   ,3,2,. Faculty                                                                                                                                                                                                                                                 ,TUT
1107,ENSC    ,100,BURNABY   ,3,1,Michael Sjoerdsma                                                                                                                                                                                                                                         ,TUT
1127,ENSC    ,100,BURNABY   ,2,2,. Faculty                                                                                                                                                                                                                                                 ,TUT
1127,ENSC    ,100,BURNABY   ,3,0,. Faculty                                                                                                                                                                                                                                                 ,TUT
1117,ENSC    ,100,BURNABY   ,0,1,. Faculty                                                                                                                                                                                                                                                 ,TUT
1084,CMNS    ,221,BURNABY   ,16,15,<null>,TUT
1134,ENSC    ,225,BURNABY   ,80,80,Meenakshinathan Parameswaran                                                                                                                                                                                                                              ,LEC
1114,ENSC    ,220,BURNABY   ,85,79,John Bird                                                                                                                                                                                                                                                 ,TUT
1087,CMNS    ,221,HRBRCNTR  ,18,19,<null>,TUT
1174,ENSC    ,400,BURNABY   ,5,1,Kamal Gupta                                                                                                                                                                                                                                               ,SEC
1091,CMNS    ,221,SURREY    ,17,18,<null>,TUT
1091,CMNS    ,258,BURNABY   ,16,12,<null>,LAB
1127,ENSC    ,182,SURREY    ,30,28,Amr Marzouk                                                                                                                                                                                                                                               ,LEC
1111,ENSC    ,441,SURREY    ,66,30,Farid Golnaraghi                                                                                                                                                                                                                                          ,SEM
1131,ENSC    ,182,SURREY    ,30,31,Amr Marzouk                                                                                                                                                                                                                                               ,LAB
1114,MATH    ,240,BURNABY   ,122,86,Cedric Chauve                                                                                                                                                                                                                                             ,LEC
1141,MATH    ,240,BURNABY   ,122,76,Jonathan Jedwab                                                                                                                                                                                                                                           ,LEC
1151,MATH    ,240,BURNABY   ,122,119,Matthew DeVos                                                                                                                                                                                                                                             ,LEC
1087,IAT     ,202,SURREY    ,24,24,Michael Filimowicz                                                                                                                                                                                                                                        ,LAB
1091,IAT     ,222,SURREY    ,24,24,Niranjan Rajah                                                                                                                                                                                                                                            ,TUT
1087,MATH    ,408,SURREY    ,20,5,Tamon Stephen                                                                                                                                                                                                                                             ,LEC
1121,CMPT    ,376W      ,BURNABY   ,60,56,Arthur Liestman                                                                                                                                                                                                                                           ,LEC
1117,CMPT    ,125,BURNABY   ,104,99,Michael Evans                                                                                                                                                                                                                                             ,LEC
1117,CMPT    ,126,BURNABY   ,50,47,Michael Evans                                                                                                                                                                                                                                             ,LEC
1141,CMPT    ,120,BURNABY   ,26,26,Jeremie Lumbroso                                                                                                                                                                                                                                          ,LAB
1114,CMPT    ,120,BURNABY   ,208,198,Gregory Baker                                                                                                                                                                                                                                             ,LEC
1141,CMPT    ,120,BURNABY   ,182,179,Jeremie Lumbroso                                                                                                                                                                                                                                          ,LEC
1127,CMPT    ,120,BURNABY   ,26,26,Diana Cukierman                                                                                                                                                                                                                                           ,LAB
1137,CMPT    ,120,BURNABY   ,26,26,Diana Cukierman                                                                                                                                                                                                                                           ,LAB
1091,CMNS    ,262,BURNABY   ,12,13,<null>,TUT
1094,CMNS    ,262,BURNABY   ,18,18,<null>,TUT
1157,ENSC    ,896,BURNABY   ,10,0,<null>,SEC
1154,MSE     ,725,SURREY    ,10,0,<null>,LEC
1097,CMPT    ,102,BURNABY   ,60,42,Brian Funt                                                                                                                                                                                                                                                ,LEC
1141,CMPT    ,102,BURNABY   ,50,47,Brian Funt                                                                                                                                                                                                                                                ,LEC
1161,MATH    ,150,BURNABY   ,200,126,Jens-Dietrich Bauch                                                                                                                                                                                                                                       ,LEC
1181,MATH    ,150,SURREY    ,60,30,Justine Gauthier                                                                                                                                                                                                                                          ,LEC
1094,CMPT    ,225,BURNABY   ,104,98,Philippe Giabbanelli                                                                                                                                                                                                                                      ,LEC
1111,CMPT    ,120,SURREY    ,26,26,. Sessional                                                                                                                                                                                                                                               ,LAB
1137,CMPT    ,120,BURNABY   ,26,26,Diana Cukierman                                                                                                                                                                                                                                           ,LAB
1177,CMPT    ,120,BURNABY   ,26,25,Diana Cukierman                                                                                                                                                                                                                                           ,LAB
1127,CMPT    ,120,BURNABY   ,26,25,Diana Cukierman                                                                                                                                                                                                                                           ,LAB
1087,CMNS    ,386,KIT       ,24,23,Joanna Ashworth                                                                                                                                                                                                                                           ,SEM
1091,MATH    ,827,SURREY    ,10,7,Tamon Stephen                                                                                                                                                                                                                                             ,LEC
1111,MATH    ,150,BURNABY   ,60,0,<null>,OPL
1111,MATH    ,150,SURREY    ,60,0,<null>,OPL
1091,CMNS    ,262,BURNABY   ,12,14,<null>,TUT
1101,ENSC    ,894,BURNABY   ,10,0,<null>,LEC
1097,MATH    ,880,BURNABY   ,3,0,. Faculty                                                                                                                                                                                                                                                 ,SEC
1104,MATH    ,880,BURNABY   ,3,0,. Faculty                                                                                                                                                                                                                                                 ,SEC
1087,MATH    ,880,BURNABY   ,3,0,. Faculty                                                                                                                                                                                                                                                 ,SEC
1104,MATH    ,880,BURNABY   ,3,0,. Faculty                                                                                                                                                                                                                                                 ,SEC
1151,MATH    ,880,BURNABY   ,3,0,. Faculty                                                                                                                                                                                                                                                 ,SEC
1087,MATH    ,880,BURNABY   ,3,0,. Faculty                                                                                                                                                                                                                                                 ,SEC
1114,MATH    ,880,BURNABY   ,3,1,Nilima Nigam                                                                                                                                                                                                                                              ,SEC
1087,IAT     ,873,SURREY    ,10,7,Drew Parker                                                                                                                                                                                                                                               ,SEM
1117,MATH    ,882,OFF       ,10,0,<null>,SEC
1117,MATH    ,882,BURNABY   ,10,0,<null>,SEC
1121,CMPT    ,225,HRBRCNTR  ,25,8,David Mitchell                                                                                                                                                                                                                                            ,LAB
1107,CMPT    ,120,HRBRCNTR  ,26,25,William Havens                                                                                                                                                                                                                                            ,LAB
1097,CMPT    ,150,BURNABY   ,26,26,Bobby Chan                                                                                                                                                                                                                                                ,LAB
1087,CMPT    ,150,BURNABY   ,25,6,Bradley Bart                                                                                                                                                                                                                                              ,LAB
1124,CMPT    ,429,OFF       ,15,3,Cristina Eftenaru                                                                                                                                                                                                                                         ,SEC
1091,CMPT    ,429,BURNABY   ,15,14,Frances McLafferty                                                                                                                                                                                                                                        ,SEC
1157,CMPT    ,429,VAN       ,10,1,Harriet Chicoine                                                                                                                                                                                                                                          ,SEC
1147,CMPT    ,429,OFF       ,5,0,Harriet Chicoine                                                                                                                                                                                                                                          ,SEC
1174,MATH    ,157,BURNABY   ,60,0,<null>,OPL
1087,CMNS    ,362,HRBRCNTR  ,0,0,<null>,TUT
1087,CMNS    ,362,HRBRCNTR  ,0,0,<null>,TUT
1141,ENSC    ,330,BURNABY   ,120,0,Bozena Kaminska                                                                                                                                                                                                                                           ,OPL
1164,ENSC    ,220,BURNABY   ,54,51,Atousa Hajshirmohammadi                                                                                                                                                                                                                                   ,LAB
1124,ENSC    ,220,BURNABY   ,30,29,John Bird                                                                                                                                                                                                                                                 ,LAB
1091,CMNS    ,258,BURNABY   ,16,16,<null>,LAB
1094,CMNS    ,473,HRBRCNTR  ,8,8,<null>,LAB
1084,CMNS    ,473,HRBRCNTR  ,7,9,<null>,LAB
1084,CMPT    ,165,SURREY    ,32,24,<null>,LAB
1091,CMPT    ,120,SURREY    ,28,23,<null>,LAB
1087,CMNS    ,262,BURNABY   ,18,19,<null>,TUT
1141,ENSC    ,896,BURNABY   ,50,4,<null>,SEC
1087,CMNS    ,387,BURNABY   ,25,18,<null>,LAB
1121,MATH    ,486,OFF       ,20,0,"Faye Stefan, Stuart Billings                                                                                                                                                                                                                              ",SEC
1131,MATH    ,486,OFF       ,20,0,Stuart Billings                                                                                                                                                                                                                                           ,SEC
1091,CMNS    ,260,BURNABY   ,18,23,<null>,TUT
1091,CMNS    ,260,BURNABY   ,18,23,<null>,TUT
1181,MSE     ,893,SURREY    ,2,0,<null>,LAB
1127,MATH    ,748,BURNABY   ,0,0,<null>,LEC
1097,ENSC    ,100W      ,BURNABY   ,7,17,<null>,RQL
1124,ENSC    ,384,SURREY    ,33,0,<null>,LAB
1131,ENSC    ,406,BURNABY   ,19,16,<null>,TUT
1084,ENSC    ,396,BURNABY   ,10,3,<null>,SEC
1097,ENSC    ,395,SURREY    ,5,1,<null>,SEC
1084,ENSC    ,225,BURNABY   ,30,19,<null>,TUT
1091,IAT     ,267,SURREY    ,0,0,<null>,OPL
1121,ENSC    ,226,SURREY    ,96,85,<null>,TUT
1087,IAT     ,202,SURREY    ,22,0,<null>,LAB
1081,CMPT    ,881,BURNABY   ,8,0,<null>,LEC
1087,KIN     ,382,BURNABY   ,8,8,<null>,LAB
1094,KIN     ,241,BURNABY   ,16,18,<null>,LAB
1161,ENSC    ,896,OFF       ,10,0,<null>,SEC
1121,ENSC    ,460,SURREY    ,30,27,<null>,TUT
1091,CMNS    ,321,HRBRCNTR  ,108,115,Darryl Cressman                                                                                                                                                                                                                                           ,LEC
1094,CMNS    ,882,OFF       ,10,0,. Faculty                                                                                                                                                                                                                                                 ,SEC
1107,CMPT    ,250,BURNABY   ,130,122,Anthony Dixon                                                                                                                                                                                                                                             ,LEC
1131,CMPT    ,250,BURNABY   ,130,130,Anthony Dixon                                                                                                                                                                                                                                             ,LEC
1117,CMPT    ,250,SURREY    ,52,52,Brian Fraser                                                                                                                                                                                                                                              ,LEC
1147,CMPT    ,250,SURREY    ,24,24,. Faculty                                                                                                                                                                                                                                                 ,LAB
1177,CMPT    ,320,BURNABY   ,90,91,Diana Cukierman                                                                                                                                                                                                                                           ,LEC
1151,CMPT    ,320,BURNABY   ,75,70,". Faculty, Christopher Bastone                                                                                                                                                                                                                            ",LEC
1174,ENSC    ,820,BURNABY   ,35,33,Balbir Gill                                                                                                                                                                                                                                               ,LEC
1087,CMNS    ,261,BURNABY   ,18,19,<null>,TUT
1137,CMPT    ,128,BURNABY   ,26,26,Janice Regan                                                                                                                                                                                                                                              ,LAB
1114,CMPT    ,120,BURNABY   ,26,25,Gregory Baker                                                                                                                                                                                                                                             ,LAB
1137,CMPT    ,120,BURNABY   ,26,26,Diana Cukierman                                                                                                                                                                                                                                           ,LAB
1107,MATH    ,309,SURREY    ,24,7,Zhaosong Lu                                                                                                                                                                                                                                               ,LEC
1101,MATH    ,252,BURNABY   ,56,46,Mary Catherine Kropinski                                                                                                                                                                                                                                  ,LEC
1094,KIN     ,304W      ,BURNABY   ,16,13,<null>,TUT
1091,KIN     ,304W      ,BURNABY   ,18,17,<null>,TUT
1164,MATH    ,882,BURNABY   ,10,0,<null>,SEC
1127,ENSC    ,100W      ,BURNABY   ,6,6,<null>,TUT
1137,ENSC    ,898,BURNABY   ,100,31,<null>,SEC
1114,ENSC    ,325,BURNABY   ,75,72,<null>,RQL
1114,ENSC    ,395,OFF       ,10,7,<null>,SEC
1111,ENSC    ,225,BURNABY   ,1,0,<null>,OPL
1094,ENSC    ,320,BURNABY   ,25,22,<null>,TUT
1174,MSE     ,884,SURREY    ,0,0,<null>,LAB
1157,CMPT    ,732,BURNABY   ,25,23,<null>,LAB
1091,ENSC    ,226,SURREY    ,24,25,<null>,LAB
1084,ENSC    ,225,BURNABY   ,30,0,<null>,TUT
1114,ENSC    ,182,SURREY    ,24,23,<null>,TUT
1124,ENSC    ,215,BURNABY   ,22,19,<null>,LAB
1081,CMNS    ,130W      ,BURNABY   ,16,16,<null>,TUT
1157,ENSC    ,387,BURNABY   ,60,39,Yaser Mohammadian Roshan                                                                                                                                                                                                                                  ,LEC
1101,ENSC    ,380,BURNABY   ,98,97,Shawn Stapleton                                                                                                                                                                                                                                           ,LEC
1081,CMNS    ,110,BURNABY   ,18,17,<null>,TUT
1097,ENSC    ,481,BURNABY   ,30,24,Andrew Rawicz                                                                                                                                                                                                                                             ,LEC
1091,CMNS    ,110,BURNABY   ,18,17,<null>,TUT
1101,ENSC    ,498,BURNABY   ,4,4,. Faculty                                                                                                                                                                                                                                                 ,SEC
1087,CMNS    ,260,BURNABY   ,18,18,<null>,TUT
1137,ENSC    ,498,BURNABY   ,10,5,. Faculty                                                                                                                                                                                                                                                 ,SEC
1121,ENSC    ,406,BURNABY   ,102,96,William Scratchley                                                                                                                                                                                                                                        ,LEC
1104,CMPT    ,899,OFF       ,0,1,<null>,SEC
1087,CMNS    ,320,BURNABY   ,15,21,<null>,LAB
1084,CMNS    ,210,HRBRCNTR  ,18,14,<null>,TUT
1081,CMNS    ,456,BURNABY   ,1,0,<null>,TUT
1081,CMNS    ,110,BURNABY   ,18,18,<null>,TUT
1091,CMNS    ,110,BURNABY   ,18,16,<null>,TUT
1091,CMPT    ,899,BURNABY   ,100,89,<null>,SEC
1087,KIN     ,325,BURNABY   ,47,47,Josephine Anthony                                                                                                                                                                                                                                         ,SEC
1084,CMNS    ,260,BURNABY   ,15,10,<null>,TUT
1081,ENSC    ,304,BURNABY   ,120,117,<null>,LEC
1134,ENSC    ,295,BURNABY   ,50,35,<null>,SEC
1137,MSE     ,499,SURREY    ,5,0,<null>,SEC
1091,CMNS    ,223W      ,BURNABY   ,16,16,<null>,TUT
1157,CMPT    ,881,BURNABY   ,70,0,<null>,LEC
1087,KIN     ,201,BURNABY   ,19,19,<null>,TUT
1094,CMNS    ,362,HRBRCNTR  ,0,0,<null>,TUT
1081,MATH    ,100,BURNABY   ,60,0,<null>,OPL
1091,MATH    ,100,BURNABY   ,60,0,<null>,OPL
1117,MACM    ,316,BURNABY   ,32,28,<null>,TUT
1091,CMNS    ,386,BURNABY   ,25,13,<null>,LAB
1104,MATH    ,310,BURNABY   ,32,31,<null>,TUT
1124,MACM    ,316,BURNABY   ,36,36,<null>,TUT
1084,MATH    ,898,BURNABY   ,35,22,<null>,SEC
1167,MATH    ,310,BURNABY   ,34,31,<null>,TUT
1114,MATH    ,310,BURNABY   ,32,30,<null>,TUT
1167,MATH    ,310,SURREY    ,32,0,<null>,TUT
1124,ENSC    ,895,SURREY    ,8,0,<null>,LAB
1181,ENSC    ,895,BURNABY   ,5,0,<null>,LAB
1097,MATH    ,310,BURNABY   ,32,31,<null>,TUT
1097,MATH    ,310,BURNABY   ,32,32,<null>,TUT
1134,ENSC    ,350,BURNABY   ,48,48,<null>,RQL
1127,MATH    ,310,BURNABY   ,40,39,<null>,TUT
1144,MATH    ,310,BURNABY   ,40,38,<null>,TUT
1111,MATH    ,343,BURNABY   ,32,15,<null>,TUT
1111,MATH    ,343,BURNABY   ,32,0,<null>,TUT
1141,MATH    ,899,OFF       ,10,1,<null>,SEC
1181,MATH    ,314,BURNABY   ,31,27,<null>,TUT
1137,MATH    ,310,BURNABY   ,32,30,<null>,TUT
1091,KIN     ,241,BURNABY   ,16,17,<null>,LAB
1084,KIN     ,305,BURNABY   ,18,18,<null>,TUT
1167,MATH    ,190,BURNABY   ,60,0,<null>,OPL
1101,MACM    ,202,BURNABY   ,15,0,<null>,TUT
1134,MACM    ,316,BURNABY   ,40,34,<null>,TUT
1137,MACM    ,201,BURNABY   ,60,0,<null>,OPL
1147,MACM    ,316,BURNABY   ,36,31,<null>,TUT
1147,MACM    ,316,BURNABY   ,36,31,<null>,TUT
1081,CMPT    ,225,BURNABY   ,25,17,<null>,LAB
1097,MATH    ,232,BURNABY   ,60,0,<null>,OPL
1137,ENSC    ,374,BURNABY   ,25,0,<null>,TUT
1121,ENSC    ,476,BURNABY   ,20,0,<null>,OPL
1091,IAT     ,235,SURREY    ,24,0,<null>,STL
1161,CMPT    ,295,SURREY    ,0,0,<null>,LAB
1117,ENSC    ,383,BURNABY   ,75,67,<null>,RQL
1087,ENSC    ,220,SURREY    ,26,25,<null>,TUT
1107,ENSC    ,220,BURNABY   ,20,20,<null>,LAB
1097,ENSC    ,220,BURNABY   ,50,40,<null>,TUT
1157,MATH    ,152,BURNABY   ,60,0,<null>,OPL
1127,MATH    ,154,BURNABY   ,60,0,<null>,OPL
1137,MATH    ,154,BURNABY   ,60,0,<null>,OPL
1144,MATH    ,896,BURNABY   ,6,0,<null>,SEC
1127,MATH    ,896,BURNABY   ,6,0,<null>,SEC
1157,MATH    ,151,BURNABY   ,0,0,<null>,LAB
1171,CMPT    ,889,BURNABY   ,0,0,<null>,LEC
1087,IAT     ,380,SURREY    ,0,0,<null>,LAB
1101,CMPT    ,150,BURNABY   ,0,0,<null>,LAB
1087,ENSC    ,215,BURNABY   ,88,0,<null>,OPL
1101,CMPT    ,815,BURNABY   ,0,0,<null>,LEC
1084,KIN     ,305,BURNABY   ,18,16,<null>,TUT
1164,MACM    ,316,BURNABY   ,40,39,<null>,TUT
1107,MACM    ,316,BURNABY   ,32,28,<null>,TUT
1107,MACM    ,316,BURNABY   ,32,20,<null>,TUT
1161,MATH    ,308,BURNABY   ,43,43,<null>,TUT
1131,MACM    ,316,SURREY    ,40,34,<null>,TUT
1121,MACM    ,316,SURREY    ,36,36,<null>,TUT
1177,MATH    ,310,BURNABY   ,32,16,<null>,TUT
1117,MATH    ,308,BURNABY   ,35,34,<null>,TUT
1181,MATH    ,251,BURNABY   ,40,0,<null>,OPL
1124,ENSC    ,350,BURNABY   ,30,27,<null>,RQL
1177,MATH    ,894,BURNABY   ,6,0,<null>,SEC
1107,CMPT    ,106,SURREY    ,0,0,<null>,TUT
1161,ENSC    ,428,BURNABY   ,35,0,<null>,LEC
1161,CMPT    ,295,SURREY    ,0,0,<null>,LEC
1081,CMNS    ,323,HRBRCNTR  ,15,15,<null>,TUT
1081,CMNS    ,323,HRBRCNTR  ,15,14,<null>,TUT
1131,ENSC    ,400,BURNABY   ,5,0,<null>,SEC
1101,ENSC    ,196,SURREY    ,10,5,<null>,SEC
1087,ENSC    ,220,SURREY    ,26,24,<null>,TUT
1084,MATH    ,770,BURNABY   ,10,0,<null>,LEC
1131,MACM    ,201,SURREY    ,0,0,<null>,OPL
1121,MACM    ,201,SURREY    ,60,0,<null>,OPL
1181,MSE     ,211,SURREY    ,22,0,<null>,LAB
1127,ENSC    ,891,OFF       ,10,1,<null>,SEC
1171,MSE     ,211,SURREY    ,24,17,Flavio Firmani                                                                                                                                                                                                                                            ,LAB
1134,CMPT    ,250,HRBRCNTR  ,75,0,<null>,LEC
1117,CMPT    ,2XX       ,BURNABY   ,20,1,<null>,LEC
1121,CMPT    ,225,HRBRCNTR  ,25,0,<null>,LAB
1121,CMPT    ,225,HRBRCNTR  ,25,0,<null>,LAB
1134,CMPT    ,225,BURNABY   ,25,0,<null>,LAB
1141,MSE     ,811,SURREY    ,10,0,<null>,LEC
1167,MSE     ,995,SURREY    ,15,8,Shahram Amiri                                                                                                                                                                                                                                             ,LAB
1167,ENSC    ,252,BURNABY   ,43,39,Lakshman One                                                                                                                                                                                                                                              ,LAB
1177,ENSC    ,252,BURNABY   ,45,30,Ameer Abdelhadi                                                                                                                                                                                                                                           ,LAB
1164,ENSC    ,252,BURNABY   ,111,103,Lakshman One                                                                                                                                                                                                                                              ,TUT
1134,MSE     ,894,SURREY    ,10,3,Krishna Vijayaraghavan                                                                                                                                                                                                                                    ,LEC
1147,MSE     ,894,SURREY    ,24,0,Kevin Oldknow                                                                                                                                                                                                                                             ,LEC
1181,MSE     ,483,SURREY    ,45,37,Mehrdad Moallem                                                                                                                                                                                                                                           ,LAB
1141,CMPT    ,135,SURREY    ,10,8,Louis Hafer                                                                                                                                                                                                                                               ,LAB
1167,ENSC    ,896,OFF       ,10,0,<null>,SEC
1124,ENSC    ,460,SURREY    ,20,13,<null>,LAB
1181,MSE     ,893,SURREY    ,1,0,<null>,LAB
1137,ENSC    ,100W      ,BURNABY   ,8,8,<null>,TUT
1081,ENSC    ,225,BURNABY   ,40,38,<null>,TUT
1137,ENSC    ,100,BURNABY   ,0,0,<null>,TUT
1091,REM     ,691,BURNABY   ,10,0,<null>,SEC
1167,CHIN    ,180,BURNABY   ,10,0,<null>,TUT
1154,MSE     ,726,BURNABY   ,5,0,<null>,LEC
1107,ENSC    ,215,BURNABY   ,22,0,<null>,LAB
1164,CMPT    ,276,SURREY    ,48,0,<null>,LEC
1147,ENSC    ,411,BURNABY   ,13,13,John Jones                                                                                                                                                                                                                                                ,LEC
1141,CHIN    ,280,BURNABY   ,10,6,"Billie Ng, Cynthia Xie, Haisheng Jiang                                                                                                                                                                                                                    ",TUT
1131,CMPT    ,456,BURNABY   ,60,60,Jian Pei                                                                                                                                                                                                                                                  ,LEC
1131,ENSC    ,182,SURREY    ,30,30,Amr Marzouk                                                                                                                                                                                                                                               ,LAB
1087,IAT     ,265,SURREY    ,24,22,Yingchen Yang                                                                                                                                                                                                                                             ,LAB
1081,CMPT    ,225,HRBRCNTR  ,25,7,Michael Evans                                                                                                                                                                                                                                             ,LEC
1144,MATH    ,310,BURNABY   ,40,40,<null>,TUT
1171,MATH    ,309,SURREY    ,32,20,<null>,TUT
1144,MATH    ,310,BURNABY   ,40,39,<null>,TUT
1127,MATH    ,310,BURNABY   ,32,30,<null>,TUT
1181,MATH    ,308,BURNABY   ,36,32,<null>,TUT
1111,ENSC    ,476,BURNABY   ,0,0,<null>,TUT
1084,CMPT    ,721,BURNABY   ,8,3,James Delgrande                                                                                                                                                                                                                                           ,LEC
1177,MATH    ,880,BURNABY   ,3,2,Marni Mishna                                                                                                                                                                                                                                              ,SEC
1094,CMNS    ,408,OFF       ,5,0,. Faculty                                                                                                                                                                                                                                                 ,SEC
1091,CMNS    ,395,OFF       ,25,1,Marcia Shimizu                                                                                                                                                                                                                                            ,PRA
1084,CMNS    ,347,BURNABY   ,54,35,"Robert Anderson, Terry Neiman                                                                                                                                                                                                                             ",LEC
1084,CMNS    ,408,BURNABY   ,10,0,. Faculty                                                                                                                                                                                                                                                 ,SEC
1084,CMNS    ,882,BURNABY   ,20,0,. Faculty                                                                                                                                                                                                                                                 ,SEC
1094,CMNS    ,882,BURNABY   ,10,0,. Faculty                                                                                                                                                                                                                                                 ,SEC
1174,MSE     ,111,SURREY    ,6,6,Amr Marzouk                                                                                                                                                                                                                                               ,LEC
1134,MSE     ,481,SURREY    ,110,75,Kevin Oldknow                                                                                                                                                                                                                                             ,TUT
1161,MSE     ,483,SURREY    ,40,31,Mehrdad Moallem                                                                                                                                                                                                                                           ,LAB
1147,MATH    ,708,SURREY    ,10,4,Tamon Stephen                                                                                                                                                                                                                                             ,LEC
1137,MATH    ,709,BURNABY   ,10,2,Manfred Trummer                                                                                                                                                                                                                                           ,LEC
1081,IAT     ,405,SURREY    ,89,70,"Kenneth Zupan, Thecla Schiphorst                                                                                                                                                                                                                          ",LEC
1104,ENSC    ,332,SURREY    ,30,25,Mehrdad Moallem                                                                                                                                                                                                                                           ,LAB
1131,ENSC    ,441,SURREY    ,66,0,Farid Golnaraghi                                                                                                                                                                                                                                          ,LAB
1117,ENSC    ,100,BURNABY   ,2,0,. Faculty                                                                                                                                                                                                                                                 ,TUT
1131,ENSC    ,380,SURREY    ,50,0,Amr Marzouk                                                                                                                                                                                                                                               ,OPL
1161,MATH    ,208W      ,SURREY    ,24,4,Tamon Stephen                                                                                                                                                                                                                                             ,LEC
1111,CMPT    ,896,BURNABY   ,2,2,. Faculty                                                                                                                                                                                                                                                 ,SEC
1177,MATH    ,240,BURNABY   ,60,51,Imin Chen                                                                                                                                                                                                                                                 ,LEC
1087,IAT     ,202,SURREY    ,24,24,Michael Filimowicz                                                                                                                                                                                                                                        ,LAB
1084,CMNS    ,130W      ,BURNABY   ,90,83,Rowland Lorimer                                                                                                                                                                                                                                           ,SEC
1084,IAT     ,393,ITALY     ,14,14,Russell Taylor                                                                                                                                                                                                                                            ,LEC
1094,ENSC    ,224,BURNABY   ,75,70,Meenakshinathan Parameswaran                                                                                                                                                                                                                              ,LEC
1151,ENSC    ,370,BURNABY   ,15,7,Andrew Rawicz                                                                                                                                                                                                                                             ,SEM
1111,ENSC    ,474,BURNABY   ,15,14,Mirza Beg                                                                                                                                                                                                                                                 ,LEC
1091,ENSC    ,476,BURNABY   ,20,5,Marinko Sarunic                                                                                                                                                                                                                                           ,LEC
1111,CMPT    ,120,BURNABY   ,26,26,Arthur Kirkpatrick                                                                                                                                                                                                                                        ,LAB
1137,CMPT    ,120,BURNABY   ,26,26,Diana Cukierman                                                                                                                                                                                                                                           ,LAB
1124,CMPT    ,125,SURREY    ,22,18,Toby Donaldson                                                                                                                                                                                                                                            ,LAB
1107,CMPT    ,126,BURNABY   ,14,11,Michael Evans                                                                                                                                                                                                                                             ,LAB
1121,CMPT    ,125,BURNABY   ,150,146,Diana Cukierman                                                                                                                                                                                                                                           ,LEC
1127,CMPT    ,128,BURNABY   ,26,24,Janice Regan                                                                                                                                                                                                                                              ,LAB
1121,CMPT    ,225,BURNABY   ,26,25,Gregory Mori                                                                                                                                                                                                                                              ,LAB
1111,CMPT    ,120,BURNABY   ,26,26,Arthur Kirkpatrick                                                                                                                                                                                                                                        ,LAB
1081,CMNS    ,323,HRBRCNTR  ,75,75,Shane Gunster                                                                                                                                                                                                                                             ,LEC
1091,CMNS    ,880,BURNABY   ,15,6,. Faculty                                                                                                                                                                                                                                                 ,SEC
1117,CMPT    ,813,BURNABY   ,15,6,Binay Bhattacharya                                                                                                                                                                                                                                        ,LEC
1167,ENSC    ,220,BURNABY   ,162,146,Ljiljana Trajkovic                                                                                                                                                                                                                                        ,TUT
1177,ENSC    ,220,BURNABY   ,160,142,Ljiljana Trajkovic                                                                                                                                                                                                                                        ,TUT
1081,DDP     ,210,OFF       ,10,4,<null>,SEC
1137,ENSC    ,196,OFF       ,25,4,Harriet Chicoine                                                                                                                                                                                                                                          ,SEC
1144,ENSC    ,196,OFF       ,10,7,Harriet Chicoine                                                                                                                                                                                                                                          ,SEC
1137,ENSC    ,196,BURNABY   ,25,12,Harriet Chicoine                                                                                                                                                                                                                                          ,SEC
1144,ENSC    ,196,BURNABY   ,25,13,Harriet Chicoine                                                                                                                                                                                                                                          ,SEC
1144,ENSC    ,225,BURNABY   ,75,50,Sae Won Lee                                                                                                                                                                                                                                               ,RQL
1087,IAT     ,443,SURREY    ,24,24,<null>,LAB
1161,MATH    ,154,BURNABY   ,300,245,Petr Lisonek                                                                                                                                                                                                                                              ,LEC
1104,ENSC    ,220,BURNABY   ,73,73,Meenakshinathan Parameswaran                                                                                                                                                                                                                              ,TUT
1174,ENSC    ,220,BURNABY   ,66,66,Atousa Hajshirmohammadi                                                                                                                                                                                                                                   ,LAB
1154,ENSC    ,196,OFF       ,10,3,Harriet Chicoine                                                                                                                                                                                                                                          ,SEC
1117,ENSC    ,220,SURREY    ,50,46,. TBD                                                                                                                                                                                                                                                     ,LAB
1131,ENSC    ,330,BURNABY   ,125,127,Bozena Kaminska                                                                                                                                                                                                                                           ,LEC
1181,ENSC    ,387,BURNABY   ,75,40,". Sessional, Balbir Gill                                                                                                                                                                                                                                  ",LEC
1107,ENSC    ,387,BURNABY   ,35,33,Marcin Marzencki                                                                                                                                                                                                                                          ,TUT
1111,ENSC    ,498,SURREY    ,3,1,Gary Wang                                                                                                                                                                                                                                                 ,SEC
1101,ENSC    ,498,SURREY    ,5,3,<null>,SEC
1087,CMPT    ,128,SURREY    ,32,30,<null>,LAB
1094,CMNS    ,262,BURNABY   ,18,22,<null>,TUT
1124,ENSC    ,460,SURREY    ,40,0,<null>,TUT
1171,ENSC    ,896,OFF       ,10,0,<null>,SEC
1084,CMNS    ,375,HRBRCNTR  ,14,14,<null>,TUT
1087,CMPT    ,165,SURREY    ,24,19,<null>,LAB
1091,CMNS    ,110,BURNABY   ,18,18,<null>,TUT
1154,MATH    ,150,BURNABY   ,35,26,"Jamie Mulholland, Veselin Jungic                                                                                                                                                                                                                          ",SEC
1177,ENSC    ,100W      ,BURNABY   ,8,7,Michael Sjoerdsma                                                                                                                                                                                                                                         ,LAB
1177,ENSC    ,100W      ,BURNABY   ,8,0,Michael Sjoerdsma                                                                                                                                                                                                                                         ,LAB
1161,ENSC    ,305W      ,BURNABY   ,123,114,Stephen Whitmore                                                                                                                                                                                                                                          ,LEC
1144,MATH    ,150,BURNABY   ,35,23,"Jamie Mulholland, Veselin Jungic                                                                                                                                                                                                                          ",SEC
1141,MATH    ,880,BURNABY   ,3,0,. Faculty                                                                                                                                                                                                                                                 ,SEC
1141,MATH    ,880,BURNABY   ,3,1,. Faculty                                                                                                                                                                                                                                                 ,SEC
1091,MATH    ,130,SURREY    ,60,54,Karel Casteels                                                                                                                                                                                                                                            ,LEC
1124,CMPT    ,225,BURNABY   ,26,26,Anne Lavergne                                                                                                                                                                                                                                             ,LAB
1117,CMPT    ,225,SURREY    ,26,26,John Edgar                                                                                                                                                                                                                                                ,LAB
1087,CMPT    ,102,BURNABY   ,40,26,Binay Bhattacharya                                                                                                                                                                                                                                        ,LEC
1084,CMNS    ,898,BURNABY   ,70,17,. Faculty                                                                                                                                                                                                                                                 ,SEC
1094,CMNS    ,895,OFF       ,20,1,. Faculty                                                                                                                                                                                                                                                 ,SEC
1121,CMPT    ,250,BURNABY   ,25,25,Anthony Dixon                                                                                                                                                                                                                                             ,LAB
1121,CMPT    ,250,BURNABY   ,25,22,Anthony Dixon                                                                                                                                                                                                                                             ,LAB
1114,CMPT    ,320,BURNABY   ,85,82,Steven Pearce                                                                                                                                                                                                                                             ,LEC
1171,CMPT    ,429,METRO     ,20,2,Harriet Chicoine                                                                                                                                                                                                                                          ,SEC
1181,CMPT    ,429,METRO     ,15,3,Harriet Chicoine                                                                                                                                                                                                                                          ,SEC
1097,CMPT    ,426,BURNABY   ,30,30,Frances McLafferty                                                                                                                                                                                                                                        ,SEC
1087,CMPT    ,426,OFF       ,30,0,Harriet Chicoine                                                                                                                                                                                                                                          ,SEC
1171,MATH    ,154,BURNABY   ,253,249,Ladislav Stacho                                                                                                                                                                                                                                           ,LEC
1117,MATH    ,486,BURNABY   ,20,0,Faye Stefan                                                                                                                                                                                                                                               ,SEC
1131,MATH    ,486,BURNABY   ,20,1,Stuart Billings                                                                                                                                                                                                                                           ,SEC
1174,MATH    ,486,BURNABY   ,20,0,Stuart Billings                                                                                                                                                                                                                                           ,SEC
1177,MATH    ,603,BURNABY   ,20,12,Rina Zazkis                                                                                                                                                                                                                                               ,SEM
1174,MATH    ,486,OFF       ,20,0,Stuart Billings                                                                                                                                                                                                                                           ,SEC
1121,ENSC    ,380,SURREY    ,0,0,<null>,LAB
1097,ENSC    ,100W      ,BURNABY   ,4,4,<null>,RQL
1097,ENSC    ,100W      ,BURNABY   ,7,7,<null>,RQL
1091,KIN     ,499,BURNABY   ,5,4,<null>,SEC
1087,CMNS    ,320,BURNABY   ,15,21,<null>,LAB
1087,CMNS    ,221,HRBRCNTR  ,18,16,<null>,TUT
1081,CMPT    ,110,SURREY    ,24,12,<null>,LAB
1091,ENSC    ,320,BURNABY   ,25,23,<null>,TUT
1104,ENSC    ,395,OFF       ,10,0,<null>,SEC
1141,ENSC    ,493,BURNABY   ,2,0,<null>,SEC
1151,ENSC    ,493,BURNABY   ,2,0,<null>,SEC
1131,ENSC    ,406,BURNABY   ,17,17,<null>,TUT
1151,ENSC    ,492,BURNABY   ,2,0,<null>,SEC
1114,CMPT    ,120,BURNABY   ,26,25,Gregory Baker                                                                                                                                                                                                                                             ,LAB
1137,CMPT    ,120,BURNABY   ,26,26,Diana Cukierman                                                                                                                                                                                                                                           ,LAB
1141,CMPT    ,120,BURNABY   ,26,26,Jeremie Lumbroso                                                                                                                                                                                                                                          ,LAB
1144,CMPT    ,120,BURNABY   ,26,24,Steven Pearce                                                                                                                                                                                                                                             ,LAB
1107,CMPT    ,225,BURNABY   ,104,102,David Mitchell                                                                                                                                                                                                                                            ,LEC
1117,CMPT    ,225,BURNABY   ,104,105,David Mitchell                                                                                                                                                                                                                                            ,LEC
1137,CMPT    ,128,BURNABY   ,130,123,Janice Regan                                                                                                                                                                                                                                              ,LEC
1151,CMPT    ,120,BURNABY   ,26,26,Diana Cukierman                                                                                                                                                                                                                                           ,LAB
1177,CMPT    ,120,BURNABY   ,26,26,Diana Cukierman                                                                                                                                                                                                                                           ,LAB
1144,CMPT    ,120,BURNABY   ,26,24,Steven Pearce                                                                                                                                                                                                                                             ,LAB
1091,CMPT    ,710,BURNABY   ,15,6,Gabor Tardos                                                                                                                                                                                                                                              ,LEC
1087,CMPT    ,475,SURREY    ,48,31,Dirk Beyer                                                                                                                                                                                                                                                ,LEC
1127,CMPT    ,470,BURNABY   ,65,63,Allen Pike                                                                                                                                                                                                                                                ,LEC
1161,CMPT    ,429,METRO     ,30,18,Harriet Chicoine                                                                                                                                                                                                                                          ,SEC
1157,CMPT    ,429,OFF       ,15,1,Harriet Chicoine                                                                                                                                                                                                                                          ,SEC
1161,CMPT    ,429,OFF       ,15,2,Harriet Chicoine                                                                                                                                                                                                                                          ,SEC
1171,CMPT    ,429,OFF       ,15,1,Harriet Chicoine                                                                                                                                                                                                                                          ,SEC
1181,CMPT    ,429,OFF       ,25,0,Harriet Chicoine                                                                                                                                                                                                                                          ,SEC
1154,CMPT    ,897,BURNABY   ,10,1,. Faculty                                                                                                                                                                                                                                                 ,SEC
1174,ENSC    ,303,BURNABY   ,6,0,<null>,SEM
1124,ENSC    ,220,BURNABY   ,25,21,John Bird                                                                                                                                                                                                                                                 ,LAB
1091,CMNS    ,110,BURNABY   ,18,17,<null>,TUT
1087,CMNS    ,110,BURNABY   ,18,22,<null>,TUT
1084,CMNS    ,375,HRBRCNTR  ,16,16,<null>,TUT
1084,CMNS    ,375,HRBRCNTR  ,16,16,<null>,TUT
1124,ENSC    ,325,BURNABY   ,65,47,<null>,TUT
1137,ENSC    ,898,OFF       ,10,0,<null>,SEC
1144,ENSC    ,898,OFF       ,10,0,<null>,SEC
1154,ENSC    ,898,OFF       ,10,0,<null>,SEC
1097,ENSC    ,395,BURNABY   ,50,7,<null>,SEC
1114,ENSC    ,395,BURNABY   ,25,26,<null>,SEC
1151,ENSC    ,499,BURNABY   ,10,4,<null>,SEC
1091,KIN     ,481,BURNABY   ,18,18,<null>,TUT
1097,MATH    ,242,BURNABY   ,32,14,<null>,TUT
1181,MACM    ,316,BURNABY   ,37,22,<null>,TUT
1137,MATH    ,310,SURREY    ,34,29,<null>,TUT
1097,MATH    ,899,BURNABY   ,35,18,<null>,SEC
1154,MATH    ,310,BURNABY   ,40,37,<null>,TUT
1137,MATH    ,310,BURNABY   ,32,1,<null>,TUT
1154,MSE     ,884,SURREY    ,40,0,<null>,LEC
1131,MATH    ,701,BURNABY   ,10,0,<null>,LEC
1151,MSE     ,280,SURREY    ,65,0,<null>,OPL
1151,MSE     ,280,SURREY    ,65,0,<null>,OPL
1144,MSE     ,725,SURREY    ,10,6,<null>,LAB
1121,MATH    ,302,BURNABY   ,32,29,<null>,TUT
1154,MSE     ,892,SURREY    ,15,3,<null>,SEC
1181,ENSC    ,870,BURNABY   ,10,0,<null>,SEC
1154,MSE     ,487,SURREY    ,5,3,<null>,SEM
1091,CMNS    ,210,SURREY    ,0,0,<null>,TUT
1087,ENSC    ,395,OFF       ,50,1,<null>,SEC
1174,ENSC    ,891,BURNABY   ,40,9,<null>,SEC
1164,ENSC    ,891,OFF       ,40,0,<null>,SEC
1121,MACM    ,316,BURNABY   ,35,35,<null>,TUT
1121,MACM    ,316,BURNABY   ,35,37,<null>,TUT
1097,MATH    ,190,BURNABY   ,60,0,<null>,OPL
1081,MATH    ,251,BURNABY   ,40,0,<null>,OPL
1141,MATH    ,320,BURNABY   ,32,22,<null>,TUT
1151,MATH    ,320,BURNABY   ,32,27,<null>,TUT
1114,MATH    ,310,BURNABY   ,32,30,<null>,TUT
1171,MATH    ,308,BURNABY   ,45,35,<null>,TUT
1161,MACM    ,316,BURNABY   ,43,42,<null>,TUT
1084,MATH    ,157,SURREY    ,45,0,<null>,OPL
1181,MACM    ,316,BURNABY   ,37,32,<null>,TUT
1127,MATH    ,310,BURNABY   ,40,39,<null>,TUT
1127,MATH    ,310,BURNABY   ,32,28,<null>,TUT
1127,MATH    ,310,SURREY    ,42,41,<null>,TUT
1121,MATH    ,308,SURREY    ,38,38,<null>,TUT
1131,MATH    ,308,SURREY    ,32,22,<null>,TUT
1147,MATH    ,251,BURNABY   ,60,0,<null>,OPL
1121,MATH    ,898,BURNABY   ,35,13,<null>,SEC
1131,MATH    ,898,BURNABY   ,35,6,<null>,SEC
1151,MATH    ,899,BURNABY   ,35,24,<null>,SEC
1087,TECH    ,106,SURREY    ,0,0,<null>,LAB
1087,ENSC    ,220,SURREY    ,26,0,<null>,TUT
1171,ENSC    ,405W      ,BURNABY   ,80,75,Stephen Whitmore                                                                                                                                                                                                                                          ,LAB
1137,CMPT    ,120,BURNABY   ,26,26,Diana Cukierman                                                                                                                                                                                                                                           ,LAB
1101,CMPT    ,261,BURNABY   ,0,0,<null>,LEC
1094,KIN     ,805,BURNABY   ,15,4,<null>,SEC
1084,KIN     ,805,BURNABY   ,15,1,<null>,SEC
1144,MSE     ,499,SURREY    ,5,0,<null>,SEC
1161,MSE     ,898,SURREY    ,35,32,<null>,SEC
1171,MSE     ,898,SURREY    ,35,28,<null>,SEC
1157,MSE     ,898,SURREY    ,100,31,<null>,SEC
1181,MSE     ,898,SURREY    ,35,30,<null>,SEC
1111,ENSC    ,451,SURREY    ,50,32,<null>,TUT
1141,CMPT    ,371,SURREY    ,60,0,<null>,LEC
1147,DDP     ,310,OFF       ,30,3,Ze-Nian Li                                                                                                                                                                                                                                                ,SEC
1081,IAT     ,431,SURREY    ,71,70,Diane Gromala                                                                                                                                                                                                                                             ,LEC
1177,ENSC    ,100W      ,BURNABY   ,8,0,Michael Sjoerdsma                                                                                                                                                                                                                                         ,LAB
1131,MATH    ,701,BURNABY   ,10,1,Michael Monagan                                                                                                                                                                                                                                           ,LEC
1087,IAT     ,265,SURREY    ,24,21,Yingchen Yang                                                                                                                                                                                                                                             ,LAB
1117,CMPT    ,225,SURREY    ,104,103,John Edgar                                                                                                                                                                                                                                                ,LEC
1127,ENSC    ,100,BURNABY   ,2,1,. Faculty                                                                                                                                                                                                                                                 ,TUT
1164,ENSC    ,400,BURNABY   ,1,0,William Scratchley                                                                                                                                                                                                                                        ,SEC
1161,ENSC    ,387,BURNABY   ,75,32,Balbir Gill                                                                                                                                                                                                                                               ,LEC
1111,ENSC    ,380,BURNABY   ,45,41,Shawn Stapleton                                                                                                                                                                                                                                           ,LEC
1131,ENSC    ,820,BURNABY   ,30,10,James Brosseau                                                                                                                                                                                                                                            ,SEC
1111,ENSC    ,498,BURNABY   ,5,3,. Faculty                                                                                                                                                                                                                                                 ,SEC
1081,ENSC    ,494,BURNABY   ,10,9,. Faculty                                                                                                                                                                                                                                                 ,SEC
1094,KIN     ,453,BURNABY   ,5,1,Darleen Bemister                                                                                                                                                                                                                                          ,PRA
1087,CMNS    ,332,BURNABY   ,18,17,<null>,TUT
1087,CMNS    ,332,BURNABY   ,18,14,<null>,TUT
1144,MATH    ,254,BURNABY   ,40,31,<null>,TUT
1097,ENSC    ,100W      ,BURNABY   ,6,5,<null>,RQL
1161,ENSC    ,896,OFF       ,10,0,<null>,SEC
1171,ENSC    ,896,OFF       ,10,1,<null>,SEC
1114,ENSC    ,894,SURREY    ,15,10,<null>,TUT
1087,CMNS    ,221,HRBRCNTR  ,18,16,<null>,TUT
1157,MSE     ,352,SURREY    ,14,13,Amr Marzouk                                                                                                                                                                                                                                               ,LAB
1144,MSE     ,422,SURREY    ,60,14,Erik Kjeang                                                                                                                                                                                                                                               ,TUT
1171,MSE     ,726,SURREY    ,7,10,Gary Wang                                                                                                                                                                                                                                                 ,LAB
1167,MSE     ,321,SURREY    ,90,81,Majid Bahrami                                                                                                                                                                                                                                             ,LEC
1141,CMPT    ,135,SURREY    ,23,20,Louis Hafer                                                                                                                                                                                                                                               ,LAB
1101,MATH    ,303,BURNABY   ,34,32,Matthew DeVos                                                                                                                                                                                                                                             ,LEC
1127,MATH    ,303,BURNABY   ,72,57,Randall Pyke                                                                                                                                                                                                                                              ,LEC
1171,DDP     ,310,OFF       ,30,7,Ze-Nian Li                                                                                                                                                                                                                                                ,SEC
1097,CMPT    ,477,SURREY    ,12,0,<null>,LEC
1097,ENSC    ,215,BURNABY   ,22,22,<null>,LAB
1097,ENSC    ,215,BURNABY   ,22,21,<null>,LAB
1091,IAT     ,222,SURREY    ,24,25,<null>,TUT
1124,ENSC    ,215,BURNABY   ,22,22,<null>,LAB
1087,CMNS    ,130W      ,BURNABY   ,16,18,<null>,TUT
1091,CMNS    ,130W      ,BURNABY   ,16,16,<null>,TUT
1091,CMNS    ,130W      ,BURNABY   ,16,15,<null>,TUT
1161,MSE     ,726,SURREY    ,3,6,Gary Wang                                                                                                                                                                                                                                                 ,LAB
1141,MSE     ,727,SURREY    ,20,21,Gary Wang                                                                                                                                                                                                                                                 ,LAB
1161,MATH    ,741,BURNABY   ,10,0,Michael Monagan                                                                                                                                                                                                                                           ,LEC
1101,CMPT    ,170,SURREY    ,24,20,Toby Donaldson                                                                                                                                                                                                                                            ,LAB
1124,ENSC    ,332,SURREY    ,9,11,". TBD, Amr Marzouk                                                                                                                                                                                                                                        ",LEC
1104,ENSC    ,332,SURREY    ,30,15,Mehrdad Moallem                                                                                                                                                                                                                                           ,LAB
1107,ENSC    ,382,SURREY    ,66,44,Gary Wang                                                                                                                                                                                                                                                 ,LEC
1114,ENSC    ,384,SURREY    ,90,33,". Faculty, Carolyn Sparrey, Farid Golnaraghi, Mehrdad Moallem, Siamak Arzanpour                                                                                                                                                                           ",LEC
1131,CMPT    ,376W      ,BURNABY   ,96,94,Frederick Popowich                                                                                                                                                                                                                                        ,LEC
1121,CMPT    ,376W      ,BURNABY   ,50,45,Arthur Liestman                                                                                                                                                                                                                                           ,LEC
1117,MATH    ,197,HRBRCNTR  ,40,37,Keshav Mukunda                                                                                                                                                                                                                                            ,LEC
1147,CMPT    ,225,SURREY    ,26,23,Geoffrey Tien                                                                                                                                                                                                                                             ,LAB
1177,CMPT    ,120,BURNABY   ,26,26,Diana Cukierman                                                                                                                                                                                                                                           ,LAB
1177,CMPT    ,120,BURNABY   ,26,25,Diana Cukierman                                                                                                                                                                                                                                           ,LAB
1134,CMPT    ,126,BURNABY   ,26,21,Louis Hafer                                                                                                                                                                                                                                               ,LEC
1121,CMPT    ,125,BURNABY   ,25,24,Diana Cukierman                                                                                                                                                                                                                                           ,LAB
1127,CMPT    ,128,BURNABY   ,26,26,Janice Regan                                                                                                                                                                                                                                              ,LAB
1124,CMPT    ,225,BURNABY   ,26,26,Anne Lavergne                                                                                                                                                                                                                                             ,LAB
1147,CMPT    ,225,BURNABY   ,26,26,David Mitchell                                                                                                                                                                                                                                            ,LAB
1094,CMPT    ,225,BURNABY   ,26,24,. Faculty                                                                                                                                                                                                                                                 ,LAB
1121,MATH    ,208W      ,SURREY    ,24,0,<null>,TUT
1097,CMPT    ,150,BURNABY   ,26,26,Bobby Chan                                                                                                                                                                                                                                                ,LAB
1091,ENSC    ,295,BURNABY   ,50,25,<null>,SEC
1091,KIN     ,207,BURNABY   ,18,18,<null>,TUT
1081,KIN     ,306,BURNABY   ,18,18,<null>,TUT
1091,KIN     ,306,BURNABY   ,18,16,<null>,TUT
1087,KIN     ,382,BURNABY   ,8,8,<null>,LAB
1121,MACM    ,316,BURNABY   ,35,36,<null>,TUT
1131,MACM    ,316,BURNABY   ,36,29,<null>,TUT
1164,MACM    ,316,BURNABY   ,40,27,<null>,TUT
1161,MACM    ,316,BURNABY   ,43,38,<null>,TUT
1087,MATH    ,242,BURNABY   ,32,16,<null>,TUT
1167,MATH    ,894,BURNABY   ,6,0,<null>,SEC
1164,MATH    ,898,OFF       ,5,0,<null>,SEC
1117,MATH    ,898,BURNABY   ,35,21,<null>,SEC
1167,MATH    ,310,BURNABY   ,34,35,<null>,TUT
1177,MATH    ,310,SURREY    ,32,32,<null>,TUT
1141,MATH    ,320,BURNABY   ,32,0,<null>,TUT
1081,MATH    ,314,BURNABY   ,32,13,<null>,TUT
1117,MATH    ,891,BBY       ,20,0,<null>,SEC
1084,MATH    ,342,BURNABY   ,32,12,<null>,TUT
1094,MATH    ,342,BURNABY   ,32,18,<null>,TUT
1157,MATH    ,309,BURNABY   ,32,27,<null>,TUT
1167,MATH    ,894,BURNABY   ,6,0,<null>,SEC
1137,MATH    ,310,BURNABY   ,32,31,<null>,TUT
1177,MSE     ,995,SURREY    ,15,17,Shahram Amiri                                                                                                                                                                                                                                             ,LAB
1151,MSE     ,427,SURREY    ,60,44,Kambiz Haji Hajikolaei                                                                                                                                                                                                                                    ,TUT
1097,MATH    ,880,BURNABY   ,3,0,. TBD                                                                                                                                                                                                                                                     ,SEC
1151,MATH    ,880,BURNABY   ,3,0,. Faculty                                                                                                                                                                                                                                                 ,SEC
1131,MATH    ,745,BURNABY   ,10,4,Luis Goddyn                                                                                                                                                                                                                                               ,LEC
1084,CMPT    ,225,BURNABY   ,100,73,Maryam Aliyar                                                                                                                                                                                                                                             ,LEC
1121,CMPT    ,225,BURNABY   ,22,22,Gregory Mori                                                                                                                                                                                                                                              ,LAB
1084,CMPT    ,225,SURREY    ,48,30,John Edgar                                                                                                                                                                                                                                                ,LEC
1111,CMPT    ,120,SURREY    ,25,24,. Sessional                                                                                                                                                                                                                                               ,LAB
1127,CMPT    ,120,BURNABY   ,26,25,Diana Cukierman                                                                                                                                                                                                                                           ,LAB
1094,CMNS    ,223W      ,BURNABY   ,0,0,<null>,TUT
1081,CMNS    ,497,BURNABY   ,15,2,. Faculty                                                                                                                                                                                                                                                 ,SEC
1167,CMPT    ,320,HRBRCNTR  ,110,90,Steven Pearce                                                                                                                                                                                                                                             ,LEC
1124,CMPT    ,310,BURNABY   ,65,61,Steven Pearce                                                                                                                                                                                                                                             ,LEC
1147,CMPT    ,250,SURREY    ,24,24,Brian Fraser                                                                                                                                                                                                                                              ,LAB
1124,CMPT    ,250,HRBRCNTR  ,75,75,Russell Tront                                                                                                                                                                                                                                             ,LEC
1171,CMPT    ,429,METRO     ,30,21,Harriet Chicoine                                                                                                                                                                                                                                          ,SEC
1181,CMPT    ,429,METRO     ,50,20,Harriet Chicoine                                                                                                                                                                                                                                          ,SEC
1171,CMPT    ,816,BURNABY   ,45,12,Qianping Gu                                                                                                                                                                                                                                               ,LEC
1101,CMPT    ,470,BURNABY   ,35,28,Anthony Chan                                                                                                                                                                                                                                              ,LEC
1111,CMPT    ,897,BURNABY   ,15,13,. Faculty                                                                                                                                                                                                                                                 ,SEC
1137,CMPT    ,897,BURNABY   ,10,4,. Faculty                                                                                                                                                                                                                                                 ,SEC
1081,CMNS    ,223W      ,SURREY    ,16,16,<null>,TUT
1091,IAT     ,222,SURREY    ,24,24,<null>,TUT
1091,IAT     ,222,SURREY    ,24,24,<null>,TUT
1101,ENSC    ,370,BURNABY   ,10,9,<null>,TUT
1107,ENSC    ,100,BURNABY   ,4,2,Michael Sjoerdsma                                                                                                                                                                                                                                         ,TUT
1107,ENSC    ,100,BURNABY   ,4,2,Michael Sjoerdsma                                                                                                                                                                                                                                         ,TUT
1117,ENSC    ,100,BURNABY   ,2,2,. Faculty                                                                                                                                                                                                                                                 ,TUT
1131,ENSC    ,380,SURREY    ,50,0,Amr Marzouk                                                                                                                                                                                                                                               ,OPL
1167,ENSC    ,351,BURNABY   ,132,112,May Siksik                                                                                                                                                                                                                                                ,LEC
1177,ENSC    ,351,BURNABY   ,193,188,William Scratchley                                                                                                                                                                                                                                        ,LEC
1174,ENSC    ,225,BURNABY   ,165,158,Meenakshinathan Parameswaran                                                                                                                                                                                                                              ,LEC
1127,ENSC    ,220,SURREY    ,100,99,Ahmad Rad                                                                                                                                                                                                                                                 ,LEC
1104,ENSC    ,380,BURNABY   ,49,48,Paul Ho                                                                                                                                                                                                                                                   ,TUT
1167,MSE     ,898,SURREY    ,100,31,<null>,SEC
1104,ENSC    ,215,BURNABY   ,52,45,. TBD                                                                                                                                                                                                                                                     ,TUT
1167,MATH    ,240,BURNABY   ,120,52,Ladislav Stacho                                                                                                                                                                                                                                           ,LEC
1107,CMPT    ,376W      ,BURNABY   ,54,54,Arthur Liestman                                                                                                                                                                                                                                           ,LEC
1111,ENSC    ,370,BURNABY   ,10,9,Andrew Rawicz                                                                                                                                                                                                                                             ,TUT
1147,MATH    ,150,SURREY    ,108,63,Ping Ding                                                                                                                                                                                                                                                 ,LEC
1161,MATH    ,150,SURREY    ,60,37,Jeremy Chiu                                                                                                                                                                                                                                               ,LEC
1171,MATH    ,150,BURNABY   ,250,162,Jens-Dietrich Bauch                                                                                                                                                                                                                                       ,LEC
1181,MATH    ,150,BURNABY   ,200,119,"Nancy Khalil, Yusuf Tuncer                                                                                                                                                                                                                                ",LEC
1167,ENSC    ,100W      ,BURNABY   ,9,7,Michael Sjoerdsma                                                                                                                                                                                                                                         ,LAB
1167,ENSC    ,100W      ,BURNABY   ,9,5,Michael Sjoerdsma                                                                                                                                                                                                                                         ,LAB
1081,CMNS    ,880,BURNABY   ,15,1,. Faculty                                                                                                                                                                                                                                                 ,SEC
1101,CMPT    ,150,BURNABY   ,26,25,Anthony Dixon                                                                                                                                                                                                                                             ,LAB
1087,CMPT    ,150,BURNABY   ,25,22,Bradley Bart                                                                                                                                                                                                                                              ,LAB
1104,CMPT    ,150,BURNABY   ,26,16,Bradley Bart                                                                                                                                                                                                                                              ,LAB
1087,CMPT    ,150,BURNABY   ,25,18,Bradley Bart                                                                                                                                                                                                                                              ,LAB
1104,CMPT    ,150,BURNABY   ,26,19,Bradley Bart                                                                                                                                                                                                                                              ,LAB
1101,CMPT    ,150,BURNABY   ,26,24,Anthony Dixon                                                                                                                                                                                                                                             ,LAB
1147,CMPT    ,250,BURNABY   ,26,26,Anthony Dixon                                                                                                                                                                                                                                             ,LAB
1084,CMPT    ,300,BURNABY   ,55,53,Richard Vaughan                                                                                                                                                                                                                                           ,LEC
1147,CMPT    ,250,BURNABY   ,26,26,Anthony Dixon                                                                                                                                                                                                                                             ,LAB
1091,CMPT    ,429,OFF       ,15,1,Harriet Chicoine                                                                                                                                                                                                                                          ,SEC
1087,CMNS    ,235,BURNABY   ,18,8,<null>,TUT
1111,ENSC    ,196,SURREY    ,10,10,<null>,SEC
1094,KIN     ,140,HRBRCNTR  ,36,36,Stephen Brown                                                                                                                                                                                                                                             ,LEC
1167,ENSC    ,853,BURNABY   ,30,0,<null>,LEC
1084,KIN     ,140,BURNABY   ,72,74,Anthony Leyland                                                                                                                                                                                                                                           ,LEC
1147,MATH    ,154,BURNABY   ,500,298,Cedric Chauve                                                                                                                                                                                                                                             ,LEC
1101,MATH    ,896,BURNABY   ,6,0,. Faculty                                                                                                                                                                                                                                                 ,SEC
1117,MATH    ,486,OFF       ,20,0,Faye Stefan                                                                                                                                                                                                                                               ,SEC
1081,REM     ,651,BURNABY   ,15,8,Duncan Knowler                                                                                                                                                                                                                                            ,SEM
1087,ENSC    ,220,BURNABY   ,60,44,<null>,TUT
1117,ENSC    ,220,BURNABY   ,26,26,<null>,LAB
1127,ENSC    ,196,BURNABY   ,25,13,<null>,SEC
1081,KIN     ,140,BURNABY   ,18,18,<null>,TUT
1091,KIN     ,140,BURNABY   ,18,18,<null>,TUT
1081,KIN     ,140,BURNABY   ,18,18,<null>,TUT
1084,MACM    ,316,BURNABY   ,32,20,<null>,TUT
1094,MACM    ,316,BURNABY   ,32,32,<null>,TUT
1124,ENSC    ,215,BURNABY   ,22,0,<null>,LAB
1167,ENSC    ,100W      ,BURNABY   ,9,9,Michael Sjoerdsma                                                                                                                                                                                                                                         ,LAB
1177,ENSC    ,100W      ,BURNABY   ,8,0,Michael Sjoerdsma                                                                                                                                                                                                                                         ,LAB
1157,ENSC    ,305W      ,BURNABY   ,99,96,Stephen Whitmore                                                                                                                                                                                                                                          ,LEC
1087,MATH    ,880,BURNABY   ,3,0,. Faculty                                                                                                                                                                                                                                                 ,SEC
1141,MATH    ,880,BURNABY   ,3,0,. Faculty                                                                                                                                                                                                                                                 ,SEC
1107,CMPT    ,126,BURNABY   ,0,2,Michael Evans                                                                                                                                                                                                                                             ,LAB
1117,CMPT    ,120,SURREY    ,26,22,William Havens                                                                                                                                                                                                                                            ,LAB
1121,CMPT    ,125,SURREY    ,40,37,Toby Donaldson                                                                                                                                                                                                                                            ,LEC
1107,CMPT    ,126,HRBRCNTR  ,20,15,Diana Cukierman                                                                                                                                                                                                                                           ,LEC
1127,CMPT    ,128,BURNABY   ,20,14,Janice Regan                                                                                                                                                                                                                                              ,LAB
1147,CMPT    ,429,METRO     ,5,3,Harriet Chicoine                                                                                                                                                                                                                                          ,SEC
1161,CMPT    ,429,METRO     ,15,0,Harriet Chicoine                                                                                                                                                                                                                                          ,SEC
1134,CMPT    ,429,OFF       ,5,1,Harriet Chicoine                                                                                                                                                                                                                                          ,SEC
1181,CMPT    ,429,OFF       ,15,0,Harriet Chicoine                                                                                                                                                                                                                                          ,SEC
1087,CMPT    ,426,BURNABY   ,30,15,Harriet Chicoine                                                                                                                                                                                                                                          ,SEC
1111,CMPT    ,820,BURNABY   ,15,12,Ze-Nian Li                                                                                                                                                                                                                                                ,LEC
1161,CMPT    ,816,BURNABY   ,65,19,Qianping Gu                                                                                                                                                                                                                                               ,LEC
1144,CMPT    ,897,BURNABY   ,10,3,. Faculty                                                                                                                                                                                                                                                 ,SEC
1137,MSE     ,490,SURREY    ,5,0,<null>,SEM
1141,MSE     ,891,SURREY    ,10,5,<null>,SEC
1151,MSE     ,891,SURREY    ,10,4,<null>,SEC
1114,ENSC    ,182,SURREY    ,24,23,<null>,TUT
1081,CMNS    ,223W      ,BURNABY   ,1,11,<null>,TUT
1127,CMPT    ,120,BURNABY   ,26,24,Diana Cukierman                                                                                                                                                                                                                                           ,LAB
1177,CMPT    ,120,BURNABY   ,208,206,Diana Cukierman                                                                                                                                                                                                                                           ,LEC
1097,CMPT    ,118,SURREY    ,25,11,Toby Donaldson                                                                                                                                                                                                                                            ,LAB
1091,CMNS    ,456,BURNABY   ,34,25,Peter Anderson                                                                                                                                                                                                                                            ,LEC
1087,CMNS    ,480,BURNABY   ,20,7,. Faculty                                                                                                                                                                                                                                                 ,SEC
1121,CMPT    ,125,SURREY    ,0,0,<null>,LAB
1101,CMPT    ,150,HRBRCNTR  ,25,9,Bobby Chan                                                                                                                                                                                                                                                ,LAB
1101,CMPT    ,150,SURREY    ,48,39,Harinder Khangura                                                                                                                                                                                                                                         ,LEC
1167,CMPT    ,102,BURNABY   ,36,30,Ali Madooei                                                                                                                                                                                                                                               ,LEC
1117,CMPT    ,250,BURNABY   ,130,129,Anthony Dixon                                                                                                                                                                                                                                             ,LEC
1084,CMNS    ,895,BURNABY   ,30,16,. Faculty                                                                                                                                                                                                                                                 ,SEC
1127,ENSC    ,201,BURNABY   ,120,119,John Jones                                                                                                                                                                                                                                                ,TUT
1127,ENSC    ,100,BURNABY   ,3,0,. Faculty                                                                                                                                                                                                                                                 ,TUT
1084,CMNS    ,321,HRBRCNTR  ,18,18,<null>,TUT
1084,KIN     ,304W      ,BURNABY   ,16,0,<null>,TUT
1087,CMNS    ,235,BURNABY   ,18,17,<null>,TUT
1144,MATH    ,150,BURNABY   ,0,0,<null>,OPL
1084,CMNS    ,347,BURNABY   ,18,8,<null>,TUT
1081,CMNS    ,321,HRBRCNTR  ,19,19,<null>,TUT
1084,CMNS    ,323,HRBRCNTR  ,13,7,<null>,TUT
1087,KIN     ,351,BURNABY   ,15,12,Darleen Bemister                                                                                                                                                                                                                                          ,PRA
1087,KIN     ,407,BURNABY   ,14,13,Robert Asmundson                                                                                                                                                                                                                                          ,LAB
1121,ENSC    ,380,SURREY    ,32,30,<null>,LAB
1137,ENSC    ,100,BURNABY   ,0,0,<null>,TUT
1137,ENSC    ,100,BURNABY   ,0,0,<null>,TUT
1127,ENSC    ,100,BURNABY   ,0,2,<null>,TUT
1081,KIN     ,140,BURNABY   ,18,17,<null>,TUT
1081,KIN     ,140,SURREY    ,18,17,<null>,TUT
1091,KIN     ,140,SURREY    ,18,18,<null>,TUT
1141,MATH    ,252,BURNABY   ,36,32,<null>,TUT
1151,MATH    ,252,BURNABY   ,36,30,<null>,TUT
1161,MATH    ,152,SURREY    ,250,0,<null>,OPL
1181,MSE     ,102,SURREY    ,120,0,<null>,TUT
1154,MATH    ,240,BURNABY   ,60,0,<null>,LAB
1107,ENSC    ,215,BURNABY   ,22,0,<null>,LAB
1171,CMPT    ,295,SURREY    ,24,13,Harinder Khangura                                                                                                                                                                                                                                         ,LAB
1174,ENSC    ,252,BURNABY   ,43,44,Peter Hallschmid                                                                                                                                                                                                                                          ,LAB
1174,ENSC    ,251,BURNABY   ,121,107,William Scratchley                                                                                                                                                                                                                                        ,TUT
1167,MSE     ,320,SURREY    ,90,91,Krishna Vijayaraghavan                                                                                                                                                                                                                                    ,LEC
1137,MSE     ,321,SURREY    ,36,35,Peyman Taheri Bonab                                                                                                                                                                                                                                       ,LAB
1177,MSE     ,294,OFF       ,10,0,Stephanie DeRapp                                                                                                                                                                                                                                          ,SEC
1141,CMPT    ,130,SURREY    ,16,11,John Edgar                                                                                                                                                                                                                                                ,LAB
1137,MSE     ,393,SURREY    ,25,19,Harriet Chicoine                                                                                                                                                                                                                                          ,SEC
1144,MSE     ,393,SURREY    ,20,14,Harriet Chicoine                                                                                                                                                                                                                                          ,SEC
1091,IAT     ,267,SURREY    ,0,0,<null>,OPL
1124,ENSC    ,383,SURREY    ,30,0,<null>,LAB
1084,ENSC    ,425,BURNABY   ,50,0,<null>,OPL
1164,MATH    ,486,OFF       ,20,0,Stuart Billings                                                                                                                                                                                                                                           ,SEC
1107,MATH    ,486,BURNABY   ,20,0,Faye Stefan                                                                                                                                                                                                                                               ,SEC
1121,MATH    ,486,BURNABY   ,20,0,"Faye Stefan, Stuart Billings                                                                                                                                                                                                                              ",SEC
1107,MATH    ,821,BURNABY   ,25,16,Marni Mishna                                                                                                                                                                                                                                              ,LEC
1107,ENSC    ,387,SURREY    ,54,55,<null>,TUT
1087,ENSC    ,220,SURREY    ,26,3,<null>,OPL
1101,ENSC    ,196,BURNABY   ,5,5,<null>,SEC
1104,ENSC    ,220,BURNABY   ,50,0,<null>,TUT
1117,CMPT    ,126,BURNABY   ,0,0,<null>,LEC
1111,ENSC    ,441,SURREY    ,66,0,<null>,SEM
1127,MATH    ,154,SURREY    ,90,0,<null>,OPL
1097,CMPT    ,118,SURREY    ,18,0,<null>,LAB
1134,CMPT    ,225,BURNABY   ,25,0,<null>,LAB
1171,CMPT    ,627,VAN       ,15,6,Harriet Chicoine                                                                                                                                                                                                                                          ,PRA
1181,CMPT    ,627,METRO     ,30,0,Harriet Chicoine                                                                                                                                                                                                                                          ,PRA
1101,CMPT    ,150,BURNABY   ,130,119,Anthony Dixon                                                                                                                                                                                                                                             ,LEC
1154,MSE     ,353,SURREY    ,120,105,Jiacheng Wang                                                                                                                                                                                                                                             ,LEC
1164,MSE     ,353,SURREY    ,33,27,Jiacheng Wang                                                                                                                                                                                                                                             ,LAB
1174,MSE     ,353,SURREY    ,25,24,Jiacheng Wang                                                                                                                                                                                                                                             ,LAB
1174,CMPT    ,127,BURNABY   ,64,64,Anoop Sarkar                                                                                                                                                                                                                                              ,LAB
1154,CMPT    ,127,BURNABY   ,55,47,Anne Lavergne                                                                                                                                                                                                                                             ,LAB
1154,CMPT    ,127,BURNABY   ,55,29,Anne Lavergne                                                                                                                                                                                                                                             ,LAB
1151,MSE     ,426,SURREY    ,60,62,Gary Wang                                                                                                                                                                                                                                                 ,LEC
1161,MSE     ,426,SURREY    ,47,45,Gary Wang                                                                                                                                                                                                                                                 ,LAB
1167,ENSC    ,251,BURNABY   ,48,48,William Scratchley                                                                                                                                                                                                                                        ,LAB
1081,CMNS    ,223W      ,BURNABY   ,0,0,<null>,TUT
1181,MATH    ,875,BURNABY   ,5,0,Marni Mishna                                                                                                                                                                                                                                              ,SEC
1181,ENSC    ,416,BURNABY   ,70,31,Lakshman One                                                                                                                                                                                                                                              ,LEC
1181,CMPT    ,295,BURNABY   ,26,26,Bradley Bart                                                                                                                                                                                                                                              ,LAB
1181,CMPT    ,295,BURNABY   ,26,26,Bradley Bart                                                                                                                                                                                                                                              ,LAB
1171,MSE     ,921,SURREY    ,0,0,. TBD                                                                                                                                                                                                                                                     ,OPL
1164,MSE     ,922,SURREY    ,1,0,Flavio Firmani                                                                                                                                                                                                                                            ,OPL
1161,CMPT    ,295,BURNABY   ,25,16,Anthony Dixon                                                                                                                                                                                                                                             ,LAB
1177,ENSC    ,701,OFF       ,5,0,Harriet Chicoine                                                                                                                                                                                                                                          ,PRA
1177,ENSC    ,251,BURNABY   ,48,48,Herbert Tsang                                                                                                                                                                                                                                             ,LAB
1147,ENSC    ,252,BURNABY   ,40,38,Lakshman One                                                                                                                                                                                                                                              ,LAB
1177,CMPT    ,130,SURREY    ,24,23,Toby Donaldson                                                                                                                                                                                                                                            ,LAB
1137,CMPT    ,130,SURREY    ,26,26,Brian Fraser                                                                                                                                                                                                                                              ,LAB
1167,CMPT    ,130,SURREY    ,26,24,Brian Fraser                                                                                                                                                                                                                                              ,LAB
1137,MSE     ,393,SURREY    ,20,0,Harriet Chicoine                                                                                                                                                                                                                                          ,SEC
1154,MSE     ,393,OFF       ,20,8,Stephanie DeRapp                                                                                                                                                                                                                                          ,SEC
1174,MSE     ,293,OFF       ,20,8,Stephanie DeRapp                                                                                                                                                                                                                                          ,SEC
1161,MSE     ,394,SURREY    ,10,6,Stephanie DeRapp                                                                                                                                                                                                                                          ,SEC
1147,MSE     ,394,OFF       ,10,0,Stephanie DeRapp                                                                                                                                                                                                                                          ,SEC
1151,MSE     ,294,SURREY    ,10,13,Stephanie DeRapp                                                                                                                                                                                                                                          ,SEC
1177,MSE     ,493,OFF       ,35,0,Stephanie DeRapp                                                                                                                                                                                                                                          ,SEC
1151,MSE     ,493,SURREY    ,10,9,Stephanie DeRapp                                                                                                                                                                                                                                          ,SEC
1181,CMPT    ,627,OFF       ,15,0,Harriet Chicoine                                                                                                                                                                                                                                          ,PRA
1157,CMPT    ,627,OFF       ,15,2,Harriet Chicoine                                                                                                                                                                                                                                          ,PRA
1177,MACM    ,204,BURNABY   ,42,38,Michael Monagan                                                                                                                                                                                                                                           ,LEC
1157,CHIN    ,181,BURNABY   ,10,11,Cynthia Xie                                                                                                                                                                                                                                               ,TUT
1171,CMPT    ,276,BURNABY   ,80,64,Fariha Naz                                                                                                                                                                                                                                                ,LEC
1171,CMPT    ,473,SURREY    ,60,43,William Sumner                                                                                                                                                                                                                                            ,LEC
1141,CMPT    ,474,SURREY    ,60,59,Arthur Kirkpatrick                                                                                                                                                                                                                                        ,LEC
1091,IAT     ,102,SURREY    ,24,24,Angela Tomizu                                                                                                                                                                                                                                             ,STL
1081,IAT     ,267,SURREY    ,144,139,Helmine Serban                                                                                                                                                                                                                                            ,LEC
1081,CMPT    ,777,BURNABY   ,10,4,Evgenia Ternovska                                                                                                                                                                                                                                         ,LEC
1177,ENSC    ,251,BURNABY   ,48,48,Herbert Tsang                                                                                                                                                                                                                                             ,LAB
1181,MSE     ,721,SURREY    ,15,3,Siamak Arzanpour                                                                                                                                                                                                                                          ,LEC
1171,MSE     ,782,SURREY    ,3,3,Mehrdad Moallem                                                                                                                                                                                                                                           ,LAB
1144,MSE     ,425,SURREY    ,60,39,Woo Soo Kim                                                                                                                                                                                                                                               ,LEC
1174,MSE     ,720,SURREY    ,8,2,Carolyn Sparrey                                                                                                                                                                                                                                           ,LEC
1144,MSE     ,720,SURREY    ,5,0,Carolyn Sparrey                                                                                                                                                                                                                                           ,OPL
1157,ENSC    ,120,BURNABY   ,34,34,Meenakshinathan Parameswaran                                                                                                                                                                                                                              ,LAB
1171,MSE     ,750,SURREY    ,15,11,Jiacheng Wang                                                                                                                                                                                                                                             ,LEC
1167,ENSC    ,120,BURNABY   ,246,234,Meenakshinathan Parameswaran                                                                                                                                                                                                                              ,LEC
1154,MSE     ,381,SURREY    ,30,0,Siamak Arzanpour                                                                                                                                                                                                                                          ,LAB
1164,ENSC    ,254,BURNABY   ,124,105,William Scratchley                                                                                                                                                                                                                                        ,LEC
1167,MSE     ,100,SURREY    ,117,119,Krishna Vijayaraghavan                                                                                                                                                                                                                                    ,LEC
1141,MSE     ,493,OFF       ,10,3,Harriet Chicoine                                                                                                                                                                                                                                          ,SEC
1174,MSE     ,494,OFF       ,30,0,Stephanie DeRapp                                                                                                                                                                                                                                          ,SEC
1144,MSE     ,400,SURREY    ,120,59,Maureen Hindy                                                                                                                                                                                                                                             ,LEC
1147,MSE     ,220,SURREY    ,40,42,Woo Soo Kim                                                                                                                                                                                                                                               ,LAB
1134,MSE     ,102,SURREY    ,10,1,Kevin Oldknow                                                                                                                                                                                                                                             ,SEC
1134,MSE     ,102,SURREY    ,1,1,John Jones                                                                                                                                                                                                                                                ,SEC
1161,MSE     ,210,SURREY    ,43,34,Flavio Firmani                                                                                                                                                                                                                                            ,LAB
1181,MSE     ,210,SURREY    ,56,41,Flavio Firmani                                                                                                                                                                                                                                            ,LAB
1167,MSE     ,493,SURREY    ,35,38,Stephanie DeRapp                                                                                                                                                                                                                                          ,SEC
1171,CMPT    ,135,SURREY    ,24,19,Toby Donaldson                                                                                                                                                                                                                                            ,LAB
1141,CMPT    ,213,SURREY    ,50,45,Brian Fraser                                                                                                                                                                                                                                              ,LEC
1164,CMPT    ,626,METRO     ,30,12,Harriet Chicoine                                                                                                                                                                                                                                          ,PRA
1121,ENSC    ,820,BURNABY   ,30,0,<null>,SEC
1141,CMPT    ,828,BURNABY   ,15,9,Mark Drew                                                                                                                                                                                                                                                 ,SEM
1111,CMPT    ,322W      ,SURREY    ,60,60,Harinder Khangura                                                                                                                                                                                                                                         ,LEC
1117,ENSC    ,470,BURNABY   ,28,26,Glenn Chapman                                                                                                                                                                                                                                             ,TUT
1181,CMPT    ,276,SURREY    ,80,80,Brian Fraser                                                                                                                                                                                                                                              ,LEC
1164,CMPT    ,373,SURREY    ,30,32,Brian Fraser                                                                                                                                                                                                                                              ,LEC
1121,ENSC    ,312,SURREY    ,60,39,Maureen Hindy                                                                                                                                                                                                                                             ,LEC
1157,MSE     ,894,SURREY    ,24,0,<null>,LEC
1137,MATH    ,150,SURREY    ,90,0,<null>,OPL
1117,CMPT    ,125,BURNABY   ,25,0,<null>,LAB
1091,CMNS    ,253W      ,HRBRCNTR  ,32,34,Roman Onufrijchuk                                                                                                                                                                                                                                         ,LEC
1094,ENSC    ,425,BURNABY   ,50,0,<null>,OPL
1131,CMPT    ,497,BURNABY   ,15,9,Ramesh Krishnamurti                                                                                                                                                                                                                                       ,SEC
1101,MATH    ,448,SURREY    ,15,4,Tamon Stephen                                                                                                                                                                                                                                             ,LEC
1134,MATH    ,894,BURNABY   ,6,0,<null>,SEC
1161,CMPT    ,295,BURNABY   ,25,25,Anthony Dixon                                                                                                                                                                                                                                             ,LAB
1154,MSE     ,425,SURREY    ,70,39,Woo Soo Kim                                                                                                                                                                                                                                               ,LEC
1094,IAT     ,486,SURREY    ,0,1,Christopher Shaw                                                                                                                                                                                                                                          ,LEC
1164,MSE     ,293,OFF       ,30,5,Stephanie DeRapp                                                                                                                                                                                                                                          ,SEC
1174,MSE     ,300,SURREY    ,120,79,Kevin Oldknow                                                                                                                                                                                                                                             ,TUT
1157,MSE     ,100,SURREY    ,40,39,Krishna Vijayaraghavan                                                                                                                                                                                                                                    ,LAB
1157,MSE     ,100,SURREY    ,40,0,Krishna Vijayaraghavan                                                                                                                                                                                                                                    ,OPL
1134,MSE     ,391,SURREY    ,34,16,Amr Marzouk                                                                                                                                                                                                                                               ,LAB
1134,MSE     ,391,SURREY    ,33,31,Amr Marzouk                                                                                                                                                                                                                                               ,LAB
1177,MSE     ,220,SURREY    ,120,114,Ghasem Behfarshad                                                                                                                                                                                                                                         ,LEC
1144,MSE     ,486,SURREY    ,6,6,. TBD                                                                                                                                                                                                                                                     ,SEM
1151,MSE     ,421,SURREY    ,50,43,Siamak Arzanpour                                                                                                                                                                                                                                          ,LEC
1167,MSE     ,250,SURREY    ,36,36,Ahmad Rad                                                                                                                                                                                                                                                 ,LAB
1141,MSE     ,210,SURREY    ,130,124,Erik Kjeang                                                                                                                                                                                                                                               ,LEC
1181,MSE     ,210,SURREY    ,56,47,Flavio Firmani                                                                                                                                                                                                                                            ,LAB
1151,MSE     ,450,SURREY    ,32,32,Mehrdad Moallem                                                                                                                                                                                                                                           ,LAB
1137,MSE     ,221,SURREY    ,108,116,Woo Soo Kim                                                                                                                                                                                                                                               ,LEC
1164,MSE     ,110,SURREY    ,0,0,Amr Marzouk                                                                                                                                                                                                                                               ,LAB
1171,MSE     ,251,SURREY    ,108,92,Behraad Bahreyni                                                                                                                                                                                                                                          ,LEC
1154,MSE     ,110,SURREY    ,12,8,Amr Marzouk                                                                                                                                                                                                                                               ,LEC
1174,MSE     ,110,SURREY    ,60,57,Amr Marzouk                                                                                                                                                                                                                                               ,LAB
1174,CMPT    ,626,OFF       ,20,14,Harriet Chicoine                                                                                                                                                                                                                                          ,PRA
1117,CMPT    ,106,SURREY    ,18,14,Harinder Khangura                                                                                                                                                                                                                                         ,TUT
1164,ENSC    ,280,BURNABY   ,50,48,Atousa Hajshirmohammadi                                                                                                                                                                                                                                   ,LAB
1157,ENSC    ,470,BURNABY   ,34,30,Glenn Chapman                                                                                                                                                                                                                                             ,LEC
1137,ENSC    ,470,BURNABY   ,17,18,Glenn Chapman                                                                                                                                                                                                                                             ,LAB
1151,CMPT    ,474,SURREY    ,130,126,Arthur Kirkpatrick                                                                                                                                                                                                                                        ,LEC
1121,CMPT    ,404,BURNABY   ,48,49,Andrei Bulatov                                                                                                                                                                                                                                            ,LEC
1154,MSE     ,110,SURREY    ,0,0,<null>,TUT
1131,CMPT    ,431,BURNABY   ,60,55,Richard Vaughan                                                                                                                                                                                                                                           ,LEC
1117,ENSC    ,231,SURREY    ,92,90,Woo Soo Kim                                                                                                                                                                                                                                               ,LEC
1117,CMPT    ,771,BURNABY   ,26,19,Jiangchuan Liu                                                                                                                                                                                                                                            ,LEC
1091,IAT     ,102,SURREY    ,24,24,Angela Tomizu                                                                                                                                                                                                                                             ,STL
1154,ENSC    ,803,BURNABY   ,30,15,Stephen Whitmore                                                                                                                                                                                                                                          ,LEC
1127,ENSC    ,803,SURREY    ,25,9,Maureen Hindy                                                                                                                                                                                                                                             ,LEC
1084,IAT     ,202,SURREY    ,24,0,. TBD                                                                                                                                                                                                                                                     ,INS
1081,MATH    ,341,BURNABY   ,64,12,Imin Chen                                                                                                                                                                                                                                                 ,LEC
1114,MATH    ,880,BURNABY   ,3,0,<null>,SEC
1111,ENSC    ,196,OFF       ,5,0,<null>,SEC
1164,MSE     ,494,OFF       ,30,0,Stephanie DeRapp                                                                                                                                                                                                                                          ,SEC
1164,MSE     ,491,SURREY    ,80,66,Flavio Firmani                                                                                                                                                                                                                                            ,SEM
1174,MSE     ,491,SURREY    ,70,21,Carlo Menon                                                                                                                                                                                                                                               ,SEM
1154,MSE     ,491,SURREY    ,24,16,Flavio Firmani                                                                                                                                                                                                                                            ,LAB
1151,CMPT    ,213,SURREY    ,80,78,Brian Fraser                                                                                                                                                                                                                                              ,LEC
1174,MATH    ,888,SURREY    ,10,0,Marni Mishna                                                                                                                                                                                                                                              ,SEC
1081,MATH    ,882,BURNABY   ,10,0,. Faculty                                                                                                                                                                                                                                                 ,SEC
1147,MATH    ,882,BURNABY   ,10,0,. Faculty                                                                                                                                                                                                                                                 ,SEC
1144,CMPT    ,166,SURREY    ,26,25,Toby Donaldson                                                                                                                                                                                                                                            ,LAB
1127,CMPT    ,166,SURREY    ,26,26,Toby Donaldson                                                                                                                                                                                                                                            ,LAB
1164,MSE     ,381,SURREY    ,129,108,Mohammad Narimani                                                                                                                                                                                                                                         ,LEC
1134,MSE     ,381,SURREY    ,100,82,Siamak Arzanpour                                                                                                                                                                                                                                          ,TUT
1151,MATH    ,796,BURNABY   ,10,1,Nils Bruin                                                                                                                                                                                                                                                ,LEC
1097,CMPT    ,726,BURNABY   ,60,58,Gregory Mori                                                                                                                                                                                                                                              ,LEC
1107,ENSC    ,100W      ,BURNABY   ,7,8,Michael Sjoerdsma                                                                                                                                                                                                                                         ,TUT
1087,IAT     ,201,SURREY    ,45,45,"Bernhard Riecke, Helmine Serban                                                                                                                                                                                                                           ",TUT
1144,CMPT    ,125,BURNABY   ,26,26,Ruiwen Chen                                                                                                                                                                                                                                               ,LAB
1087,CMPT    ,126,HRBRCNTR  ,30,9,Anne Lavergne                                                                                                                                                                                                                                             ,LEC
1097,CMPT    ,126,HRBRCNTR  ,24,16,Diana Cukierman                                                                                                                                                                                                                                           ,LEC
1147,MSE     ,250,SURREY    ,42,0,<null>,LAB
1127,ENSC    ,388,SURREY    ,27,27,Peyman Taheri Bonab                                                                                                                                                                                                                                       ,LAB
1087,KIN     ,221,BURNABY   ,36,32,Ingrid Northwood                                                                                                                                                                                                                                          ,LEC
1091,MATH    ,314,BURNABY   ,32,0,<null>,TUT
1087,IAT     ,336,SURREY    ,0,0,Kenneth Zupan                                                                                                                                                                                                                                             ,LAB
1081,CMNS    ,321,HRBRCNTR  ,0,0,<null>,TUT
1161,MATH    ,341,BURNABY   ,32,19,Nils Bruin                                                                                                                                                                                                                                                ,LEC
1087,ENSC    ,374,BURNABY   ,25,0,<null>,LEC
1137,MATH    ,370W      ,BURNABY   ,32,7,Jonathan Jedwab                                                                                                                                                                                                                                           ,LEC
1097,MACM    ,442,BURNABY   ,35,6,Petr Lisonek                                                                                                                                                                                                                                              ,LEC
1091,CMNS    ,479,BURNABY   ,15,23,. Faculty                                                                                                                                                                                                                                                 ,SEC
1101,MATH    ,380W      ,BURNABY   ,56,56,Tom Archibald                                                                                                                                                                                                                                             ,LEC
1161,ENSC    ,475,BURNABY   ,25,17,Bonnie Gray                                                                                                                                                                                                                                               ,LEC
1087,CMNS    ,253W      ,HRBRCNTR  ,48,47,Richard Smith                                                                                                                                                                                                                                             ,OLC
1084,TECH    ,101W      ,SURREY    ,48,46,Shulamit Gribov                                                                                                                                                                                                                                           ,INS
1111,MATH    ,150,SURREY    ,90,52,". TBD, Ping Ding                                                                                                                                                                                                                                          ",LEC
1094,TECH    ,101W      ,SURREY    ,48,47,C. Andrew Paulin                                                                                                                                                                                                                                          ,INS
1081,TECH    ,101W      ,SURREY    ,48,33,Daniel Haas                                                                                                                                                                                                                                               ,INS
1091,IAT     ,320,SURREY    ,72,72,"Gregory Corness, Jinsil Seo                                                                                                                                                                                                                               ",LEC
1091,IAT     ,352,SURREY    ,24,20,Yingchen Yang                                                                                                                                                                                                                                             ,LAB
1124,CMPT    ,128,SURREY    ,14,14,Brian Fraser                                                                                                                                                                                                                                              ,LEC
1144,CMPT    ,125,BURNABY   ,26,26,Ruiwen Chen                                                                                                                                                                                                                                               ,LAB
1144,CMPT    ,126,BURNABY   ,52,49,Ruiwen Chen                                                                                                                                                                                                                                               ,LEC
1144,CMPT    ,166,SURREY    ,24,18,Toby Donaldson                                                                                                                                                                                                                                            ,LAB
1141,CMPT    ,166,SURREY    ,24,21,Toby Donaldson                                                                                                                                                                                                                                            ,LAB
1131,CMPT    ,626,METRO     ,30,0,Harriet Chicoine                                                                                                                                                                                                                                          ,PRA
1137,CMPT    ,166,SURREY    ,26,19,John Edgar                                                                                                                                                                                                                                                ,LAB
1164,CMPT    ,626,OFF       ,15,10,Harriet Chicoine                                                                                                                                                                                                                                          ,PRA
1134,CMPT    ,627,OFF       ,5,0,Harriet Chicoine                                                                                                                                                                                                                                          ,PRA
1157,CMPT    ,627,OFF       ,15,1,Harriet Chicoine                                                                                                                                                                                                                                          ,PRA
1161,CMPT    ,627,OFF       ,15,1,Harriet Chicoine                                                                                                                                                                                                                                          ,PRA
1161,CMPT    ,627,METRO     ,30,0,Harriet Chicoine                                                                                                                                                                                                                                          ,PRA
1127,CMPT    ,628,VAN       ,2,0,"Cristina Eftenaru, Harriet Chicoine                                                                                                                                                                                                                       ",PRA
1127,MATH    ,818,BURNABY   ,25,7,Jason Bell                                                                                                                                                                                                                                                ,LEC
1167,MSE     ,891,SURREY    ,20,9,<null>,SEC
1121,MATH    ,208W      ,SURREY    ,24,19,<null>,TUT
1091,IAT     ,882,SURREY    ,20,2,Niranjan Rajah                                                                                                                                                                                                                                            ,SEM
1141,MATH    ,303,BURNABY   ,32,26,<null>,TUT
1084,KIN     ,804,BURNABY   ,15,3,. Faculty                                                                                                                                                                                                                                                 ,SEC
1097,ENSC    ,215,BURNABY   ,22,22,<null>,LAB
1107,ENSC    ,452,BURNABY   ,13,12,<null>,LAB
1081,CMNS    ,223W      ,BURNABY   ,16,16,<null>,TUT
1081,CMPT    ,225,BURNABY   ,25,23,<null>,LAB
1081,CMPT    ,225,BURNABY   ,25,25,<null>,LAB
1087,IAT     ,201,SURREY    ,45,45,"Bernhard Riecke, Helmine Serban                                                                                                                                                                                                                           ",TUT
1091,IAT     ,206,SURREY    ,24,19,Niranjan Rajah                                                                                                                                                                                                                                            ,TUT
1164,CMPT    ,459,BURNABY   ,55,50,Martin Ester                                                                                                                                                                                                                                              ,LEC
1107,CMPT    ,128,SURREY    ,15,11,Toby Donaldson                                                                                                                                                                                                                                            ,LAB
1117,CMPT    ,128,BURNABY   ,26,26,Anne Lavergne                                                                                                                                                                                                                                             ,LAB
1154,MSE     ,405W      ,SURREY    ,50,46,Maureen Hindy                                                                                                                                                                                                                                             ,TUT
1157,ENSC    ,324,BURNABY   ,75,67,Bonnie Gray                                                                                                                                                                                                                                               ,TUT
1157,MATH    ,480W      ,BURNABY   ,32,5,Jonathan Jedwab                                                                                                                                                                                                                                           ,LEC
1174,ENSC    ,482,BURNABY   ,45,35,Shahram Payandeh                                                                                                                                                                                                                                          ,RQL
1164,CMPT    ,127,BURNABY   ,64,53,Anne Lavergne                                                                                                                                                                                                                                             ,LAB
1177,ENSC    ,701,METRO     ,5,5,Harriet Chicoine                                                                                                                                                                                                                                          ,PRA
1164,MSE     ,793,OFF       ,5,2,Harriet Chicoine                                                                                                                                                                                                                                          ,PRA
1174,MSE     ,311,SURREY    ,38,29,Behraad Bahreyni                                                                                                                                                                                                                                          ,LAB
1164,MSE     ,311,SURREY    ,23,20,Mohammad Amin Rasouli                                                                                                                                                                                                                                     ,LAB
1164,MSE     ,312,SURREY    ,25,0,"Amr Marzouk, Krishna Vijayaraghavan, Mehrdad Moallem                                                                                                                                                                                                      ",LAB
1087,CMPT    ,126,BURNABY   ,25,18,Anne Lavergne                                                                                                                                                                                                                                             ,LAB
1107,CMPT    ,128,BURNABY   ,26,22,Janice Regan                                                                                                                                                                                                                                              ,LAB
1107,CMPT    ,128,SURREY    ,25,25,Toby Donaldson                                                                                                                                                                                                                                            ,LAB
1091,MATH    ,747,BURNABY   ,15,5,Jonathan Jedwab                                                                                                                                                                                                                                           ,LEC
1177,MATH    ,345,BURNABY   ,34,23,Luis Goddyn                                                                                                                                                                                                                                               ,LEC
1147,MSE     ,250,SURREY    ,42,0,<null>,LAB
1141,MATH    ,819,BURNABY   ,5,1,Michael Monagan                                                                                                                                                                                                                                           ,LEC
1094,MATH    ,719,BURNABY   ,10,1,Jason Bell                                                                                                                                                                                                                                                ,LEC
1177,MSE     ,489,SURREY    ,5,0,<null>,SEM
1084,ENSC    ,182,SURREY    ,24,24,<null>,LAB
1087,ENSC    ,452,BURNABY   ,24,22,<null>,LAB
1084,MATH    ,254,BURNABY   ,70,58,Nessim Tariq                                                                                                                                                                                                                                              ,LEC
1171,ENSC    ,895,BURNABY   ,5,7,Bernhard Rabus                                                                                                                                                                                                                                            ,LAB
1147,CMPT    ,106,SURREY    ,50,43,Harinder Khangura                                                                                                                                                                                                                                         ,LEC
1131,CMPT    ,106,SURREY    ,25,24,Harinder Khangura                                                                                                                                                                                                                                         ,LAB
1131,CMPT    ,106,SURREY    ,19,18,Harinder Khangura                                                                                                                                                                                                                                         ,LAB
1081,ENSC    ,474,BURNABY   ,20,14,Mirza Beg                                                                                                                                                                                                                                                 ,LEC
1127,ENSC    ,104,SURREY    ,26,26,". TBD, Krishna Vijayaraghavan                                                                                                                                                                                                                             ",LAB
1147,CHIN    ,181,BURNABY   ,15,6,Cynthia Xie                                                                                                                                                                                                                                               ,TUT
1181,ENSC    ,474,BURNABY   ,45,29,Parvaneh Saeedi                                                                                                                                                                                                                                           ,LEC
1164,ENSC    ,476,BURNABY   ,30,26,Marinko Sarunic                                                                                                                                                                                                                                           ,RQL
1151,CHIN    ,281,BURNABY   ,10,6,Cynthia Xie                                                                                                                                                                                                                                               ,TUT
1091,IAT     ,309W      ,SURREY    ,30,28,Chantal Gibson                                                                                                                                                                                                                                            ,INS
1121,CMPT    ,128,SURREY    ,5,5,John Edgar                                                                                                                                                                                                                                                ,LAB
1124,CMPT    ,128,SURREY    ,4,4,Brian Fraser                                                                                                                                                                                                                                              ,LAB
1121,CMPT    ,128,SURREY    ,0,0,John Edgar                                                                                                                                                                                                                                                ,LAB
1167,CMPT    ,225,BURNABY   ,26,25,David Mitchell                                                                                                                                                                                                                                            ,LAB
1177,CMPT    ,225,SURREY    ,96,97,John Edgar                                                                                                                                                                                                                                                ,LEC
1161,CMPT    ,120,BURNABY   ,25,25,Anne Lavergne                                                                                                                                                                                                                                             ,LAB
1161,CMPT    ,120,BURNABY   ,25,26,Anne Lavergne                                                                                                                                                                                                                                             ,LAB
1164,CMPT    ,120,BURNABY   ,26,26,Diana Cukierman                                                                                                                                                                                                                                           ,LAB
1084,CMNS    ,321,HRBRCNTR  ,18,20,<null>,TUT
1164,CMPT    ,120,BURNABY   ,26,25,Diana Cukierman                                                                                                                                                                                                                                           ,LAB
1154,CMPT    ,126,BURNABY   ,78,47,Karol Swietlicki                                                                                                                                                                                                                                          ,LEC
1144,MSE     ,411W      ,SURREY    ,92,57,"Farid Golnaraghi, Maureen Hindy                                                                                                                                                                                                                           ",SEM
1154,MSE     ,411W      ,SURREY    ,16,16,Flavio Firmani                                                                                                                                                                                                                                            ,SEM
1171,MSE     ,210,SURREY    ,42,37,Flavio Firmani                                                                                                                                                                                                                                            ,LAB
1174,MSE     ,293,SURREY    ,30,31,Stephanie DeRapp                                                                                                                                                                                                                                          ,SEC
1107,MATH    ,408,SURREY    ,20,8,Tamon Stephen                                                                                                                                                                                                                                             ,LEC
1081,CMNS    ,479,OFF       ,25,23,. Faculty                                                                                                                                                                                                                                                 ,SEC
1104,ENSC    ,224,BURNABY   ,63,63,Bonnie Gray                                                                                                                                                                                                                                               ,LEC
1111,MATH    ,879,BURNABY   ,6,3,. Faculty                                                                                                                                                                                                                                                 ,SEC
1087,IAT     ,487,SURREY    ,5,8,Russell Taylor                                                                                                                                                                                                                                            ,LEC
1087,MATH    ,878,BURNABY   ,5,3,Nils Bruin                                                                                                                                                                                                                                                ,SEC
1091,CMNS    ,223W      ,BURNABY   ,16,16,<null>,TUT
1181,ENSC    ,895,BURNABY   ,5,3,Peter Hallschmid                                                                                                                                                                                                                                          ,LAB
1127,MATH    ,150,BURNABY   ,60,0,<null>,OPL
1087,IAT     ,201,SURREY    ,45,45,"Bernhard Riecke, Helmine Serban                                                                                                                                                                                                                           ",TUT
1117,CMPT    ,418,BURNABY   ,35,32,Robert Hadley                                                                                                                                                                                                                                             ,LEC
1094,IAT     ,100,SURREY    ,144,141,Susan Clements-Vivian                                                                                                                                                                                                                                     ,LEC
1081,IAT     ,100,SURREY    ,24,25,Jack Stockholm III                                                                                                                                                                                                                                        ,STL
1091,IAT     ,100,SURREY    ,24,29,David Botta                                                                                                                                                                                                                                               ,STL
1091,IAT     ,100,SURREY    ,24,30,Patrick Chan                                                                                                                                                                                                                                              ,STL
1137,CMPT    ,126,HRBRCNTR  ,26,20,Ruiwen Chen                                                                                                                                                                                                                                               ,LAB
1151,CMPT    ,125,BURNABY   ,192,175,Jane Huang                                                                                                                                                                                                                                                ,LEC
1091,IAT     ,309W      ,SURREY    ,30,27,Chantal Gibson                                                                                                                                                                                                                                            ,INS
1087,CMPT    ,125,BURNABY   ,26,24,Diana Cukierman                                                                                                                                                                                                                                           ,LAB
1091,CMNS    ,321,HRBRCNTR  ,18,18,<null>,TUT
1084,CMNS    ,323,HRBRCNTR  ,15,14,<null>,TUT
1097,CMPT    ,125,BURNABY   ,26,22,Diana Cukierman                                                                                                                                                                                                                                           ,LAB
1087,CMPT    ,126,BURNABY   ,25,18,Anne Lavergne                                                                                                                                                                                                                                             ,LAB
1091,ENSC    ,406,BURNABY   ,15,0,<null>,TUT
1104,CMPT    ,125,SURREY    ,5,4,Toby Donaldson                                                                                                                                                                                                                                            ,LAB
1181,ENSC    ,491,BURNABY   ,2,0,<null>,SEC
1177,CMPT    ,827,BURNABY   ,35,0,<null>,LEC
1087,CMNS    ,262,BURNABY   ,90,98,Kirsten McAllister                                                                                                                                                                                                                                        ,LEC
1121,ENSC    ,406,BURNABY   ,17,17,<null>,TUT
1137,MATH    ,896,BURNABY   ,6,0,<null>,SEC
1161,CMPT    ,489,SURREY    ,15,11,Robert Cameron                                                                                                                                                                                                                                            ,LEC
1087,CMPT    ,880,BURNABY   ,10,8,Mark Drew                                                                                                                                                                                                                                                 ,LEC
1104,CMPT    ,126,BURNABY   ,26,26,Brian Fraser                                                                                                                                                                                                                                              ,LAB
1091,CMNS    ,321,HRBRCNTR  ,18,19,<null>,TUT
1091,CMNS    ,321,HRBRCNTR  ,18,19,<null>,TUT
1137,CMPT    ,125,BURNABY   ,26,26,Scott Kristjanson                                                                                                                                                                                                                                         ,LAB
1167,CMPT    ,705,BURNABY   ,80,40,Andrei Bulatov                                                                                                                                                                                                                                            ,LEC
1084,MACM    ,316,BURNABY   ,32,31,<null>,TUT
1094,MACM    ,316,BURNABY   ,32,29,<null>,TUT
1117,CMPT    ,479,SURREY    ,12,4,Arrvindh Shriraman                                                                                                                                                                                                                                        ,LEC
1087,CMNS    ,354,HRBRCNTR  ,54,42,Roman Onufrijchuk                                                                                                                                                                                                                                         ,LEC
1087,CMNS    ,482,OFF       ,25,1,. Faculty                                                                                                                                                                                                                                                 ,SEC
1084,CMNS    ,489,BURNABY   ,10,2,. Faculty                                                                                                                                                                                                                                                 ,SEC
1107,CMPT    ,150,BURNABY   ,26,24,Bradley Bart                                                                                                                                                                                                                                              ,LAB
1131,CMPT    ,150,SURREY    ,0,0,Louis Hafer                                                                                                                                                                                                                                               ,LAB
1167,MATH    ,878,BURNABY   ,5,3,Marni Mishna                                                                                                                                                                                                                                              ,SEC
1087,ENSC    ,328,BURNABY   ,10,4,Jie Liang                                                                                                                                                                                                                                                 ,LEC
1097,ENSC    ,328,BURNABY   ,10,5,Jie Liang                                                                                                                                                                                                                                                 ,LEC
1127,ENSC    ,328,BURNABY   ,5,1,Jie Liang                                                                                                                                                                                                                                                 ,TUT
1137,ENSC    ,328,BURNABY   ,5,2,Atousa Hajshirmohammadi                                                                                                                                                                                                                                   ,TUT
1101,MATH    ,879,BURNABY   ,6,1,Nils Bruin                                                                                                                                                                                                                                                ,SEC
1081,IAT     ,312,SURREY    ,24,26,Magy Seif El-Nasr                                                                                                                                                                                                                                         ,LAB
1081,IAT     ,312,SURREY    ,23,23,Magy Seif El-Nasr                                                                                                                                                                                                                                         ,LAB
1107,MATH    ,718,BURNABY   ,10,2,David Muraki                                                                                                                                                                                                                                              ,LEC
1147,MATH    ,747,BURNABY   ,10,6,Petr Lisonek                                                                                                                                                                                                                                              ,LEC
1167,ENSC    ,100W      ,BURNABY   ,8,0,<null>,LAB
1177,CMPT    ,125,BURNABY   ,192,174,Bobby Chan                                                                                                                                                                                                                                                ,LEC
1101,CMPT    ,897,BURNABY   ,30,17,<null>,SEC
1137,CMPT    ,126,BURNABY   ,26,20,Scott Kristjanson                                                                                                                                                                                                                                         ,LAB
1097,CMPT    ,125,BURNABY   ,78,74,Diana Cukierman                                                                                                                                                                                                                                           ,LEC
1104,CMPT    ,125,BURNABY   ,52,52,Brian Fraser                                                                                                                                                                                                                                              ,LEC
1081,CMNS    ,444,BURNABY   ,0,0,<null>,SEM
1091,KIN     ,140,BURNABY   ,18,18,<null>,TUT
1091,KIN     ,140,SURREY    ,18,18,<null>,TUT
1084,MACM    ,316,BURNABY   ,32,30,<null>,TUT
1171,MATH    ,152,BURNABY   ,200,0,<null>,OPL
1151,MATH    ,252,BURNABY   ,36,28,<null>,TUT
1131,ENSC    ,462,SURREY    ,20,16,Gary Wang                                                                                                                                                                                                                                                 ,TUT
1087,CMNS    ,458,BURNABY   ,10,0,. Faculty                                                                                                                                                                                                                                                 ,SEC
1134,CMPT    ,150,BURNABY   ,104,99,Bobby Chan                                                                                                                                                                                                                                                ,LEC
1134,CMPT    ,150,BURNABY   ,26,26,Bobby Chan                                                                                                                                                                                                                                                ,LAB
1087,CMNS    ,447,HRBRCNTR  ,20,13,Robert Anderson                                                                                                                                                                                                                                           ,SEM
1087,CMNS    ,857,HRBRCNTR  ,15,8,Andrew Feenberg                                                                                                                                                                                                                                           ,SEM
1087,CMNS    ,495,BURNABY   ,25,9,Marcia Shimizu                                                                                                                                                                                                                                            ,PRA
1151,ENSC    ,895,BURNABY   ,15,12,Fabio Campi                                                                                                                                                                                                                                               ,TUT
1171,ENSC    ,894,BURNABY   ,21,8,Daniel Lee                                                                                                                                                                                                                                                ,LEC
1177,ENSC    ,894,BURNABY   ,4,5,Glenn Chapman                                                                                                                                                                                                                                             ,LAB
1111,ENSC    ,895,BURNABY   ,20,17,Mirza Beg                                                                                                                                                                                                                                                 ,LEC
1081,IAT     ,431,SURREY    ,24,0,<null>,STL
1164,MSE     ,353,SURREY    ,32,26,Jiacheng Wang                                                                                                                                                                                                                                             ,LAB
1164,CMPT    ,127,BURNABY   ,32,30,Anne Lavergne                                                                                                                                                                                                                                             ,LAB
1157,ENSC    ,251,BURNABY   ,250,254,Lesley Shannon                                                                                                                                                                                                                                            ,LEC
1107,CMPT    ,102,BURNABY   ,35,26,Binay Bhattacharya                                                                                                                                                                                                                                        ,LEC
1174,CMPT    ,165,BURNABY   ,200,153,Toby Donaldson                                                                                                                                                                                                                                            ,LEC
1131,CMPT    ,426,METRO     ,30,3,Harriet Chicoine                                                                                                                                                                                                                                          ,SEC
1137,CMPT    ,405,BURNABY   ,50,11,Ramesh Krishnamurti                                                                                                                                                                                                                                       ,LEC
1101,CMPT    ,371,BURNABY   ,70,69,Ayse Ergun                                                                                                                                                                                                                                                ,LEC
1101,CMPT    ,371,SURREY    ,24,13,Louis Hafer                                                                                                                                                                                                                                               ,LEC
1084,CMPT    ,419,BURNABY   ,35,28,Gregory Mori                                                                                                                                                                                                                                              ,LEC
1141,CMPT    ,428,METRO     ,25,19,Harriet Chicoine                                                                                                                                                                                                                                          ,SEC
1167,CMPT    ,428,OFF       ,5,0,Harriet Chicoine                                                                                                                                                                                                                                          ,SEC
1097,CMPT    ,454,HRBRCNTR  ,45,40,Martin Ester                                                                                                                                                                                                                                              ,LEC
1111,MATH    ,198,HRBRCNTR  ,40,28,Veselin Jungic                                                                                                                                                                                                                                            ,LEC
1107,ENSC    ,100W      ,BURNABY   ,7,6,Michael Sjoerdsma                                                                                                                                                                                                                                         ,TUT
1087,ENSC    ,100W      ,BURNABY   ,162,161,John Jones                                                                                                                                                                                                                                                ,LEC
1097,ENSC    ,100W      ,BURNABY   ,191,200,John Jones                                                                                                                                                                                                                                                ,LEC
1137,CMPT    ,126,HRBRCNTR  ,26,21,Ruiwen Chen                                                                                                                                                                                                                                               ,LAB
1101,CMPT    ,126,BURNABY   ,26,24,Louis Hafer                                                                                                                                                                                                                                               ,LEC
1117,CMPT    ,128,SURREY    ,13,13,John Edgar                                                                                                                                                                                                                                                ,LAB
1121,MATH    ,398,BURNABY   ,60,16,Razvan Fetecau                                                                                                                                                                                                                                            ,SEM
1141,MATH    ,303,BURNABY   ,32,33,<null>,TUT
1094,KIN     ,804,BURNABY   ,15,1,. Faculty                                                                                                                                                                                                                                                 ,SEC
1094,CMNS    ,223W      ,BURNABY   ,16,15,<null>,TUT
1091,IAT     ,222,SURREY    ,24,24,<null>,TUT
1091,CMNS    ,130W      ,BURNABY   ,16,16,<null>,TUT
1101,CMPT    ,310,BURNABY   ,60,59,Hassan Khosravi                                                                                                                                                                                                                                           ,LEC
1101,CMPT    ,414,BURNABY   ,35,13,Ze-Nian Li                                                                                                                                                                                                                                                ,LEC
1121,CMPT    ,413,BURNABY   ,46,43,Anoop Sarkar                                                                                                                                                                                                                                              ,LEC
1137,CMPT    ,365,BURNABY   ,80,72,Mark Drew                                                                                                                                                                                                                                                 ,LEC
1101,CMPT    ,363,BURNABY   ,65,61,Paul Hibbitts                                                                                                                                                                                                                                             ,LEC
1087,CMPT    ,428,OFF       ,30,2,Harriet Chicoine                                                                                                                                                                                                                                          ,SEC
1114,CMPT    ,428,OFF       ,5,2,Harriet Chicoine                                                                                                                                                                                                                                          ,SEC
1117,CMPT    ,426,SURREY    ,10,8,Frances McLafferty                                                                                                                                                                                                                                        ,SEC
1084,CMPT    ,894,BURNABY   ,50,7,"Alexandra Fedorova, Jian Pei, Jiangchuan Liu, M. Atkins                                                                                                                                                                                                   ",SEC
1121,CMPT    ,894,BURNABY   ,0,9,. Faculty                                                                                                                                                                                                                                                 ,SEC
1181,MSE     ,881,SURREY    ,15,6,Mehrdad Moallem                                                                                                                                                                                                                                           ,LEC
1134,MSE     ,899,SURREY    ,50,50,. TBD                                                                                                                                                                                                                                                     ,SEC
1171,MSE     ,721,SURREY    ,15,3,Siamak Arzanpour                                                                                                                                                                                                                                          ,LEC
1181,MSE     ,782,SURREY    ,3,4,Mehrdad Moallem                                                                                                                                                                                                                                           ,LAB
1164,MSE     ,711,SURREY    ,1,0,Mohammad Amin Rasouli                                                                                                                                                                                                                                     ,LAB
1164,MSE     ,711,SURREY    ,1,0,Mohammad Amin Rasouli                                                                                                                                                                                                                                     ,LAB
1177,MSE     ,801,SURREY    ,57,30,Vivian Neal                                                                                                                                                                                                                                               ,LEC
1147,ENSC    ,120,BURNABY   ,30,32,Meenakshinathan Parameswaran                                                                                                                                                                                                                              ,LAB
1167,MSE     ,250,SURREY    ,36,33,Ahmad Rad                                                                                                                                                                                                                                                 ,LAB
1147,MSE     ,100,SURREY    ,40,38,Krishna Vijayaraghavan                                                                                                                                                                                                                                    ,LAB
1124,ENSC    ,332,SURREY    ,90,0,<null>,LEC
1097,CMPT    ,428,BURNABY   ,30,13,Frances McLafferty                                                                                                                                                                                                                                        ,SEC
1114,CMPT    ,428,BURNABY   ,20,16,Harriet Chicoine                                                                                                                                                                                                                                          ,SEC
1174,CMPT    ,894,BURNABY   ,1,1,Parmit Chilana                                                                                                                                                                                                                                            ,SEC
1151,CMPT    ,898,BURNABY   ,130,70,. Faculty                                                                                                                                                                                                                                                 ,SEC
1167,CMPT    ,898,BURNABY   ,100,70,. Faculty                                                                                                                                                                                                                                                 ,SEC
1171,ENSC    ,894,BURNABY   ,15,13,Ljiljana Trajkovic                                                                                                                                                                                                                                        ,LEC
1091,ENSC    ,894,BURNABY   ,10,2,Glenn Chapman                                                                                                                                                                                                                                             ,LEC
1157,ENSC    ,894,BURNABY   ,10,7,Shahram Payandeh                                                                                                                                                                                                                                          ,LEC
1181,ENSC    ,894,BURNABY   ,3,1,Lesley Shannon                                                                                                                                                                                                                                            ,LEC
1177,ENSC    ,316,BURNABY   ,125,118,Lakshman One                                                                                                                                                                                                                                              ,LEC
1094,IAT     ,100,SURREY    ,24,23,Susan Clements-Vivian                                                                                                                                                                                                                                     ,STL
1177,MSE     ,493,METRO     ,35,44,Stephanie DeRapp                                                                                                                                                                                                                                          ,SEC
1154,MSE     ,491,SURREY    ,28,27,Flavio Firmani                                                                                                                                                                                                                                            ,LAB
1164,MSE     ,311,SURREY    ,23,21,Mohammad Amin Rasouli                                                                                                                                                                                                                                     ,LAB
1137,MSE     ,391,SURREY    ,90,78,Amr Marzouk                                                                                                                                                                                                                                               ,TUT
1164,MSE     ,311,SURREY    ,23,15,Mohammad Amin Rasouli                                                                                                                                                                                                                                     ,LAB
1144,MSE     ,312,SURREY    ,124,90,"Farid Golnaraghi, Krishna Vijayaraghavan, Mehrdad Moallem, Siamak Arzanpour                                                                                                                                                                               ",LEC
1151,MSE     ,223,SURREY    ,44,31,Erik Kjeang                                                                                                                                                                                                                                               ,LAB
1164,MSE     ,312,SURREY    ,34,34,"Amr Marzouk, Krishna Vijayaraghavan, Mehrdad Moallem                                                                                                                                                                                                      ",LAB
1174,MSE     ,312,SURREY    ,40,40,"Krishna Vijayaraghavan, Mehrdad Moallem, Mohammad Narimani, Siamak Arzanpour                                                                                                                                                                              ",LAB
1174,MSE     ,922,SURREY    ,0,0,Farid Golnaraghi                                                                                                                                                                                                                                          ,OPL
1171,CMPT    ,295,SURREY    ,24,24,Harinder Khangura                                                                                                                                                                                                                                         ,LAB
1161,CMPT    ,295,BURNABY   ,25,22,Anthony Dixon                                                                                                                                                                                                                                             ,LAB
1164,ENSC    ,251,BURNABY   ,144,113,William Scratchley                                                                                                                                                                                                                                        ,TUT
1154,ENSC    ,254,BURNABY   ,40,12,Fabio Campi                                                                                                                                                                                                                                               ,LAB
1164,MSE     ,425,SURREY    ,12,3,Woo Soo Kim                                                                                                                                                                                                                                               ,LAB
1154,MSE     ,393,SURREY    ,20,20,Stephanie DeRapp                                                                                                                                                                                                                                          ,SEC
1164,MSE     ,293,SURREY    ,30,22,Stephanie DeRapp                                                                                                                                                                                                                                          ,SEC
1181,MSE     ,394,METRO     ,10,6,Stephanie DeRapp                                                                                                                                                                                                                                          ,SEC
1141,MSE     ,294,SURREY    ,10,8,Harriet Chicoine                                                                                                                                                                                                                                          ,SEC
1157,MSE     ,100,SURREY    ,40,0,Krishna Vijayaraghavan                                                                                                                                                                                                                                    ,OPL
1151,CMPT    ,130,SURREY    ,12,11,John Edgar                                                                                                                                                                                                                                                ,LAB
1131,CMPT    ,781,BURNABY   ,20,0,Renee McCallum                                                                                                                                                                                                                                            ,LEC
1124,ENSC    ,442W      ,SURREY    ,50,38,Farid Golnaraghi                                                                                                                                                                                                                                          ,SEM
1151,CMPT    ,166,SURREY    ,66,63,Toby Donaldson                                                                                                                                                                                                                                            ,LEC
1137,CMPT    ,166,SURREY    ,26,26,John Edgar                                                                                                                                                                                                                                                ,LAB
1127,CMPT    ,628,OFF       ,2,0,"Cristina Eftenaru, Harriet Chicoine                                                                                                                                                                                                                       ",PRA
1137,CMPT    ,166,SURREY    ,26,26,John Edgar                                                                                                                                                                                                                                                ,LAB
1117,ENSC    ,388,SURREY    ,90,79,Majid Bahrami                                                                                                                                                                                                                                             ,TUT
1094,CMPT    ,431,BURNABY   ,40,38,Alexandra Fedorova                                                                                                                                                                                                                                        ,LEC
1164,MSE     ,893,SURREY    ,10,6,Woo Soo Kim                                                                                                                                                                                                                                               ,LEC
1144,MSE     ,898,SURREY    ,50,28,. TBD                                                                                                                                                                                                                                                     ,SEC
1154,MSE     ,898,SURREY    ,50,31,. TBD                                                                                                                                                                                                                                                     ,SEC
1157,MSE     ,310,SURREY    ,97,94,Edward Park                                                                                                                                                                                                                                               ,LEC
1167,MSE     ,310,SURREY    ,45,44,Shaghayegh Zihajehzadeh                                                                                                                                                                                                                                   ,LAB
1164,MSE     ,110,SURREY    ,0,0,Amr Marzouk                                                                                                                                                                                                                                               ,LAB
1161,MSE     ,251,SURREY    ,130,111,Mehrdad Moallem                                                                                                                                                                                                                                           ,LEC
1181,MSE     ,251,SURREY    ,96,94,Behraad Bahreyni                                                                                                                                                                                                                                          ,LEC
1141,MSE     ,251,SURREY    ,44,43,Behraad Bahreyni                                                                                                                                                                                                                                          ,LAB
1141,MSE     ,110,SURREY    ,30,29,Amr Marzouk                                                                                                                                                                                                                                               ,TUT
1141,MSE     ,421,SURREY    ,50,34,Siamak Arzanpour                                                                                                                                                                                                                                          ,LEC
1161,MSE     ,210,SURREY    ,44,26,Flavio Firmani                                                                                                                                                                                                                                            ,LAB
1167,MSE     ,221,SURREY    ,31,31,Gary Wang                                                                                                                                                                                                                                                 ,LAB
1161,MSE     ,110,SURREY    ,30,13,Amr Marzouk                                                                                                                                                                                                                                               ,LAB
1174,MSE     ,110,SURREY    ,0,0,Amr Marzouk                                                                                                                                                                                                                                               ,LAB
1141,MSE     ,251,SURREY    ,43,41,Behraad Bahreyni                                                                                                                                                                                                                                          ,LAB
1164,MSE     ,110,SURREY    ,34,34,Amr Marzouk                                                                                                                                                                                                                                               ,LAB
1164,CMPT    ,626,OFF       ,15,5,Harriet Chicoine                                                                                                                                                                                                                                          ,PRA
1164,CMPT    ,626,METRO     ,30,29,Harriet Chicoine                                                                                                                                                                                                                                          ,PRA
1124,CMPT    ,627,BURNABY   ,30,0,Cristina Eftenaru                                                                                                                                                                                                                                         ,PRA
1157,MSE     ,394,OFF       ,10,2,"Harriet Chicoine, Stephanie DeRapp                                                                                                                                                                                                                        ",SEC
1151,MSE     ,493,OFF       ,10,4,Stephanie DeRapp                                                                                                                                                                                                                                          ,SEC
1127,ENSC    ,470,BURNABY   ,17,17,Glenn Chapman                                                                                                                                                                                                                                             ,LAB
1127,ENSC    ,470,BURNABY   ,17,17,Glenn Chapman                                                                                                                                                                                                                                             ,LAB
1137,ENSC    ,470,BURNABY   ,17,18,Glenn Chapman                                                                                                                                                                                                                                             ,LAB
1181,ENSC    ,452,BURNABY   ,34,31,Lesley Shannon                                                                                                                                                                                                                                            ,LEC
1114,ENSC    ,303,BURNABY   ,6,1,John Jones                                                                                                                                                                                                                                                ,SEM
1101,ENSC    ,893,SURREY    ,15,7,Mehrdad Moallem                                                                                                                                                                                                                                           ,LEC
1177,CMPT    ,726,BURNABY   ,108,97,Oliver Schulte                                                                                                                                                                                                                                            ,LEC
1117,ENSC    ,329,SURREY    ,90,71,Martin Ordonez                                                                                                                                                                                                                                            ,LEC
1121,CMPT    ,431,BURNABY   ,40,33,Richard Vaughan                                                                                                                                                                                                                                           ,LEC
1094,IAT     ,309W      ,SURREY    ,50,51,"Joel Flynn, Michael Filimowicz                                                                                                                                                                                                                            ",LEC
1114,CMPT    ,496,BURNABY   ,1,1,Gregory Baker                                                                                                                                                                                                                                             ,SEM
1114,ENSC    ,484,SURREY    ,50,36,". Faculty, Ahmad Rad                                                                                                                                                                                                                                      ",LEC
1107,ENSC    ,231,SURREY    ,75,69,Woo Soo Kim                                                                                                                                                                                                                                               ,LEC
1127,ENSC    ,231,SURREY    ,32,32,". TBD, Woo Soo Kim                                                                                                                                                                                                                                        ",LAB
1087,ENSC    ,281,SURREY    ,75,76,Gary Wang                                                                                                                                                                                                                                                 ,LEC
1097,ENSC    ,281,SURREY    ,72,71,Gary Wang                                                                                                                                                                                                                                                 ,LEC
1087,IAT     ,403,SURREY    ,60,19,". TBD, Kenneth Zupan, Thecla Schiphorst, Yingchen Yang                                                                                                                                                                                                    ",LEC
1081,IAT     ,102,SURREY    ,24,24,. TBD                                                                                                                                                                                                                                                     ,TUT
1147,MSE     ,320,SURREY    ,60,56,Krishna Vijayaraghavan                                                                                                                                                                                                                                    ,LAB
1157,MSE     ,320,SURREY    ,43,41,Gary Wang                                                                                                                                                                                                                                                 ,LAB
1137,CMPT    ,130,SURREY    ,26,25,Brian Fraser                                                                                                                                                                                                                                              ,LAB
1157,MSE     ,320,SURREY    ,43,43,Gary Wang                                                                                                                                                                                                                                                 ,LAB
1177,MSE     ,320,SURREY    ,120,94,"Kambiz Haji Hajikolaei, Krishna Vijayaraghavan                                                                                                                                                                                                            ",LEC
1167,MSE     ,294,SURREY    ,10,5,Stephanie DeRapp                                                                                                                                                                                                                                          ,SEC
1137,MSE     ,321,SURREY    ,36,35,Peyman Taheri Bonab                                                                                                                                                                                                                                       ,LAB
1167,MSE     ,294,OFF       ,10,0,Stephanie DeRapp                                                                                                                                                                                                                                          ,SEC
1141,CMPT    ,130,SURREY    ,60,54,John Edgar                                                                                                                                                                                                                                                ,LEC
1151,CMPT    ,130,SURREY    ,50,46,John Edgar                                                                                                                                                                                                                                                ,LEC
1154,CMPT    ,628,METRO     ,30,5,Harriet Chicoine                                                                                                                                                                                                                                          ,PRA
1167,CMPT    ,166,SURREY    ,26,26,Toby Donaldson                                                                                                                                                                                                                                            ,LAB
1117,ENSC    ,104,SURREY    ,105,104,Krishna Vijayaraghavan                                                                                                                                                                                                                                    ,TUT
1124,ENSC    ,104,SURREY    ,4,5,Krishna Vijayaraghavan                                                                                                                                                                                                                                    ,SEC
1117,CMPT    ,105W      ,SURREY    ,35,30,Harinder Khangura                                                                                                                                                                                                                                         ,LEC
1131,ENSC    ,106,SURREY    ,100,85,Kevin Oldknow                                                                                                                                                                                                                                             ,TUT
1107,MATH    ,304,BURNABY   ,64,55,Matthew DeVos                                                                                                                                                                                                                                             ,LEC
1147,CMPT    ,373,SURREY    ,16,16,Thomas Shermer                                                                                                                                                                                                                                            ,TUT
1147,CMPT    ,473,SURREY    ,30,30,William Sumner                                                                                                                                                                                                                                            ,LEC
1161,CMPT    ,473,SURREY    ,60,59,William Sumner                                                                                                                                                                                                                                            ,LEC
1144,DDP     ,210,OFF       ,30,5,Ze-Nian Li                                                                                                                                                                                                                                                ,SEC
1127,ENSC    ,329,SURREY    ,25,0,. TBD                                                                                                                                                                                                                                                     ,LAB
1091,IAT     ,337,SURREY    ,96,94,Halil Erhan                                                                                                                                                                                                                                               ,LEC
1101,CMPT    ,464,BURNABY   ,10,4,Hao Zhang                                                                                                                                                                                                                                                 ,LEC
1087,IAT     ,343,SURREY    ,24,23,Kyungjae Lee                                                                                                                                                                                                                                              ,LAB
1144,MATH    ,448,BURNABY   ,1,1,Tamon Stephen                                                                                                                                                                                                                                             ,SEC
1081,IAT     ,320,SURREY    ,48,48,Thecla Schiphorst                                                                                                                                                                                                                                         ,INS
1114,ENSC    ,224,BURNABY   ,80,76,". Faculty, Bonnie Gray                                                                                                                                                                                                                                    ",LEC
1087,IAT     ,313,SURREY    ,48,48,Jim Bizzocchi                                                                                                                                                                                                                                             ,LEC
1124,ENSC    ,461,SURREY    ,16,20,Martin Ordonez                                                                                                                                                                                                                                            ,LAB
1091,IAT     ,351,SURREY    ,24,24,Linda Bartram                                                                                                                                                                                                                                             ,LEC
1107,ENSC    ,215,BURNABY   ,22,0,<null>,LAB
1114,MATH    ,338,BURNABY   ,32,13,Imin Chen                                                                                                                                                                                                                                                 ,LEC
1144,ENSC    ,803,BURNABY   ,30,19,Stephen Whitmore                                                                                                                                                                                                                                          ,LEC
1091,IAT     ,337,SURREY    ,24,26,Halil Erhan                                                                                                                                                                                                                                               ,LAB
1081,IAT     ,202,SURREY    ,24,23,Susan Clements-Vivian                                                                                                                                                                                                                                     ,STL
1094,CMNS    ,461,BURNABY   ,5,1,. Faculty                                                                                                                                                                                                                                                 ,SEC
1091,CMNS    ,479,OFF       ,15,0,. Faculty                                                                                                                                                                                                                                                 ,SEC
1111,CMPT    ,498,BURNABY   ,1,1,Ayse Ergun                                                                                                                                                                                                                                                ,SEC
1087,IAT     ,487,SURREY    ,1,1,Diane Gromala                                                                                                                                                                                                                                             ,LEC
1091,IAT     ,491,SURREY    ,2,2,Russell Taylor                                                                                                                                                                                                                                            ,LAB
1091,ENSC    ,372,BURNABY   ,20,5,Meenakshinathan Parameswaran                                                                                                                                                                                                                              ,LEC
1144,CMPT    ,628,OFF       ,5,1,Harriet Chicoine                                                                                                                                                                                                                                          ,PRA
1154,CMPT    ,628,METRO     ,15,0,Harriet Chicoine                                                                                                                                                                                                                                          ,PRA
1121,CMPT    ,781,BURNABY   ,16,16,Arthur Kirkpatrick                                                                                                                                                                                                                                        ,LEC
1164,CMPT    ,135,SURREY    ,24,6,Toby Donaldson                                                                                                                                                                                                                                            ,LAB
1081,IAT     ,404,SURREY    ,31,33,"Helmine Serban, Yingchen Yang                                                                                                                                                                                                                             ",WKS
1081,IAT     ,488,SURREY    ,2,2,"Russell Taylor, Thecla Schiphorst                                                                                                                                                                                                                         ",SEC
1084,IAT     ,267,SURREY    ,48,46,Helmine Serban                                                                                                                                                                                                                                            ,LEC
1081,IAT     ,102,SURREY    ,24,24,. TBD                                                                                                                                                                                                                                                     ,TUT
1091,IAT     ,233,SURREY    ,35,35,Russell Taylor                                                                                                                                                                                                                                            ,STL
1091,IAT     ,235,SURREY    ,24,22,. TBD                                                                                                                                                                                                                                                     ,STL
1087,ENSC    ,859,BURNABY   ,30,15,Bonnie Gray                                                                                                                                                                                                                                               ,LEC
1117,CMPT    ,128,BURNABY   ,26,26,Anne Lavergne                                                                                                                                                                                                                                             ,LAB
1121,CMPT    ,128,SURREY    ,8,8,John Edgar                                                                                                                                                                                                                                                ,LAB
1107,CMPT    ,128,BURNABY   ,26,20,Janice Regan                                                                                                                                                                                                                                              ,LAB
1107,CMPT    ,128,BURNABY   ,26,26,Janice Regan                                                                                                                                                                                                                                              ,LAB
1137,CMPT    ,125,BURNABY   ,26,27,Scott Kristjanson                                                                                                                                                                                                                                         ,LAB
1147,ENSC    ,351,BURNABY   ,153,134,Fabio Campi                                                                                                                                                                                                                                               ,TUT
1137,CMPT    ,126,BURNABY   ,78,67,Scott Kristjanson                                                                                                                                                                                                                                         ,LEC
1181,ENSC    ,383,BURNABY   ,130,109,Parvaneh Saeedi                                                                                                                                                                                                                                           ,TUT
1141,CMPT    ,880,SURREY    ,10,5,William Sumner                                                                                                                                                                                                                                            ,LEC
1114,ENSC    ,296,OFF       ,10,2,Farid Golnaraghi                                                                                                                                                                                                                                          ,SEC
1091,IAT     ,206,SURREY    ,138,100,Niranjan Rajah                                                                                                                                                                                                                                            ,LEC
1131,ENSC    ,150,BURNABY   ,200,199,Atousa Hajshirmohammadi                                                                                                                                                                                                                                   ,LEC
1097,ENSC    ,195,BURNABY   ,50,19,Farid Golnaraghi                                                                                                                                                                                                                                          ,SEC
1167,ENSC    ,195,BURNABY   ,35,45,Harriet Chicoine                                                                                                                                                                                                                                          ,SEC
1181,ENSC    ,195,OFF       ,20,25,Harriet Chicoine                                                                                                                                                                                                                                          ,SEC
1141,CMPT    ,125,BURNABY   ,128,133,Bradley Bart                                                                                                                                                                                                                                              ,LEC
1117,CMPT    ,128,BURNABY   ,26,25,Anne Lavergne                                                                                                                                                                                                                                             ,LAB
1117,CMPT    ,128,SURREY    ,14,14,John Edgar                                                                                                                                                                                                                                                ,LAB
1107,CMPT    ,128,SURREY    ,25,23,Toby Donaldson                                                                                                                                                                                                                                            ,LAB
1151,ENSC    ,474,BURNABY   ,35,32,Mirza Beg                                                                                                                                                                                                                                                 ,RQL
1151,CMPT    ,126,BURNABY   ,20,10,Diana Cukierman                                                                                                                                                                                                                                           ,LAB
1097,CMPT    ,126,BURNABY   ,26,10,Michael Evans                                                                                                                                                                                                                                             ,LAB
1097,MATH    ,345,BURNABY   ,64,16,Luis Goddyn                                                                                                                                                                                                                                               ,LEC
1157,ENSC    ,380,BURNABY   ,120,64,Paul Ho                                                                                                                                                                                                                                                   ,LEC
1151,ENSC    ,450,BURNABY   ,45,0,Fabio Campi                                                                                                                                                                                                                                               ,RQL
1101,CMPT    ,882,BURNABY   ,25,23,Oliver Schulte                                                                                                                                                                                                                                            ,LEC
1127,ENSC    ,895,SURREY    ,20,19,Gary Wang                                                                                                                                                                                                                                                 ,LEC
1111,ENSC    ,895,SURREY    ,10,14,Gary Wang                                                                                                                                                                                                                                                 ,LEC
1151,CHIN    ,280,BURNABY   ,10,0,<null>,TUT
1137,CMPT    ,128,BURNABY   ,25,0,<null>,LAB
1161,ENSC    ,350,BURNABY   ,90,71,Fabio Campi                                                                                                                                                                                                                                               ,LEC
1091,IAT     ,235,SURREY    ,24,24,. TBD                                                                                                                                                                                                                                                     ,STL
1151,CMPT    ,126,BURNABY   ,15,10,Diana Cukierman                                                                                                                                                                                                                                           ,LAB
1161,ENSC    ,483,BURNABY   ,75,83,Mehran Shirazi                                                                                                                                                                                                                                            ,RQL
1121,MATH    ,495,BURNABY   ,27,0,Ralf Wittenberg                                                                                                                                                                                                                                           ,LEC
1097,MATH    ,800,BURNABY   ,15,5,Jonathan Jedwab                                                                                                                                                                                                                                           ,LEC
1131,ENSC    ,895,SURREY    ,10,0,Behraad Bahreyni                                                                                                                                                                                                                                          ,LEC
1151,ENSC    ,406,BURNABY   ,18,19,Michael Sjoerdsma                                                                                                                                                                                                                                         ,TUT
1127,ENSC    ,488,BURNABY   ,60,45,. Faculty                                                                                                                                                                                                                                                 ,RQL
1177,ENSC    ,396,METRO     ,25,5,Harriet Chicoine                                                                                                                                                                                                                                          ,SEC
1124,ENSC    ,892,BURNABY   ,10,5,. TBD                                                                                                                                                                                                                                                     ,SEC
1097,CMPT    ,118,SURREY    ,18,0,<null>,LAB
1151,ENSC    ,320,BURNABY   ,100,130,Rodney Vaughan                                                                                                                                                                                                                                            ,LEC
1144,MATH    ,240,BURNABY   ,0,0,<null>,OPL
1091,CMNS    ,353,HRBRCNTR  ,45,40,Peter Chow-White                                                                                                                                                                                                                                          ,LEC
1087,CMNS    ,495,OFF       ,25,1,Marcia Shimizu                                                                                                                                                                                                                                            ,PRA
1124,CMPT    ,150,BURNABY   ,26,26,Bobby Chan                                                                                                                                                                                                                                                ,LAB
1114,CMPT    ,428,OFF       ,5,0,Frances McLafferty                                                                                                                                                                                                                                        ,SEC
1101,CMPT    ,405,BURNABY   ,20,15,Petra Berenbrink                                                                                                                                                                                                                                          ,LEC
1181,CMPT    ,470,HRBRCNTR  ,85,58,Ying Tang                                                                                                                                                                                                                                                 ,LEC
1107,CMPT    ,894,BURNABY   ,10,7,. Faculty                                                                                                                                                                                                                                                 ,SEC
1174,CMPT    ,894,BURNABY   ,1,2,Jiangchuan Liu                                                                                                                                                                                                                                            ,SEC
1177,CMPT    ,898,BURNABY   ,120,84,. Faculty                                                                                                                                                                                                                                                 ,SEC
1107,CMPT    ,128,BURNABY   ,26,25,Janice Regan                                                                                                                                                                                                                                              ,LAB
1091,KIN     ,143,BURNABY   ,120,120,Anthony Leyland                                                                                                                                                                                                                                           ,LEC
1084,KIN     ,142,BURNABY   ,55,51,". Sessional, Robert Asmundson                                                                                                                                                                                                                             ",SEC
1087,KIN     ,142,SURREY    ,57,57,Michael Walsh                                                                                                                                                                                                                                             ,LEC
1151,MACM    ,101,BURNABY   ,24,24,Binay Bhattacharya                                                                                                                                                                                                                                        ,TUT
1101,MACM    ,101,SURREY    ,24,22,Thomas Shermer                                                                                                                                                                                                                                            ,TUT
1111,MACM    ,101,BURNABY   ,25,25,Evgenia Ternovska                                                                                                                                                                                                                                         ,LAB
1167,MACM    ,101,SURREY    ,96,93,Kay Wiese                                                                                                                                                                                                                                                 ,LEC
1111,MACM    ,101,SURREY    ,25,25,Thomas Shermer                                                                                                                                                                                                                                            ,LAB
1084,CMNS    ,342,HRBRCNTR  ,30,19,Patricia Howard                                                                                                                                                                                                                                           ,LEC
1141,MACM    ,101,BURNABY   ,24,23,Binay Bhattacharya                                                                                                                                                                                                                                        ,TUT
1107,ENSC    ,327,BURNABY   ,78,76,Jie Liang                                                                                                                                                                                                                                                 ,TUT
1181,ENSC    ,350,BURNABY   ,133,110,". TBD, Ameer Abdelhadi                                                                                                                                                                                                                                    ",LEC
1097,ENSC    ,325,BURNABY   ,53,50,Marek Syrzycki                                                                                                                                                                                                                                            ,LEC
1117,ENSC    ,481,BURNABY   ,26,26,Andrew Rawicz                                                                                                                                                                                                                                             ,TUT
1151,ENSC    ,406,BURNABY   ,144,135,Michael Sjoerdsma                                                                                                                                                                                                                                         ,LEC
1151,ENSC    ,406,BURNABY   ,18,17,Michael Sjoerdsma                                                                                                                                                                                                                                         ,TUT
1151,ENSC    ,406,BURNABY   ,18,19,Michael Sjoerdsma                                                                                                                                                                                                                                         ,TUT
1174,ENSC    ,406,BURNABY   ,19,19,Balbir Gill                                                                                                                                                                                                                                               ,TUT
1157,ENSC    ,488,BURNABY   ,50,48,Shahram Payandeh                                                                                                                                                                                                                                          ,LEC
1124,ENSC    ,402,BURNABY   ,5,0,. Faculty                                                                                                                                                                                                                                                 ,SEC
1091,CMNS    ,396,OFF       ,25,2,Marcia Shimizu                                                                                                                                                                                                                                            ,PRA
1084,CMNS    ,448,BURNABY   ,10,0,. Faculty                                                                                                                                                                                                                                                 ,SEC
1107,ENSC    ,897,BURNABY   ,45,0,. Faculty                                                                                                                                                                                                                                                 ,SEC
1084,CMNS    ,892,BURNABY   ,10,0,Marcia Shimizu                                                                                                                                                                                                                                            ,SEC
1107,CMPT    ,150,BURNABY   ,18,14,Bradley Bart                                                                                                                                                                                                                                              ,LAB
1091,KIN     ,352,OFF       ,15,1,<null>,PRA
1141,CMPT    ,428,OFF       ,5,0,Harriet Chicoine                                                                                                                                                                                                                                          ,SEC
1177,CMPT    ,428,OFF       ,24,0,Harriet Chicoine                                                                                                                                                                                                                                          ,SEC
1154,CMPT    ,405,BURNABY   ,55,37,Petra Berenbrink                                                                                                                                                                                                                                          ,LEC
1097,CMPT    ,428,OFF       ,10,2,Frances McLafferty                                                                                                                                                                                                                                        ,SEC
1104,CMPT    ,428,SURREY    ,30,2,Frances McLafferty                                                                                                                                                                                                                                        ,SEC
1167,CMPT    ,898,OFF       ,5,0,. Faculty                                                                                                                                                                                                                                                 ,SEC
1141,ENSC    ,195,BURNABY   ,30,29,Harriet Chicoine                                                                                                                                                                                                                                          ,SEC
1174,ENSC    ,429,BURNABY   ,60,40,Daniel Lee                                                                                                                                                                                                                                                ,TUT
1111,ENSC    ,320,BURNABY   ,50,46,John Bird                                                                                                                                                                                                                                                 ,TUT
1141,ENSC    ,296,OFF       ,10,0,Harriet Chicoine                                                                                                                                                                                                                                          ,SEC
1151,ENSC    ,296,OFF       ,10,0,Harriet Chicoine                                                                                                                                                                                                                                          ,SEC
1174,ENSC    ,263,BURNABY   ,6,3,William Scratchley                                                                                                                                                                                                                                        ,TUT
1134,ENSC    ,220,BURNABY   ,117,117,Meenakshinathan Parameswaran                                                                                                                                                                                                                              ,LEC
1144,ENSC    ,220,BURNABY   ,33,31,Balbir Gill                                                                                                                                                                                                                                               ,LAB
1147,ENSC    ,383,BURNABY   ,50,43,Carlo Menon                                                                                                                                                                                                                                               ,TUT
1081,CMNS    ,428,BURNABY   ,25,23,Stuart Poyntz                                                                                                                                                                                                                                             ,SEM
1111,MACM    ,101,BURNABY   ,25,25,Evgenia Ternovska                                                                                                                                                                                                                                         ,LAB
1091,CMNS    ,425,HRBRCNTR  ,38,41,Michael Markwick                                                                                                                                                                                                                                          ,SEM
1091,CMNS    ,481,OFF       ,15,0,. Faculty                                                                                                                                                                                                                                                 ,SEC
1094,CMNS    ,489,OFF       ,5,0,. Faculty                                                                                                                                                                                                                                                 ,SEC
1094,CMNS    ,489,BURNABY   ,5,1,. Faculty                                                                                                                                                                                                                                                 ,SEC
1084,CMNS    ,856,BURNABY   ,20,3,Stephen Kline                                                                                                                                                                                                                                             ,SEM
1091,KIN     ,461,BURNABY   ,45,41,. Sessional                                                                                                                                                                                                                                               ,SEC
1081,MATH    ,152,SURREY    ,100,74,Abraham Punnen                                                                                                                                                                                                                                            ,LEC
1164,CMPT    ,426,OFF       ,15,0,Harriet Chicoine                                                                                                                                                                                                                                          ,SEC
1117,ENSC    ,488,BURNABY   ,60,60,Kamal Gupta                                                                                                                                                                                                                                               ,TUT
1151,ENSC    ,396,OFF       ,10,0,Harriet Chicoine                                                                                                                                                                                                                                          ,SEC
1161,ENSC    ,427,BURNABY   ,48,5,Ljiljana Trajkovic                                                                                                                                                                                                                                        ,RQL
1114,ENSC    ,396,OFF       ,10,1,Farid Golnaraghi                                                                                                                                                                                                                                          ,SEC
1117,ENSC    ,897,BURNABY   ,5,3,. Faculty                                                                                                                                                                                                                                                 ,SEC
1127,ENSC    ,899,BURNABY   ,100,63,. Faculty                                                                                                                                                                                                                                                 ,SEC
1091,ENSC    ,801,BURNABY   ,35,10,Carlo Menon                                                                                                                                                                                                                                               ,LEC
1147,MSE     ,894,BURNABY   ,25,0,<null>,LEC
1091,ENSC    ,476,BURNABY   ,20,0,<null>,LEC
1121,ENSC    ,400,BURNABY   ,5,0,<null>,SEC
1117,ENSC    ,100,BURNABY   ,3,0,<null>,TUT
1081,ENSC    ,428,BURNABY   ,50,0,<null>,OPL
1081,KIN     ,110,BURNABY   ,100,94,Penelope Deck                                                                                                                                                                                                                                             ,SEC
1091,KIN     ,110,BURNABY   ,120,117,". Sessional, Penelope Deck                                                                                                                                                                                                                                ",SEC
1151,CMPT    ,428,SURREY    ,8,5,Harriet Chicoine                                                                                                                                                                                                                                          ,SEC
1114,CMPT    ,466,BURNABY   ,30,26,Hao Zhang                                                                                                                                                                                                                                                 ,LEC
1087,CMPT    ,428,BURNABY   ,30,24,Harriet Chicoine                                                                                                                                                                                                                                          ,SEC
1164,CMPT    ,426,METRO     ,15,22,Harriet Chicoine                                                                                                                                                                                                                                          ,SEC
1121,CMPT    ,426,OFF       ,15,13,Cristina Eftenaru                                                                                                                                                                                                                                         ,SEC
1174,CMPT    ,426,OFF       ,10,9,Harriet Chicoine                                                                                                                                                                                                                                          ,SEC
1127,CMPT    ,825,BURNABY   ,15,11,Anoop Sarkar                                                                                                                                                                                                                                              ,LEC
1174,CMPT    ,475,BURNABY   ,85,80,Danny Ridinger                                                                                                                                                                                                                                            ,LEC
1087,CMPT    ,481,BURNABY   ,20,5,Frank Burton                                                                                                                                                                                                                                              ,LEC
1101,CMPT    ,454,BURNABY   ,60,55,Bin Zhou                                                                                                                                                                                                                                                  ,LEC
1161,ENSC    ,383,BURNABY   ,125,81,Atousa Hajshirmohammadi                                                                                                                                                                                                                                   ,TUT
1081,ENSC    ,380,BURNABY   ,80,70,Atousa Hajshirmohammadi                                                                                                                                                                                                                                   ,LEC
1137,ENSC    ,383,BURNABY   ,85,0,Carlo Menon                                                                                                                                                                                                                                               ,OPL
1084,KIN     ,351,BURNABY   ,25,22,Darleen Bemister                                                                                                                                                                                                                                          ,PRA
1121,MATH    ,157,SURREY    ,100,68,Kevin Doerksen                                                                                                                                                                                                                                            ,LEC
1097,MACM    ,101,SURREY    ,24,14,Kay Wiese                                                                                                                                                                                                                                                 ,TUT
1151,MACM    ,101,BURNABY   ,24,17,Binay Bhattacharya                                                                                                                                                                                                                                        ,TUT
1137,MACM    ,101,BURNABY   ,24,24,Andrei Bulatov                                                                                                                                                                                                                                            ,TUT
1087,MACM    ,101,BURNABY   ,150,142,Steven Pearce                                                                                                                                                                                                                                             ,LEC
1087,MACM    ,101,SURREY    ,96,88,Kay Wiese                                                                                                                                                                                                                                                 ,LEC
1127,CMPT    ,454,BURNABY   ,65,65,Ke Wang                                                                                                                                                                                                                                                   ,LEC
1154,CMPT    ,454,BURNABY   ,80,0,John Edgar                                                                                                                                                                                                                                                ,LEC
1174,CMPT    ,894,BURNABY   ,6,8,Jiannan Wang                                                                                                                                                                                                                                              ,SEC
1174,CMPT    ,894,BURNABY   ,1,4,Hao Zhang                                                                                                                                                                                                                                                 ,SEC
1174,CMPT    ,894,BURNABY   ,1,1,Oliver Schulte                                                                                                                                                                                                                                            ,SEC
1087,CMPT    ,898,BURNABY   ,80,71,. Faculty                                                                                                                                                                                                                                                 ,SEC
1087,MATH    ,337,OFF       ,10,0,Faye Stefan                                                                                                                                                                                                                                               ,SEC
1151,MATH    ,337,OFF       ,20,1,Stuart Billings                                                                                                                                                                                                                                           ,SEC
1107,MATH    ,322,BURNABY   ,64,51,John Stockie                                                                                                                                                                                                                                              ,LEC
1151,MATH    ,232,BURNABY   ,375,349,Marni Mishna                                                                                                                                                                                                                                              ,LEC
1081,KIN     ,143,BURNABY   ,100,98,Anthony Leyland                                                                                                                                                                                                                                           ,LEC
1081,KIN     ,461,BURNABY   ,50,42,. Sessional                                                                                                                                                                                                                                               ,SEC
1127,MACM    ,101,BURNABY   ,24,24,Andrei Bulatov                                                                                                                                                                                                                                            ,TUT
1157,MATH    ,100,BURNABY   ,300,241,Navid Alaei                                                                                                                                                                                                                                               ,LEC
1171,MATH    ,100,SURREY    ,90,43,Zirui Zhou                                                                                                                                                                                                                                                ,LEC
1164,MACM    ,101,BURNABY   ,75,63,Anthony Dixon                                                                                                                                                                                                                                             ,SEC
1114,MACM    ,101,BURNABY   ,144,118,Steven Pearce                                                                                                                                                                                                                                             ,LEC
1101,MACM    ,101,BURNABY   ,24,21,Andrei Bulatov                                                                                                                                                                                                                                            ,TUT
1137,MACM    ,101,BURNABY   ,24,24,Andrei Bulatov                                                                                                                                                                                                                                            ,TUT
1147,MATH    ,437,BURNABY   ,20,2,Stuart Billings                                                                                                                                                                                                                                           ,SEC
1167,ENSC    ,195,OFF       ,25,13,Harriet Chicoine                                                                                                                                                                                                                                          ,SEC
1127,ENSC    ,364,SURREY    ,25,25,Kevin Oldknow                                                                                                                                                                                                                                             ,LAB
1161,MATH    ,437,OFF       ,20,0,Stuart Billings                                                                                                                                                                                                                                           ,SEC
1087,KIN     ,444,BURNABY   ,60,58,Scott Lear                                                                                                                                                                                                                                                ,SEC
1114,MATH    ,895,BURNABY   ,6,1,Michael Monagan                                                                                                                                                                                                                                           ,SEC
1104,MATH    ,895,BURNABY   ,6,0,. TBD                                                                                                                                                                                                                                                     ,SEC
1094,KIN     ,850,BURNABY   ,15,10,Amandio Vieira                                                                                                                                                                                                                                            ,SEC
1141,MATH    ,895,BURNABY   ,6,0,. Faculty                                                                                                                                                                                                                                                 ,SEC
1104,MACM    ,101,BURNABY   ,120,107,"Binay Bhattacharya, Steven Pearce                                                                                                                                                                                                                         ",LEC
1127,MACM    ,101,BURNABY   ,24,24,Andrei Bulatov                                                                                                                                                                                                                                            ,TUT
1091,CMNS    ,372,BURNABY   ,65,63,Ian Chunn                                                                                                                                                                                                                                                 ,SEC
1084,CMNS    ,363,BURNABY   ,24,19,Stephen Kline                                                                                                                                                                                                                                             ,LEC
1087,CMNS    ,498,BURNABY   ,10,1,. Faculty                                                                                                                                                                                                                                                 ,SEC
1124,CMPT    ,150,BURNABY   ,104,104,Bobby Chan                                                                                                                                                                                                                                                ,LEC
1147,CMPT    ,150,BURNABY   ,0,0,Bobby Chan                                                                                                                                                                                                                                                ,LAB
1121,CMPT    ,150,BURNABY   ,26,25,Anthony Dixon                                                                                                                                                                                                                                             ,LAB
1117,CMPT    ,150,BURNABY   ,25,15,Bradley Bart                                                                                                                                                                                                                                              ,LAB
1147,CMPT    ,150,BURNABY   ,26,25,Bobby Chan                                                                                                                                                                                                                                                ,LAB
1121,CMPT    ,150,HRBRCNTR  ,30,16,Diana Cukierman                                                                                                                                                                                                                                           ,LEC
1131,CMPT    ,150,SURREY    ,24,22,Louis Hafer                                                                                                                                                                                                                                               ,LAB
1141,MATH    ,232,SURREY    ,102,104,Kirill Gostaf                                                                                                                                                                                                                                             ,LEC
1174,MATH    ,899,BURNABY   ,35,27,"Marni Mishna, Razvan Fetecau                                                                                                                                                                                                                              ",SEC
1097,MATH    ,895,BURNABY   ,6,0,. Faculty                                                                                                                                                                                                                                                 ,SEC
1151,MATH    ,895,BURNABY   ,6,0,. Faculty                                                                                                                                                                                                                                                 ,SEC
1087,MATH    ,895,BURNABY   ,5,1,Richard Lockhart                                                                                                                                                                                                                                          ,SEC
1141,MATH    ,155,BURNABY   ,504,488,Justin Gray                                                                                                                                                                                                                                               ,LEC
1137,MACM    ,101,SURREY    ,25,25,Kay Wiese                                                                                                                                                                                                                                                 ,TUT
1114,MACM    ,101,BURNABY   ,24,19,Steven Pearce                                                                                                                                                                                                                                             ,TUT
1167,MACM    ,101,BURNABY   ,25,17,Steven Pearce                                                                                                                                                                                                                                             ,TUT
1087,MACM    ,101,BURNABY   ,25,25,Steven Pearce                                                                                                                                                                                                                                             ,TUT
1087,KIN     ,343,HRBRCNTR  ,16,16,Ryan Dill                                                                                                                                                                                                                                                 ,LAB
1127,MACM    ,101,SURREY    ,25,24,Steven Pearce                                                                                                                                                                                                                                             ,TUT
1141,MACM    ,101,BURNABY   ,24,22,Binay Bhattacharya                                                                                                                                                                                                                                        ,TUT
1177,CMPT    ,165,BURNABY   ,75,74,Ramesh Krishnamurti                                                                                                                                                                                                                                       ,SEC
1164,CMPT    ,165,SURREY    ,120,41,Harinder Khangura                                                                                                                                                                                                                                         ,LEC
1121,CMPT    ,150,BURNABY   ,26,26,Anthony Dixon                                                                                                                                                                                                                                             ,LAB
1117,CMPT    ,150,BURNABY   ,25,22,Bradley Bart                                                                                                                                                                                                                                              ,LAB
1147,CMPT    ,150,BURNABY   ,26,26,Bobby Chan                                                                                                                                                                                                                                                ,LAB
1121,CMPT    ,102,BURNABY   ,45,40,Binay Bhattacharya                                                                                                                                                                                                                                        ,LEC
1147,CMPT    ,275,BURNABY   ,75,75,Herbert Tsang                                                                                                                                                                                                                                             ,LEC
1137,MACM    ,101,BURNABY   ,24,24,Andrei Bulatov                                                                                                                                                                                                                                            ,TUT
1144,MACM    ,101,BURNABY   ,24,23,Steven Pearce                                                                                                                                                                                                                                             ,TUT
1144,MACM    ,101,BURNABY   ,24,23,Steven Pearce                                                                                                                                                                                                                                             ,TUT
1094,MACM    ,101,BURNABY   ,80,62,Anthony Dixon                                                                                                                                                                                                                                             ,SEC
1104,MACM    ,101,BURNABY   ,24,20,Binay Bhattacharya                                                                                                                                                                                                                                        ,TUT
1157,MATH    ,437,BURNABY   ,20,1,Stuart Billings                                                                                                                                                                                                                                           ,SEC
1161,MATH    ,437,BURNABY   ,20,2,Stuart Billings                                                                                                                                                                                                                                           ,SEC
1151,MACM    ,101,BURNABY   ,144,108,Binay Bhattacharya                                                                                                                                                                                                                                        ,LEC
1167,MACM    ,101,BURNABY   ,25,25,Andrei Bulatov                                                                                                                                                                                                                                            ,TUT
1177,MACM    ,101,BURNABY   ,25,24,Andrei Bulatov                                                                                                                                                                                                                                            ,TUT
1151,MACM    ,101,BURNABY   ,24,23,Binay Bhattacharya                                                                                                                                                                                                                                        ,TUT
1151,MATH    ,158,BURNABY   ,300,204,Jeffrey Wiens                                                                                                                                                                                                                                             ,LEC
1167,CMPT    ,428,METRO     ,30,27,Harriet Chicoine                                                                                                                                                                                                                                          ,SEC
1091,CMPT    ,361,HRBRCNTR  ,35,31,Hao Zhang                                                                                                                                                                                                                                                 ,LEC
1157,CMPT    ,361,BURNABY   ,75,73,Ping Tan                                                                                                                                                                                                                                                  ,LEC
1177,CMPT    ,428,METRO     ,50,37,Harriet Chicoine                                                                                                                                                                                                                                          ,SEC
1104,CMPT    ,428,OFF       ,15,9,Harriet Chicoine                                                                                                                                                                                                                                          ,SEC
1141,CMPT    ,428,OFF       ,5,2,Harriet Chicoine                                                                                                                                                                                                                                          ,SEC
1151,CMPT    ,428,OFF       ,5,2,Harriet Chicoine                                                                                                                                                                                                                                          ,SEC
1114,CMPT    ,428,SURREY    ,5,3,Frances McLafferty                                                                                                                                                                                                                                        ,SEC
1111,MACM    ,101,SURREY    ,25,25,Thomas Shermer                                                                                                                                                                                                                                            ,LAB
1141,MACM    ,101,SURREY    ,24,24,Steven Pearce                                                                                                                                                                                                                                             ,TUT
1141,MATH    ,158,BURNABY   ,326,197,Chiaka Drakes                                                                                                                                                                                                                                             ,LEC
1181,MATH    ,100,SURREY    ,80,49,Justin Chan                                                                                                                                                                                                                                               ,LEC
1127,MACM    ,416,BURNABY   ,30,16,Mary Catherine Kropinski                                                                                                                                                                                                                                  ,LEC
1097,MATH    ,337,BURNABY   ,20,0,Faye Stefan                                                                                                                                                                                                                                               ,SEC
1177,MATH    ,337,OFF       ,20,0,Stuart Billings                                                                                                                                                                                                                                           ,SEC
1167,MATH    ,232,BURNABY   ,300,214,Paul Tupper                                                                                                                                                                                                                                               ,LEC
1177,MATH    ,232,BURNABY   ,350,337,Ladislav Stacho                                                                                                                                                                                                                                           ,LEC
1134,MATH    ,604,BURNABY   ,20,13,Nathalie Sinclair                                                                                                                                                                                                                                         ,SEC
1181,CMPT    ,428,OFF       ,30,0,Harriet Chicoine                                                                                                                                                                                                                                          ,SEC
1107,MATH    ,157,BURNABY   ,504,486,Petra Menz                                                                                                                                                                                                                                                ,LEC
1117,CMPT    ,426,BURNABY   ,35,39,Cristina Eftenaru                                                                                                                                                                                                                                         ,SEC
1131,CMPT    ,426,METRO     ,30,27,Harriet Chicoine                                                                                                                                                                                                                                          ,SEC
1131,CMPT    ,426,OFF       ,15,6,Harriet Chicoine                                                                                                                                                                                                                                          ,SEC
1117,CMPT    ,426,OFF       ,5,2,Frances McLafferty                                                                                                                                                                                                                                        ,SEC
1107,CMPT    ,426,SURREY    ,2,2,"Frances McLafferty, Navinder Chima                                                                                                                                                                                                                        ",SEC
1124,CMPT    ,407,BURNABY   ,30,18,Gabor Tardos                                                                                                                                                                                                                                              ,LEC
1151,CMPT    ,407,BURNABY   ,20,17,Valentine Kabanets                                                                                                                                                                                                                                        ,LEC
1141,CMPT    ,898,SURREY    ,10,8,. Faculty                                                                                                                                                                                                                                                 ,SEC
1137,MACM    ,101,SURREY    ,25,25,Kay Wiese                                                                                                                                                                                                                                                 ,TUT
1087,MACM    ,101,BURNABY   ,25,23,Steven Pearce                                                                                                                                                                                                                                             ,TUT
1151,MACM    ,101,SURREY    ,96,90,Kay Wiese                                                                                                                                                                                                                                                 ,LEC
1111,MACM    ,101,SURREY    ,25,24,Thomas Shermer                                                                                                                                                                                                                                            ,LAB
1124,MATH    ,437,OFF       ,20,0,Stuart Billings                                                                                                                                                                                                                                           ,SEC
1101,MATH    ,436,BURNABY   ,20,0,Faye Stefan                                                                                                                                                                                                                                               ,SEC
1111,MATH    ,436,BURNABY   ,20,0,Faye Stefan                                                                                                                                                                                                                                               ,SEC
1137,MATH    ,436,BURNABY   ,20,2,Stuart Billings                                                                                                                                                                                                                                           ,SEC
1144,MATH    ,436,BURNABY   ,20,3,Stuart Billings                                                                                                                                                                                                                                           ,SEC
1151,MATH    ,895,BURNABY   ,6,0,. Faculty                                                                                                                                                                                                                                                 ,SEC
1177,MATH    ,895,BURNABY   ,6,2,Sandy Rutherford                                                                                                                                                                                                                                          ,SEC
1141,CMPT    ,428,METRO     ,5,4,Harriet Chicoine                                                                                                                                                                                                                                          ,SEC
1167,CMPT    ,428,OFF       ,5,0,Harriet Chicoine                                                                                                                                                                                                                                          ,SEC
1081,REM     ,625,BURNABY   ,18,12,Randall Peterman                                                                                                                                                                                                                                          ,SEM
1091,REM     ,625,BURNABY   ,18,7,Randall Peterman                                                                                                                                                                                                                                          ,SEM
1137,ENSC    ,220,BURNABY   ,37,37,Meenakshinathan Parameswaran                                                                                                                                                                                                                              ,LAB
1144,ENSC    ,204,BURNABY   ,180,184,Michael Sjoerdsma                                                                                                                                                                                                                                         ,LEC
1177,ENSC    ,195,OFF       ,25,5,Harriet Chicoine                                                                                                                                                                                                                                          ,SEC
1137,ENSC    ,194,BURNABY   ,10,0,Harriet Chicoine                                                                                                                                                                                                                                          ,SEC
1154,ENSC    ,194,BURNABY   ,10,0,Harriet Chicoine                                                                                                                                                                                                                                          ,SEC
1124,ENSC    ,364,SURREY    ,100,66,Martin Ordonez                                                                                                                                                                                                                                            ,TUT
1127,ENSC    ,364,SURREY    ,25,17,Kevin Oldknow                                                                                                                                                                                                                                             ,LAB
1147,MATH    ,604,BURNABY   ,20,19,Nathalie Sinclair                                                                                                                                                                                                                                         ,SEM
1181,MATH    ,497,BURNABY   ,1,1,Luis Goddyn                                                                                                                                                                                                                                               ,SEC
1181,MATH    ,437,BURNABY   ,20,2,Stuart Billings                                                                                                                                                                                                                                           ,SEC
1147,MATH    ,437,OFF       ,20,0,Stuart Billings                                                                                                                                                                                                                                           ,SEC
1171,MATH    ,437,OFF       ,20,0,Stuart Billings                                                                                                                                                                                                                                           ,SEC
1177,MATH    ,437,OFF       ,20,0,Stuart Billings                                                                                                                                                                                                                                           ,SEC
1167,MATH    ,337,BURNABY   ,20,2,Stuart Billings                                                                                                                                                                                                                                           ,SEC
1091,REM     ,100,BURNABY   ,18,18,. TBD                                                                                                                                                                                                                                                     ,TUT
1081,REM     ,100,BURNABY   ,18,18,. TBD                                                                                                                                                                                                                                                     ,TUT
1091,REM     ,471,BURNABY   ,20,21,Kenneth Lertzman                                                                                                                                                                                                                                          ,TUT
1091,REM     ,100,SURREY    ,18,17,. TBD                                                                                                                                                                                                                                                     ,TUT
1177,CMPT    ,898,OFF       ,10,3,. Faculty                                                                                                                                                                                                                                                 ,SEC
1081,REM     ,802,BURNABY   ,6,2,"Mark Jaccard, Randall Peterman                                                                                                                                                                                                                            ",SEC
1091,REM     ,802,BURNABY   ,6,4,Randall Peterman                                                                                                                                                                                                                                          ,SEC
1127,ENSC    ,494,BURNABY   ,5,1,. Faculty                                                                                                                                                                                                                                                 ,SEC
1111,ENSC    ,494,SURREY    ,10,4,"Farid Golnaraghi, Mehrdad Saif                                                                                                                                                                                                                            ",SEC
1141,ENSC    ,406,BURNABY   ,145,132,Michael Sjoerdsma                                                                                                                                                                                                                                         ,LEC
1167,ENSC    ,489,BURNABY   ,75,74,Kambiz Haji Hajikolaei                                                                                                                                                                                                                                    ,TUT
1171,ENSC    ,383,BURNABY   ,125,108,Parvaneh Saeedi                                                                                                                                                                                                                                           ,TUT
1081,ENSC    ,892,BURNABY   ,30,1,. Faculty                                                                                                                                                                                                                                                 ,SEC
1084,ENSC    ,897,BURNABY   ,45,0,. Faculty                                                                                                                                                                                                                                                 ,SEC
1104,MATH    ,895,BURNABY   ,5,0,. Faculty                                                                                                                                                                                                                                                 ,SEC
1141,MATH    ,895,BURNABY   ,5,0,. Faculty                                                                                                                                                                                                                                                 ,SEC
1181,CMPT    ,127,BURNABY   ,64,64,Richard Vaughan                                                                                                                                                                                                                                           ,LAB
1157,MSE     ,250,SURREY    ,108,0,Ahmad Rad                                                                                                                                                                                                                                                 ,LEC
1167,MSE     ,250,SURREY    ,34,34,Ahmad Rad                                                                                                                                                                                                                                                 ,LAB
1141,MSE     ,480,SURREY    ,80,72,Kevin Oldknow                                                                                                                                                                                                                                             ,LAB
1147,MSE     ,221,SURREY    ,48,46,Flavio Firmani                                                                                                                                                                                                                                            ,LAB
1157,MSE     ,221,SURREY    ,43,42,Flavio Firmani                                                                                                                                                                                                                                            ,LAB
1157,MSE     ,380,SURREY    ,91,88,Flavio Firmani                                                                                                                                                                                                                                            ,LEC
1177,MSE     ,380,SURREY    ,54,48,Flavio Firmani                                                                                                                                                                                                                                            ,LAB
1107,ENSC    ,351,BURNABY   ,50,48,William Scratchley                                                                                                                                                                                                                                        ,LEC
1131,ENSC    ,351,BURNABY   ,88,79,William Scratchley                                                                                                                                                                                                                                        ,LEC
1121,ENSC    ,351,BURNABY   ,22,21,William Scratchley                                                                                                                                                                                                                                        ,TUT
1091,ENSC    ,380,BURNABY   ,80,65,Atousa Hajshirmohammadi                                                                                                                                                                                                                                   ,LEC
1117,ENSC    ,327,BURNABY   ,85,84,Paul Ho                                                                                                                                                                                                                                                   ,TUT
1091,ENSC    ,380,SURREY    ,72,59,Siamak Arzanpour                                                                                                                                                                                                                                          ,LEC
1137,ENSC    ,327,BURNABY   ,110,85,Atousa Hajshirmohammadi                                                                                                                                                                                                                                   ,RQL
1107,ENSC    ,450,BURNABY   ,18,17,Richard Hobson                                                                                                                                                                                                                                            ,LEC
1181,ENSC    ,450,BURNABY   ,80,38,Peter Hallschmid                                                                                                                                                                                                                                          ,LEC
1151,ENSC    ,350,BURNABY   ,45,43,Fabio Campi                                                                                                                                                                                                                                               ,RQL
1087,REM     ,650,HRBRCNTR  ,20,12,Mark Jaccard                                                                                                                                                                                                                                              ,SEM
1094,ENSC    ,250,BURNABY   ,100,88,Lakshman One                                                                                                                                                                                                                                              ,LEC
1137,ENSC    ,220,BURNABY   ,37,36,Meenakshinathan Parameswaran                                                                                                                                                                                                                              ,LAB
1164,ENSC    ,429,BURNABY   ,35,28,Daniel Lee                                                                                                                                                                                                                                                ,TUT
1167,ENSC    ,296,BURNABY   ,25,8,Harriet Chicoine                                                                                                                                                                                                                                          ,SEC
1177,ENSC    ,296,METRO     ,25,8,Harriet Chicoine                                                                                                                                                                                                                                          ,SEC
1177,ENSC    ,296,OFF       ,10,0,Harriet Chicoine                                                                                                                                                                                                                                          ,SEC
1167,ENSC    ,263,BURNABY   ,0,0,William Scratchley                                                                                                                                                                                                                                        ,LAB
1147,ENSC    ,220,BURNABY   ,200,109,Ljiljana Trajkovic                                                                                                                                                                                                                                        ,LEC
1111,ENSC    ,494,BURNABY   ,5,3,. Faculty                                                                                                                                                                                                                                                 ,SEC
1157,ENSC    ,801,BURNABY   ,50,20,Mirza Beg                                                                                                                                                                                                                                                 ,LEC
1101,ENSC    ,495,BURNABY   ,12,9,Albert Leung                                                                                                                                                                                                                                              ,LEC
1091,REM     ,100,SURREY    ,18,18,. TBD                                                                                                                                                                                                                                                     ,TUT
1181,CMPT    ,756,BURNABY   ,35,20,Ryan Shea                                                                                                                                                                                                                                                 ,SEM
1177,ENSC    ,316,BURNABY   ,125,118,Lakshman One                                                                                                                                                                                                                                              ,TUT
1161,CMPT    ,295,BURNABY   ,25,10,Anthony Dixon                                                                                                                                                                                                                                             ,LAB
1167,ENSC    ,254,BURNABY   ,44,44,William Scratchley                                                                                                                                                                                                                                        ,LAB
1181,MATH    ,888,SURREY    ,10,0,". Faculty, Marni Mishna                                                                                                                                                                                                                                   ",SEC
1141,MATH    ,441,BURNABY   ,40,21,Michael Monagan                                                                                                                                                                                                                                           ,LEC
1157,CMPT    ,626,OFF       ,15,1,Harriet Chicoine                                                                                                                                                                                                                                          ,PRA
1171,CMPT    ,626,OFF       ,15,1,Harriet Chicoine                                                                                                                                                                                                                                          ,PRA
1181,CMPT    ,626,OFF       ,15,0,Harriet Chicoine                                                                                                                                                                                                                                          ,PRA
1141,CMPT    ,166,SURREY    ,26,25,Toby Donaldson                                                                                                                                                                                                                                            ,LAB
1157,CMPT    ,626,METRO     ,30,5,Harriet Chicoine                                                                                                                                                                                                                                          ,PRA
1144,MSE     ,725,SURREY    ,10,6,<null>,TUT
1141,MSE     ,492,SURREY    ,75,58,<null>,TUT
1181,MSE     ,493,OFF       ,20,0,<null>,SEC
1111,MATH    ,381W      ,BURNABY   ,32,19,Razvan Fetecau                                                                                                                                                                                                                                            ,SEM
1097,ENSC    ,893,SURREY    ,10,4,Majid Bahrami                                                                                                                                                                                                                                             ,LEC
1094,KIN     ,110,BURNABY   ,51,44,Matthew White                                                                                                                                                                                                                                             ,LEC
1154,ENSC    ,870,BURNABY   ,10,0,<null>,SEC
1177,CMPT    ,433,SURREY    ,48,46,Brian Fraser                                                                                                                                                                                                                                              ,LEC
1171,MSE     ,892,SURREY    ,10,4,<null>,SEC
1121,MATH    ,341,BURNABY   ,32,0,<null>,TUT
1167,MSE     ,497,SURREY    ,5,0,<null>,LAB
1087,KIN     ,142,BURNABY   ,228,225,Robert Asmundson                                                                                                                                                                                                                                          ,LEC
1151,ENSC    ,296,BURNABY   ,20,4,Harriet Chicoine                                                                                                                                                                                                                                          ,SEC
1157,MSE     ,793,OFF       ,50,0,Harriet Chicoine                                                                                                                                                                                                                                          ,PRA
1151,CMPT    ,127,BURNABY   ,64,71,Richard Vaughan                                                                                                                                                                                                                                           ,LAB
1154,ENSC    ,701,BURNABY   ,10,6,Harriet Chicoine                                                                                                                                                                                                                                          ,PRA
1167,ENSC    ,254,BURNABY   ,44,39,William Scratchley                                                                                                                                                                                                                                        ,LAB
1164,MSE     ,490,SURREY    ,88,41,Jiacheng Wang                                                                                                                                                                                                                                             ,SEM
1174,MSE     ,490,SURREY    ,70,46,". TBD, Jiacheng Wang                                                                                                                                                                                                                                      ",SEM
1177,MSE     ,497,SURREY    ,5,0,<null>,LAB
1161,MSE     ,487,SURREY    ,5,0,<null>,SEM
1147,MSE     ,899,SURREY    ,100,57,<null>,SEC
1087,KIN     ,343,HRBRCNTR  ,16,15,Ryan Dill                                                                                                                                                                                                                                                 ,LAB
1181,MSE     ,899,SURREY    ,65,33,<null>,SEC
1091,KIN     ,448,BURNABY   ,80,74,Joaquin Hoffer                                                                                                                                                                                                                                            ,LEC
1174,ENSC    ,428,BURNABY   ,55,34,Paul Ho                                                                                                                                                                                                                                                   ,TUT
1151,ENSC    ,396,BURNABY   ,20,3,Harriet Chicoine                                                                                                                                                                                                                                          ,SEC
1167,ENSC    ,396,BURNABY   ,25,2,Harriet Chicoine                                                                                                                                                                                                                                          ,SEC
1141,ENSC    ,396,OFF       ,10,1,Harriet Chicoine                                                                                                                                                                                                                                          ,SEC
1127,ENSC    ,899,SURREY    ,70,42,. Faculty                                                                                                                                                                                                                                                 ,SEC
1094,REM     ,699,BURNABY   ,100,65,. Faculty                                                                                                                                                                                                                                                 ,SEC
1181,MATH    ,876,BURNABY   ,5,0,Marni Mishna                                                                                                                                                                                                                                              ,SEC
1164,MSE     ,405W      ,SURREY    ,115,105,Maureen Hindy                                                                                                                                                                                                                                             ,LAB
1161,ENSC    ,475,BURNABY   ,25,17,Bonnie Gray                                                                                                                                                                                                                                               ,TUT
1181,ENSC    ,475,BURNABY   ,20,17,Bruno Jaggi                                                                                                                                                                                                                                               ,TUT
1164,CMPT    ,627,METRO     ,30,4,Harriet Chicoine                                                                                                                                                                                                                                          ,PRA
1174,CMPT    ,627,OFF       ,5,1,Harriet Chicoine                                                                                                                                                                                                                                          ,PRA
1167,CMPT    ,166,SURREY    ,26,25,Toby Donaldson                                                                                                                                                                                                                                            ,LAB
1137,CMPT    ,166,SURREY    ,24,16,John Edgar                                                                                                                                                                                                                                                ,LAB
1107,ENSC    ,388,SURREY    ,66,48,Majid Bahrami                                                                                                                                                                                                                                             ,LEC
1127,ENSC    ,388,SURREY    ,27,27,Peyman Taheri Bonab                                                                                                                                                                                                                                       ,LAB
1127,CMPT    ,726,BURNABY   ,38,33,Oliver Schulte                                                                                                                                                                                                                                            ,LEC
1167,CMPT    ,433,SURREY    ,47,41,Brian Fraser                                                                                                                                                                                                                                              ,LEC
1121,MATH    ,341,BURNABY   ,32,17,<null>,TUT
1131,MATH    ,341,BURNABY   ,32,19,<null>,TUT
1081,IAT     ,267,SURREY    ,24,23,Helmine Serban                                                                                                                                                                                                                                            ,WKS
1084,IAT     ,267,SURREY    ,24,23,Helmine Serban                                                                                                                                                                                                                                            ,TUT
1081,CMPT    ,771,SURREY    ,20,8,Mohamed Hefeeda                                                                                                                                                                                                                                           ,LEC
1091,MATH    ,240,BURNABY   ,115,100,Karen Yeats                                                                                                                                                                                                                                               ,LEC
1121,MATH    ,341,BURNABY   ,30,17,Nils Bruin                                                                                                                                                                                                                                                ,LEC
1154,MATH    ,338,BURNABY   ,32,14,Vijaykumar Singh                                                                                                                                                                                                                                          ,LEC
1117,MATH    ,157,SURREY    ,150,148,Abraham Punnen                                                                                                                                                                                                                                            ,LEC
1151,MATH    ,155,BURNABY   ,440,359,Brenda Davison                                                                                                                                                                                                                                            ,LEC
1167,MATH    ,340,BURNABY   ,42,37,<null>,TUT
1177,MATH    ,340,BURNABY   ,45,37,<null>,TUT
1091,MATH    ,437,BURNABY   ,20,1,Faye Stefan                                                                                                                                                                                                                                               ,SEC
1134,MATH    ,437,BURNABY   ,20,0,Stuart Billings                                                                                                                                                                                                                                           ,SEC
1111,ENSC    ,451,SURREY    ,25,22,<null>,LAB
1101,MACM    ,101,SURREY    ,26,25,Thomas Shermer                                                                                                                                                                                                                                            ,TUT
1127,MACM    ,101,BURNABY   ,24,24,Andrei Bulatov                                                                                                                                                                                                                                            ,TUT
1154,MACM    ,101,BURNABY   ,24,22,Ramesh Krishnamurti                                                                                                                                                                                                                                       ,TUT
1097,MACM    ,101,SURREY    ,24,23,Kay Wiese                                                                                                                                                                                                                                                 ,TUT
1171,MACM    ,401,BURNABY   ,40,33,Michael Monagan                                                                                                                                                                                                                                           ,LEC
1097,MACM    ,101,BURNABY   ,144,139,Steven Pearce                                                                                                                                                                                                                                             ,LEC
1141,MACM    ,101,BURNABY   ,144,139,Binay Bhattacharya                                                                                                                                                                                                                                        ,LEC
1101,MATH    ,462,BURNABY   ,20,16,David Muraki                                                                                                                                                                                                                                              ,LEC
1097,MACM    ,101,BURNABY   ,24,21,Steven Pearce                                                                                                                                                                                                                                             ,TUT
1134,MSE     ,490,SURREY    ,50,25,Carolyn Sparrey                                                                                                                                                                                                                                           ,TUT
1181,MSE     ,494,METRO     ,10,14,Stephanie DeRapp                                                                                                                                                                                                                                          ,SEC
1134,MSE     ,300,SURREY    ,40,35,Kevin Oldknow                                                                                                                                                                                                                                             ,TUT
1171,MSE     ,494,OFF       ,10,2,Stephanie DeRapp                                                                                                                                                                                                                                          ,SEC
1181,MSE     ,293,OFF       ,20,0,Stephanie DeRapp                                                                                                                                                                                                                                          ,SEC
1127,ENSC    ,104,SURREY    ,26,26,". TBD, Krishna Vijayaraghavan                                                                                                                                                                                                                             ",LAB
1131,CMPT    ,106,SURREY    ,61,57,Harinder Khangura                                                                                                                                                                                                                                         ,LEC
1147,CMPT    ,106,SURREY    ,20,19,Harinder Khangura                                                                                                                                                                                                                                         ,LAB
1157,CMPT    ,106,SURREY    ,26,26,Harinder Khangura                                                                                                                                                                                                                                         ,LAB
1174,MSE     ,496,SURREY    ,5,0,<null>,LAB
1134,MSE     ,394,SURREY    ,20,1,<null>,SEC
1181,MSE     ,487,SURREY    ,5,0,<null>,SEM
1144,ENSC    ,870,BURNABY   ,3,2,<null>,SEC
1114,DDP     ,210,OFF       ,30,3,Qianping Gu                                                                                                                                                                                                                                               ,SEC
1104,MACM    ,101,SURREY    ,24,22,Harinder Khangura                                                                                                                                                                                                                                         ,TUT
1087,MATH    ,370W      ,BURNABY   ,30,6,Jonathan Jedwab                                                                                                                                                                                                                                           ,LEC
1097,MACM    ,101,BURNABY   ,24,22,Steven Pearce                                                                                                                                                                                                                                             ,TUT
1137,MACM    ,101,BURNABY   ,24,24,Andrei Bulatov                                                                                                                                                                                                                                            ,TUT
1101,MACM    ,101,BURNABY   ,24,24,Andrei Bulatov                                                                                                                                                                                                                                            ,TUT
1177,MACM    ,409,BURNABY   ,39,35,Benjamin Adcock                                                                                                                                                                                                                                           ,LEC
1091,MATH    ,152,BURNABY   ,504,368,Rustum Choksi                                                                                                                                                                                                                                             ,LEC
1181,MATH    ,100,BURNABY   ,225,123,Sophie Burrill                                                                                                                                                                                                                                            ,LEC
1101,MATH    ,152,BURNABY   ,60,0,Veselin Jungic                                                                                                                                                                                                                                            ,OPL
1167,MACM    ,101,BURNABY   ,150,126,Steven Pearce                                                                                                                                                                                                                                             ,LEC
1097,MACM    ,101,BURNABY   ,24,23,Steven Pearce                                                                                                                                                                                                                                             ,TUT
1177,MACM    ,101,SURREY    ,24,24,Kay Wiese                                                                                                                                                                                                                                                 ,TUT
1137,MACM    ,101,SURREY    ,24,24,Kay Wiese                                                                                                                                                                                                                                                 ,TUT
1141,MACM    ,101,BURNABY   ,24,14,Binay Bhattacharya                                                                                                                                                                                                                                        ,TUT
1167,MACM    ,101,BURNABY   ,25,19,Steven Pearce                                                                                                                                                                                                                                             ,TUT
1084,MATH    ,402,BURNABY   ,5,1,JF Williams                                                                                                                                                                                                                                               ,LEC
1104,MACM    ,409,BURNABY   ,30,22,"Nilima Nigam, Paul Tupper                                                                                                                                                                                                                                 ",LEC
1147,MATH    ,100,BURNABY   ,331,258,Cameron Morland                                                                                                                                                                                                                                           ,LEC
1161,MATH    ,100,BURNABY   ,225,190,Veselin Jungic                                                                                                                                                                                                                                            ,LEC
1091,IAT     ,333,SURREY    ,24,20,"James Budd, Ronald Wakkary                                                                                                                                                                                                                                ",STL
1124,MATH    ,719,BURNABY   ,10,1,Paul Tupper                                                                                                                                                                                                                                               ,LEC
1137,CMPT    ,125,BURNABY   ,104,105,Scott Kristjanson                                                                                                                                                                                                                                         ,LEC
1107,CMPT    ,128,BURNABY   ,130,125,Janice Regan                                                                                                                                                                                                                                              ,LEC
1117,CMPT    ,128,BURNABY   ,130,129,Anne Lavergne                                                                                                                                                                                                                                             ,LEC
1117,CMPT    ,128,BURNABY   ,78,69,Anne Lavergne                                                                                                                                                                                                                                             ,LEC
1161,MATH    ,495,BURNABY   ,20,10,Manfred Trummer                                                                                                                                                                                                                                           ,LEC
1171,MATH    ,495,BURNABY   ,30,11,Razvan Fetecau                                                                                                                                                                                                                                            ,LEC
1181,MATH    ,495,BURNABY   ,27,24,Paul Tupper                                                                                                                                                                                                                                               ,LEC
1081,REM     ,100,BURNABY   ,18,18,. TBD                                                                                                                                                                                                                                                     ,TUT
1091,REM     ,100,BURNABY   ,18,15,. TBD                                                                                                                                                                                                                                                     ,TUT
1137,MSE     ,898,SURREY    ,80,28,<null>,SEC
1117,MATH    ,157,BURNABY   ,504,471,Petra Menz                                                                                                                                                                                                                                                ,LEC
1121,MATH    ,157,BURNABY   ,400,350,Stephen Choi                                                                                                                                                                                                                                              ,LEC
1084,CMNS    ,479,OFF       ,20,22,. Faculty                                                                                                                                                                                                                                                 ,SEC
1124,MATH    ,419,BURNABY   ,32,22,Paul Tupper                                                                                                                                                                                                                                               ,LEC
1127,CMPT    ,721,BURNABY   ,10,5,James Delgrande                                                                                                                                                                                                                                           ,LEC
1137,CMPT    ,721,BURNABY   ,15,8,James Delgrande                                                                                                                                                                                                                                           ,LEC
1091,REM     ,100,BURNABY   ,18,17,. TBD                                                                                                                                                                                                                                                     ,TUT
1091,REM     ,100,BURNABY   ,18,18,. TBD                                                                                                                                                                                                                                                     ,TUT
1087,CMNS    ,446,HRBRCNTR  ,25,8,Peter Chow-White                                                                                                                                                                                                                                          ,SEM
1181,CMPT    ,165,SURREY    ,24,0,<null>,LAB
1081,MATH    ,152,BURNABY   ,504,357,Jamie Mulholland                                                                                                                                                                                                                                          ,LEC
1087,MATH    ,151,BURNABY   ,400,303,Veselin Jungic                                                                                                                                                                                                                                            ,LEC
1104,MATH    ,337,OFF       ,20,0,Faye Stefan                                                                                                                                                                                                                                               ,SEC
1167,MATH    ,232,SURREY    ,90,42,Randall Pyke                                                                                                                                                                                                                                              ,LEC
1161,MATH    ,497,BURNABY   ,5,5,Weiran Sun                                                                                                                                                                                                                                                ,SEC
1171,MATH    ,497,BURNABY   ,6,3,Nicolas Fillion                                                                                                                                                                                                                                           ,SEC
1127,MATH    ,436,OFF       ,20,0,Faye Stefan                                                                                                                                                                                                                                               ,SEC
1087,MATH    ,895,BURNABY   ,6,1,Tamon Stephen                                                                                                                                                                                                                                             ,SEC
1151,MATH    ,895,BURNABY   ,6,0,. Faculty                                                                                                                                                                                                                                                 ,SEC
1097,MATH    ,895,BURNABY   ,5,0,. Faculty                                                                                                                                                                                                                                                 ,SEC
1131,MACM    ,401,BURNABY   ,30,26,Michael Monagan                                                                                                                                                                                                                                           ,TUT
1087,KIN     ,496,BURNABY   ,10,1,<null>,SEC
1127,MACM    ,101,BURNABY   ,24,24,Andrei Bulatov                                                                                                                                                                                                                                            ,TUT
1127,MATH    ,436,BURNABY   ,20,3,Faye Stefan                                                                                                                                                                                                                                               ,SEC
1111,MATH    ,436,OFF       ,20,0,Faye Stefan                                                                                                                                                                                                                                               ,SEC
1097,MATH    ,895,BURNABY   ,6,2,Marni Mishna                                                                                                                                                                                                                                              ,SEC
1087,MATH    ,895,BURNABY   ,6,2,Paul Tupper                                                                                                                                                                                                                                               ,SEC
1167,CMPT    ,498,BURNABY   ,1,1,Binay Bhattacharya                                                                                                                                                                                                                                        ,SEC
1084,MATH    ,877,BURNABY   ,5,0,. Faculty                                                                                                                                                                                                                                                 ,SEC
1091,TECH    ,101W      ,SURREY    ,48,44,Janet McCracken                                                                                                                                                                                                                                           ,INS
1081,TECH    ,101W      ,SURREY    ,48,46,James Phillips                                                                                                                                                                                                                                            ,INS
1101,MATH    ,462,BURNABY   ,20,0,<null>,LEC
1094,CMNS    ,396,OFF       ,25,4,Marcia Shimizu                                                                                                                                                                                                                                            ,PRA
1094,CMNS    ,428,BURNABY   ,10,0,. Faculty                                                                                                                                                                                                                                                 ,SEC
1081,CMNS    ,856,BURNABY   ,20,8,Shane Gunster                                                                                                                                                                                                                                             ,SEM
1117,CMPT    ,275,BURNABY   ,72,67,Herbert Tsang                                                                                                                                                                                                                                             ,LEC
1134,CMPT    ,150,BURNABY   ,26,25,Bobby Chan                                                                                                                                                                                                                                                ,LAB
1167,CMPT    ,365,BURNABY   ,85,80,Mark Drew                                                                                                                                                                                                                                                 ,LEC
1147,CMPT    ,419,BURNABY   ,50,47,Gregory Mori                                                                                                                                                                                                                                              ,LEC
1151,CMPT    ,414,BURNABY   ,20,18,Ze-Nian Li                                                                                                                                                                                                                                                ,LEC
1127,CMPT    ,898,BURNABY   ,75,68,. Faculty                                                                                                                                                                                                                                                 ,SEC
1174,ENSC    ,854,BURNABY   ,30,8,Michael Adachi                                                                                                                                                                                                                                            ,LEC
1141,MATH    ,380W      ,BURNABY   ,32,23,<null>,TUT
1137,ENSC    ,100W      ,BURNABY   ,8,5,<null>,TUT
1111,ENSC    ,460,SURREY    ,40,25,<null>,TUT
1081,CMPT    ,120,SURREY    ,32,25,<null>,LAB
1091,CMPT    ,120,SURREY    ,28,25,<null>,LAB
1177,MACM    ,101,BURNABY   ,25,25,Andrei Bulatov                                                                                                                                                                                                                                            ,TUT
1127,MACM    ,101,HRBRCNTR  ,24,22,Evgenia Ternovska                                                                                                                                                                                                                                         ,TUT
1151,MACM    ,101,SURREY    ,24,23,Kay Wiese                                                                                                                                                                                                                                                 ,TUT
1141,MACM    ,101,SURREY    ,24,16,Steven Pearce                                                                                                                                                                                                                                             ,TUT
1141,MACM    ,101,SURREY    ,24,14,Steven Pearce                                                                                                                                                                                                                                             ,TUT
1097,MACM    ,101,BURNABY   ,24,25,Steven Pearce                                                                                                                                                                                                                                             ,TUT
1124,MACM    ,101,BURNABY   ,80,76,Anthony Dixon                                                                                                                                                                                                                                             ,SEC
1167,MACM    ,101,BURNABY   ,24,25,Andrei Bulatov                                                                                                                                                                                                                                            ,TUT
1081,TECH    ,101W      ,SURREY    ,48,49,Daniel Haas                                                                                                                                                                                                                                               ,INS
1081,TECH    ,101W      ,SURREY    ,48,42,Janet McCracken                                                                                                                                                                                                                                           ,INS
1131,MATH    ,882,BURNABY   ,10,0,. Faculty                                                                                                                                                                                                                                                 ,SEC
1127,MATH    ,716,BURNABY   ,10,3,Mary Catherine Kropinski                                                                                                                                                                                                                                  ,LEC
1087,IAT     ,886,SURREY    ,24,2,Maia Engeli                                                                                                                                                                                                                                               ,SEM
1147,MATH    ,718,BURNABY   ,10,5,David Muraki                                                                                                                                                                                                                                              ,LEC
1107,MATH    ,747,BURNABY   ,10,4,Petr Lisonek                                                                                                                                                                                                                                              ,LEC
1087,IAT     ,883,SURREY    ,20,9,Thecla Schiphorst                                                                                                                                                                                                                                         ,SEM
1137,CMPT    ,829,BURNABY   ,15,4,Ghassan Hamarneh                                                                                                                                                                                                                                          ,LEC
1101,CMPT    ,126,BURNABY   ,26,24,Louis Hafer                                                                                                                                                                                                                                               ,LAB
1137,CMPT    ,126,BURNABY   ,26,24,Scott Kristjanson                                                                                                                                                                                                                                         ,LAB
1091,IAT     ,320,SURREY    ,24,24,"Gregory Corness, Jinsil Seo                                                                                                                                                                                                                               ",STL
1094,IAT     ,392,ITALY     ,10,12,Russell Taylor                                                                                                                                                                                                                                            ,FLD
1101,MATH    ,878,BURNABY   ,5,1,Nils Bruin                                                                                                                                                                                                                                                ,SEC
1154,MATH    ,878,BURNABY   ,5,3,Petr Lisonek                                                                                                                                                                                                                                              ,SEC
1177,MATH    ,879,BURNABY   ,6,2,Marni Mishna                                                                                                                                                                                                                                              ,SEC
1171,CMPT    ,479,BURNABY   ,35,16,William Sumner                                                                                                                                                                                                                                            ,LEC
1111,MACM    ,101,BURNABY   ,0,0,<null>,LAB
1111,MACM    ,101,BURNABY   ,0,0,<null>,LAB
1151,ENSC    ,895,SUR       ,6,5,Ryan D'Arcy                                                                                                                                                                                                                                               ,LEC
1087,ENSC    ,895,SURREY    ,15,0,Majid Bahrami                                                                                                                                                                                                                                             ,LEC
1087,ENSC    ,895,SURREY    ,15,5,Majid Bahrami                                                                                                                                                                                                                                             ,LEC
1141,ENSC    ,895,BURNABY   ,5,1,Mirza Beg                                                                                                                                                                                                                                                 ,LEC
1144,CMPT    ,898,BURNABY   ,100,51,. Faculty                                                                                                                                                                                                                                                 ,SEC
1157,CMPT    ,475,HRBRCNTR  ,75,35,Danny Ridinger                                                                                                                                                                                                                                            ,LEC
1174,CMPT    ,470,BURNABY   ,85,83,Gregory Baker                                                                                                                                                                                                                                             ,LEC
1081,CMPT    ,894,BURNABY   ,40,12,"Anoop Sarkar, Dirk Beyer, Jiangchuan Liu, M. Atkins, Tamara Smyth                                                                                                                                                                                         ",SEC
1171,CMPT    ,894,BURNABY   ,1,1,Oliver Schulte                                                                                                                                                                                                                                            ,SEC
1181,CMPT    ,894,BURNABY   ,1,1,Ke Wang                                                                                                                                                                                                                                                   ,SEC
1174,MSE     ,496,SURREY    ,5,0,<null>,LAB
1151,MATH    ,302,BURNABY   ,32,24,<null>,TUT
1171,MSE     ,899,SURREY    ,65,56,<null>,SEC
1171,MSE     ,899,OFF       ,50,1,<null>,SEC
1141,MSE     ,450,SURREY    ,36,0,<null>,LEC
1171,MSE     ,487,SURREY    ,5,0,<null>,SEM
1157,MSE     ,899,OFF       ,25,1,<null>,SEC
1111,ENSC    ,280,SURREY    ,75,63,<null>,TUT
1121,ENSC    ,106,SURREY    ,100,79,<null>,TUT
1114,ENSC    ,442,SURREY    ,35,0,<null>,TUT
1084,KIN     ,304W      ,BURNABY   ,16,17,<null>,TUT
1091,ENSC    ,370,BURNABY   ,20,5,<null>,TUT
1154,ENSC    ,195,BURNABY   ,25,29,Harriet Chicoine                                                                                                                                                                                                                                          ,SEC
1131,MATH    ,440,BURNABY   ,25,18,Imin Chen                                                                                                                                                                                                                                                 ,LEC
1084,CMPT    ,120,BURNABY   ,33,32,<null>,LAB
1151,MACM    ,101,BURNABY   ,24,21,Binay Bhattacharya                                                                                                                                                                                                                                        ,TUT
1097,MACM    ,101,SURREY    ,24,22,Kay Wiese                                                                                                                                                                                                                                                 ,TUT
1141,MACM    ,101,BURNABY   ,24,23,Binay Bhattacharya                                                                                                                                                                                                                                        ,TUT
1104,MACM    ,101,SURREY    ,24,21,Harinder Khangura                                                                                                                                                                                                                                         ,TUT
1167,MACM    ,101,BURNABY   ,25,17,Steven Pearce                                                                                                                                                                                                                                             ,TUT
1124,MATH    ,157,BURNABY   ,192,147,Imin Chen                                                                                                                                                                                                                                                 ,LEC
1167,MACM    ,416,BURNABY   ,17,7,Nilima Nigam                                                                                                                                                                                                                                              ,LEC
1131,MACM    ,401,BURNABY   ,30,26,Michael Monagan                                                                                                                                                                                                                                           ,LEC
1164,MATH    ,437,BURNABY   ,20,0,Stuart Billings                                                                                                                                                                                                                                           ,SEC
1154,CMPT    ,126,BURNABY   ,0,0,. Faculty                                                                                                                                                                                                                                                 ,LAB
1137,CMPT    ,126,HRBRCNTR  ,52,41,Ruiwen Chen                                                                                                                                                                                                                                               ,LEC
1097,CMPT    ,126,HRBRCNTR  ,24,16,Diana Cukierman                                                                                                                                                                                                                                           ,LAB
1081,CMNS    ,802,BURNABY   ,25,9,Richard Gruneau                                                                                                                                                                                                                                           ,SEM
1091,CMNS    ,892,OFF       ,5,0,Marcia Shimizu                                                                                                                                                                                                                                            ,SEC
1121,CMPT    ,150,HRBRCNTR  ,25,11,Diana Cukierman                                                                                                                                                                                                                                           ,LAB
1131,CMPT    ,150,HRBRCNTR  ,26,20,Diana Cukierman                                                                                                                                                                                                                                           ,LAB
1131,CMPT    ,150,HRBRCNTR  ,26,24,Diana Cukierman                                                                                                                                                                                                                                           ,LAB
1081,CMPT    ,275,BURNABY   ,60,51,Janice Regan                                                                                                                                                                                                                                              ,LEC
1107,CMPT    ,275,BURNABY   ,80,73,Herbert Tsang                                                                                                                                                                                                                                             ,LEC
1161,ENSC    ,895,BURNABY   ,15,8,Fabio Campi                                                                                                                                                                                                                                               ,LAB
1117,CMPT    ,150,BURNABY   ,120,96,Bradley Bart                                                                                                                                                                                                                                              ,LEC
1121,CMPT    ,150,BURNABY   ,26,26,Anthony Dixon                                                                                                                                                                                                                                             ,LAB
1131,CMPT    ,150,BURNABY   ,26,25,Anthony Dixon                                                                                                                                                                                                                                             ,LAB
1154,CMPT    ,428,SURREY    ,5,5,Harriet Chicoine                                                                                                                                                                                                                                          ,SEC
1094,CMPT    ,320,BURNABY   ,86,78,Steven Pearce                                                                                                                                                                                                                                             ,LEC
1147,CMPT    ,411,BURNABY   ,40,37,James Delgrande                                                                                                                                                                                                                                           ,LEC
1177,CMPT    ,365,BURNABY   ,90,91,Mark Drew                                                                                                                                                                                                                                                 ,LEC
1127,CMPT    ,363,BURNABY   ,75,73,Anne Lavergne                                                                                                                                                                                                                                             ,LEC
1177,CMPT    ,363,HRBRCNTR  ,80,80,Paul Hibbitts                                                                                                                                                                                                                                             ,LEC
1147,ENSC    ,101,BURNABY   ,10,0,Michael Sjoerdsma                                                                                                                                                                                                                                         ,LEC
1154,ENSC    ,195,OFF       ,20,25,Harriet Chicoine                                                                                                                                                                                                                                          ,SEC
1127,ENSC    ,195,OFF       ,20,4,John Jones                                                                                                                                                                                                                                                ,SEC
1177,ENSC    ,194,METRO     ,10,0,Harriet Chicoine                                                                                                                                                                                                                                          ,SEC
1171,ENSC    ,350,BURNABY   ,150,144,Lesley Shannon                                                                                                                                                                                                                                            ,TUT
1121,ENSC    ,483,BURNABY   ,55,0,<null>,OPL
1101,ENSC    ,320,BURNABY   ,80,80,John Bird                                                                                                                                                                                                                                                 ,LEC
1154,ENSC    ,320,BURNABY   ,120,75,Parvaneh Saeedi                                                                                                                                                                                                                                           ,LEC
1141,ENSC    ,320,BURNABY   ,100,57,John Bird                                                                                                                                                                                                                                                 ,TUT
1154,ENSC    ,429,BURNABY   ,35,15,Daniel Lee                                                                                                                                                                                                                                                ,RQL
1091,MATH    ,470,BURNABY   ,30,0,Marni Mishna                                                                                                                                                                                                                                              ,LEC
1141,MATH    ,436,OFF       ,20,0,Stuart Billings                                                                                                                                                                                                                                           ,SEC
1114,MATH    ,342,BURNABY   ,64,60,Imin Chen                                                                                                                                                                                                                                                 ,LEC
1121,MATH    ,890,BURNABY   ,6,1,Stuart Billings                                                                                                                                                                                                                                           ,SEC
1164,MATH    ,890,BURNABY   ,20,0,Stuart Billings                                                                                                                                                                                                                                           ,SEC
1174,MATH    ,890,BURNABY   ,20,1,Stuart Billings                                                                                                                                                                                                                                           ,SEC
1141,MATH    ,491,BURNABY   ,1,1,Nils Bruin                                                                                                                                                                                                                                                ,SEC
1111,MATH    ,895,BURNABY   ,6,0,. Faculty                                                                                                                                                                                                                                                 ,SEC
1147,ENSC    ,450,BURNABY   ,50,0,<null>,TUT
1097,ENSC    ,351,BURNABY   ,60,0,<null>,LAB
1101,ENSC    ,351,BURNABY   ,0,0,<null>,LAB
1081,REM     ,100,SURREY    ,18,0,<null>,TUT
1094,KIN     ,899,BURNABY   ,30,14,<null>,SEC
1134,MSE     ,312,SURREY    ,37,0,<null>,LAB
1121,CMPT    ,275,BURNABY   ,80,78,Janice Regan                                                                                                                                                                                                                                              ,LEC
1157,CMPT    ,165,BURNABY   ,200,172,Ying Tang                                                                                                                                                                                                                                                 ,LEC
1104,CMPT    ,320,HRBRCNTR  ,40,32,Steven Pearce                                                                                                                                                                                                                                             ,LEC
1091,CMPT    ,406,BURNABY   ,20,7,Binay Bhattacharya                                                                                                                                                                                                                                        ,LEC
1087,CMPT    ,405,BURNABY   ,20,16,Ramesh Krishnamurti                                                                                                                                                                                                                                       ,LEC
1127,CMPT    ,428,OFF       ,5,2,"Cristina Eftenaru, Harriet Chicoine                                                                                                                                                                                                                       ",SEC
1101,CMPT    ,428,SURREY    ,15,0,Frances McLafferty                                                                                                                                                                                                                                        ,SEC
1154,CMPT    ,428,OFF       ,5,1,Harriet Chicoine                                                                                                                                                                                                                                          ,SEC
1157,CMPT    ,426,METRO     ,65,56,Harriet Chicoine                                                                                                                                                                                                                                          ,SEC
1124,CMPT    ,426,OFF       ,15,2,Cristina Eftenaru                                                                                                                                                                                                                                         ,SEC
1181,CMPT    ,361,BURNABY   ,90,76,Hao Zhang                                                                                                                                                                                                                                                 ,LEC
1134,CMPT    ,426,OFF       ,10,9,Harriet Chicoine                                                                                                                                                                                                                                          ,SEC
1134,CMPT    ,426,METRO     ,5,3,Harriet Chicoine                                                                                                                                                                                                                                          ,SEC
1177,CMPT    ,426,OFF       ,50,0,Harriet Chicoine                                                                                                                                                                                                                                          ,SEC
1181,CMPT    ,894,BURNABY   ,1,0,Gregory Mori                                                                                                                                                                                                                                              ,SEC
1154,MSE     ,486,SURREY    ,6,1,<null>,SEM
1134,MSE     ,892,SURREY    ,15,2,<null>,SEC
1161,MSE     ,899,SURREY    ,65,53,<null>,SEC
1131,ENSC    ,854,BURNABY   ,3,2,Meenakshinathan Parameswaran                                                                                                                                                                                                                              ,LEC
1087,ENSC    ,296,OFF       ,50,3,<null>,SEC
1127,ENSC    ,100W      ,BURNABY   ,8,8,<null>,TUT
1157,ENSC    ,801,BURNABY   ,50,0,<null>,LEC
1137,ENSC    ,100W      ,BURNABY   ,8,7,<null>,TUT
1111,ENSC    ,483,BURNABY   ,50,48,Mehrdad Saif                                                                                                                                                                                                                                              ,LEC
1104,ENSC    ,899,BURNABY   ,90,87,. Faculty                                                                                                                                                                                                                                                 ,SEC
1167,ENSC    ,489,BURNABY   ,80,74,Kambiz Haji Hajikolaei                                                                                                                                                                                                                                    ,LEC
1151,ENSC    ,406,BURNABY   ,18,12,Michael Sjoerdsma                                                                                                                                                                                                                                         ,TUT
1144,ENSC    ,396,OFF       ,10,0,Harriet Chicoine                                                                                                                                                                                                                                          ,SEC
1134,ENSC    ,383,BURNABY   ,85,85,Mirza Beg                                                                                                                                                                                                                                                 ,LEC
1101,ENSC    ,476,BURNABY   ,0,0,<null>,LEC
1124,ENSC    ,499,BURNABY   ,10,2,. Faculty                                                                                                                                                                                                                                                 ,SEC
1141,ENSC    ,495,BURNABY   ,12,13,Glenn Chapman                                                                                                                                                                                                                                             ,LEC
1147,ENSC    ,801,BURNABY   ,50,0,<null>,LEC
1151,ENSC    ,850,BURNABY   ,15,0,<null>,LEC
1134,MATH    ,254,BURNABY   ,45,43,<null>,TUT
1097,ENSC    ,100W      ,BURNABY   ,5,4,<null>,RQL
1087,ENSC    ,100W      ,BURNABY   ,8,7,<null>,RQL
1097,ENSC    ,100W      ,BURNABY   ,5,5,<null>,RQL
1094,KIN     ,110,BURNABY   ,120,112,". Sessional, Penelope Deck                                                                                                                                                                                                                                ",SEC
1081,KIN     ,142,BURNABY   ,60,57,Robert Asmundson                                                                                                                                                                                                                                          ,LEC
1124,CMPT    ,426,OFF       ,15,4,Frances McLafferty                                                                                                                                                                                                                                        ,SEC
1181,CMPT    ,426,OFF       ,25,2,Harriet Chicoine                                                                                                                                                                                                                                          ,SEC
1141,CMPT    ,825,BURNABY   ,28,23,Anoop Sarkar                                                                                                                                                                                                                                              ,LEC
1177,CMPT    ,825,BURNABY   ,65,61,Anoop Sarkar                                                                                                                                                                                                                                              ,LEC
1081,CMPT    ,475,BURNABY   ,60,32,Sameer Sharma                                                                                                                                                                                                                                             ,LEC
1161,CMPT    ,894,BURNABY   ,5,17,. Faculty                                                                                                                                                                                                                                                 ,SEC
1171,CMPT    ,894,BURNABY   ,7,8,Gregory Mori                                                                                                                                                                                                                                              ,SEC
1161,MSE     ,892,SURREY    ,10,2,<null>,SEC
1181,CMPT    ,165,SURREY    ,24,0,<null>,LAB
1091,IAT     ,344,SURREY    ,24,24,<null>,STL
1081,ENSC    ,150,BURNABY   ,200,119,Atousa Hajshirmohammadi                                                                                                                                                                                                                                   ,LEC
1164,ENSC    ,264,BURNABY   ,5,0,Lakshman One                                                                                                                                                                                                                                              ,LAB
1084,KIN     ,143,BURNABY   ,110,108,Anthony Leyland                                                                                                                                                                                                                                           ,SEC
1081,KIN     ,303,BURNABY   ,55,54,Richard Ward                                                                                                                                                                                                                                              ,LEC
1141,MACM    ,101,BURNABY   ,24,20,Binay Bhattacharya                                                                                                                                                                                                                                        ,TUT
1177,MACM    ,101,SURREY    ,24,24,Kay Wiese                                                                                                                                                                                                                                                 ,TUT
1141,MACM    ,101,BURNABY   ,24,23,Binay Bhattacharya                                                                                                                                                                                                                                        ,TUT
1177,MACM    ,101,SURREY    ,24,24,Kay Wiese                                                                                                                                                                                                                                                 ,TUT
1177,MACM    ,101,SURREY    ,24,24,Kay Wiese                                                                                                                                                                                                                                                 ,TUT
1147,MATH    ,113,OFF       ,2,2,Malgorzata Dubiel                                                                                                                                                                                                                                         ,SEC
1117,MATH    ,437,OFF       ,20,0,Faye Stefan                                                                                                                                                                                                                                               ,SEC
1164,MATH    ,437,OFF       ,20,0,Stuart Billings                                                                                                                                                                                                                                           ,SEC
1101,MACM    ,101,BURNABY   ,216,200,Andrei Bulatov                                                                                                                                                                                                                                            ,LEC
1101,MATH    ,895,BURNABY   ,6,1,Sandy Rutherford                                                                                                                                                                                                                                          ,SEC
1154,ENSC    ,896,BURNABY   ,10,1,<null>,SEC
1091,REM     ,100,BURNABY   ,18,18,. TBD                                                                                                                                                                                                                                                     ,TUT
1114,ENSC    ,894,SURREY    ,7,6,<null>,LAB
1081,REM     ,100,SURREY    ,54,39,John Irwin                                                                                                                                                                                                                                                ,LEC
1087,REM     ,356,BURNABY   ,36,34,. Sessional                                                                                                                                                                                                                                               ,SEM
1091,REM     ,100,BURNABY   ,18,18,. TBD                                                                                                                                                                                                                                                     ,TUT
1081,REM     ,646,BURNABY   ,25,14,Murray Rutherford                                                                                                                                                                                                                                         ,SEM
1091,REM     ,801,BURNABY   ,40,21,Wolfgang Haider                                                                                                                                                                                                                                           ,SEM
1084,REM     ,670,BURNABY   ,10,13,Kenneth Lertzman                                                                                                                                                                                                                                          ,SEC
1161,MATH    ,155,SURREY    ,60,0,<null>,OPL
1171,MATH    ,155,SURREY    ,60,0,<null>,OPL
1121,ENSC    ,894,SURREY    ,1,1,<null>,TUT
1117,ENSC    ,894,BURNABY   ,10,6,<null>,TUT
1127,MACM    ,101,SURREY    ,0,0,<null>,TUT
1111,MACM    ,101,BURNABY   ,0,0,<null>,LAB
1107,CMPT    ,128,BURNABY   ,0,0,<null>,LAB
1121,CMPT    ,128,SURREY    ,0,0,<null>,LAB
1161,CMPT    ,295,SURREY    ,0,0,<null>,LAB
1181,MSE     ,921,SURREY    ,0,0,<null>,OPL
1107,ENSC    ,325,BURNABY   ,1,0,<null>,OPL
1104,ENSC    ,296,OFF       ,10,0,<null>,SEC
1141,ENSC    ,406,BURNABY   ,18,15,<null>,TUT
1141,ENSC    ,406,BURNABY   ,18,18,<null>,TUT
1131,ENSC    ,374,BURNABY   ,28,0,<null>,LAB
1171,ENSC    ,462,BURNABY   ,5,0,<null>,LEC
1131,ENSC    ,462,SURREY    ,15,0,<null>,LEC
1124,ENSC    ,462,SURREY    ,40,0,<null>,LEC
1137,ENSC    ,895,BURNABY   ,30,0,<null>,LEC
1087,KIN     ,110,BURNABY   ,18,17,<null>,TUT
1081,KIN     ,336,BURNABY   ,16,12,<null>,LAB
1081,MATH    ,154,BURNABY   ,60,0,<null>,OPL
1114,MATH    ,342,BURNABY   ,32,31,<null>,TUT
1144,MATH    ,342,BURNABY   ,40,37,<null>,TUT
1114,MATH    ,895,BURNABY   ,6,0,<null>,SEC
1164,MATH    ,899,OFF       ,5,1,<null>,SEC
1177,MATH    ,895,BURNABY   ,6,0,<null>,SEC
1091,KIN     ,898,BURNABY   ,30,18,<null>,SEC
1121,CMPT    ,150,HRBRCNTR  ,52,0,<null>,LEC
1117,MATH    ,877,BURNABY   ,5,0,<null>,SEC
1131,ENSC    ,351,BURNABY   ,22,0,<null>,TUT
1111,ENSC    ,195,SURREY    ,10,8,<null>,SEC
1097,MATH    ,436,BURNABY   ,20,1,Faye Stefan                                                                                                                                                                                                                                               ,SEC
1087,KIN     ,110,HRBRCNTR  ,18,17,<null>,TUT
1087,KIN     ,143,BURNABY   ,40,40,<null>,LAB
1134,MATH    ,437,OFF       ,20,0,<null>,SEC
1167,MATH    ,895,BURNABY   ,6,0,<null>,SEC
1084,KIN     ,850,BURNABY   ,20,0,<null>,SEC
1114,MATH    ,895,BURNABY   ,5,0,<null>,SEC
1087,MATH    ,157,SURREY    ,200,0,<null>,OPL
1094,ENSC    ,325,BURNABY   ,70,0,<null>,OPL
1087,ENSC    ,325,BURNABY   ,0,0,<null>,TUT
1111,ENSC    ,195,OFF       ,10,3,<null>,SEC
1107,ENSC    ,312,SURREY    ,0,0,<null>,LEC
1107,CMPT    ,128,BURNABY   ,0,0,<null>,LAB
1121,ENSC    ,320,BURNABY   ,105,0,<null>,OPL
1114,ENSC    ,320,BURNABY   ,0,0,<null>,LEC
1101,ENSC    ,494,SURREY    ,10,3,<null>,SEC
1107,CMPT    ,128,SURREY    ,0,0,<null>,LAB
1107,MATH    ,877,BURNABY   ,5,0,<null>,SEC
1181,ENSC    ,450,BURNABY   ,80,0,<null>,LEC
1151,CHIN    ,281,BURNABY   ,10,0,<null>,TUT
1087,MACM    ,101,SURREY    ,24,24,<null>,LAB
1087,MACM    ,101,SURREY    ,24,20,<null>,LAB
1161,MATH    ,155,BURNABY   ,60,0,<null>,OPL
1117,MATH    ,322,BURNABY   ,37,37,<null>,TUT
1081,IAT     ,312,SURREY    ,23,0,<null>,LAB
1087,MATH    ,157,BURNABY   ,60,0,<null>,OPL
1144,MATH    ,895,BURNABY   ,6,0,<null>,SEC
1097,ENSC    ,472,BURNABY   ,20,0,<null>,LEC
1097,ENSC    ,100,BURNABY   ,3,0,<null>,RQL
1107,CMPT    ,128,SURREY    ,0,0,<null>,LAB
1107,CMPT    ,128,SURREY    ,0,0,<null>,LAB
1171,MSE     ,490,SURREY    ,10,0,<null>,SEM
1137,ENSC    ,374,BURNABY   ,25,0,<null>,LEC
1144,MATH    ,342,BURNABY   ,40,37,<null>,TUT
1084,CMNS    ,342,HRBRCNTR  ,0,0,<null>,TUT
1084,TECH    ,101W      ,SURREY    ,48,0,<null>,INS
1117,MATH    ,232,SURREY    ,48,0,<null>,OPL
1164,MATH    ,232,SURREY    ,0,0,<null>,LAB
1131,MATH    ,232,SURREY    ,60,0,<null>,OPL
1114,MATH    ,337,OFF       ,20,0,<null>,SEC
1107,MATH    ,322,BURNABY   ,32,0,<null>,TUT
1171,MATH    ,158,BURNABY   ,60,0,<null>,OPL
1104,MATH    ,157,BURNABY   ,60,0,<null>,OPL
1164,MATH    ,899,BURNABY   ,35,28,<null>,SEC
1174,MATH    ,899,OFF       ,5,0,<null>,SEC
1114,MATH    ,342,BURNABY   ,32,29,<null>,TUT
1104,MATH    ,342,BURNABY   ,32,21,<null>,TUT
1114,MATH    ,337,BURNABY   ,20,4,<null>,SEC
1154,MATH    ,342,BURNABY   ,40,18,<null>,TUT
1081,ENSC    ,150,BURNABY   ,50,28,<null>,TUT
1167,MATH    ,895,BURNABY   ,6,0,<null>,SEC
1134,MATH    ,893,OFF       ,20,0,<null>,SEC
1094,MATH    ,877,BURNABY   ,5,0,<null>,SEC
1164,MATH    ,877,BURNABY   ,5,1,<null>,SEC
1111,ENSC    ,194,BURNABY   ,1,0,<null>,SEC
1081,ENSC    ,196,BURNABY   ,10,7,<null>,SEC
1114,ENSC    ,195,BURNABY   ,20,21,<null>,SEC
1111,ENSC    ,194,OFF       ,1,0,<null>,SEC
1164,ENSC    ,264,BURNABY   ,7,5,Lakshman One                                                                                                                                                                                                                                              ,LAB
1167,MATH    ,895,BURNABY   ,5,0,<null>,SEC
1084,CMNS    ,230,BURNABY   ,0,0,<null>,TUT
1181,MSE     ,490,SURREY    ,10,0,<null>,SEM
1091,IAT     ,206,SURREY    ,24,0,<null>,TUT
1131,ENSC    ,483,BURNABY   ,50,0,<null>,OPL
1121,MATH    ,232,SURREY    ,60,0,<null>,OPL
1174,MATH    ,232,SURREY    ,0,0,<null>,OPL
1111,ENSC    ,283,SURREY    ,25,0,<null>,LAB
1094,MATH    ,470,BURNABY   ,30,0,<null>,LEC
1111,ENSC    ,194,OFF       ,0,0,<null>,SEC
1081,REM     ,690,BURNABY   ,10,4,<null>,SEC
1091,REM     ,690,BURNABY   ,10,1,<null>,SEC
1134,ENSC    ,402,BURNABY   ,5,0,<null>,SEC
1147,ENSC    ,402,BURNABY   ,10,0,<null>,SEC
1087,MATH    ,308,BURNABY   ,32,17,<null>,TUT
1157,ENSC    ,402,BURNABY   ,10,0,<null>,SEC
1104,ENSC    ,296,OFF       ,1,1,<null>,SEC
1101,MATH    ,152,SURREY    ,60,0,<null>,OPL
1114,ENSC    ,296,SURREY    ,30,7,<null>,SEC
1094,ENSC    ,250,BURNABY   ,30,29,<null>,TUT
1101,ENSC    ,320,BURNABY   ,24,24,<null>,TUT
1094,ENSC    ,250,BURNABY   ,28,28,<null>,TUT
1144,ENSC    ,494,BURNABY   ,10,1,<null>,SEC
1141,ENSC    ,406,BURNABY   ,18,17,<null>,TUT
1097,ENSC    ,396,BURNABY   ,50,1,<null>,SEC
1091,MATH    ,398,BURNABY   ,0,0,<null>,SEM
1094,CMNS    ,454,HRBRCNTR  ,18,0,<null>,TUT
1171,MSE     ,210,SURREY    ,0,0,<null>,OPL
1131,ENSC    ,150,BURNABY   ,42,42,<null>,TUT
1171,ENSC    ,892,BURNABY   ,80,0,<null>,SEC
1137,ENSC    ,899,BURNABY   ,100,53,<null>,SEC
1134,ENSC    ,892,BURNABY   ,40,4,<null>,SEC
1081,ENSC    ,351,BURNABY   ,22,22,<null>,LAB
1091,ENSC    ,351,BURNABY   ,22,13,<null>,LAB
1171,ENSC    ,402,BURNABY   ,2,0,<null>,SEC
1091,ENSC    ,351,BURNABY   ,22,15,<null>,LAB
1097,ENSC    ,100,BURNABY   ,0,0,<null>,RQL
1094,ENSC    ,897,BURNABY   ,45,0,<null>,SEC
1174,ENSC    ,897,BURNABY   ,10,2,<null>,SEC
1087,CMPT    ,474,SURREY    ,24,0,<null>,LEC
1091,KIN     ,110,BURNABY   ,18,18,<null>,TUT
1087,KIN     ,110,BURNABY   ,18,17,<null>,TUT
1087,KIN     ,110,BURNABY   ,18,18,<null>,TUT
1087,KIN     ,142,BURNABY   ,19,19,<null>,LAB
1084,REM     ,699,BURNABY   ,100,62,<null>,SEC
1094,CMNS    ,240,BURNABY   ,18,18,<null>,TUT
1157,MSE     ,320,SURREY    ,0,0,<null>,OPL
1164,MATH    ,1XX       ,BURNABY   ,1,1,<null>,LEC
1111,MATH    ,381W      ,BURNABY   ,32,0,<null>,TUT
1091,CMPT    ,170,SURREY    ,24,0,<null>,LAB
1114,ENSC    ,893,SURREY    ,15,2,<null>,TUT
1101,ENSC    ,474,BURNABY   ,1,0,<null>,OPL
1137,MATH    ,879,BURNABY   ,6,1,<null>,SEC
1174,ENSC    ,703,OFF       ,10,0,Harriet Chicoine                                                                                                                                                                                                                                          ,PRA
1121,ENSC    ,374,BURNABY   ,10,0,<null>,LAB
1161,MATH    ,899,BURNABY   ,35,21,<null>,SEC
1171,MATH    ,899,BURNABY   ,35,25,<null>,SEC
1141,MATH    ,309,BURNABY   ,33,30,<null>,TUT
1127,ENSC    ,895,BURNABY   ,30,0,<null>,LEC
1131,ENSC    ,895,SURREY    ,10,0,<null>,LEC
1151,ENSC    ,895,BURNABY   ,5,0,<null>,LAB
1147,ENSC    ,2XX       ,BURNABY   ,3,8,<null>,LEC
1177,ENSC    ,120,BURNABY   ,30,0,<null>,LAB
1151,MATH    ,796,BURNABY   ,10,0,<null>,LEC
1087,ENSC    ,396,OFF       ,50,1,<null>,SEC
1114,ENSC    ,396,OFF       ,5,1,<null>,SEC
1087,KIN     ,142,BURNABY   ,19,19,<null>,LAB
1091,KIN     ,303,BURNABY   ,18,18,<null>,LAB
1081,REM     ,100,SURREY    ,18,16,<null>,TUT
1097,CMPT    ,126,BURNABY   ,26,0,<null>,LAB
1084,MATH    ,151,BURNABY   ,60,0,<null>,OPL
1091,CMNS    ,240,BURNABY   ,18,19,<null>,TUT
1087,CMNS    ,354,HRBRCNTR  ,18,17,<null>,LAB
1144,MSE     ,498,SURREY    ,5,1,<null>,SEC
1157,MATH    ,1XX       ,BURNABY   ,5,6,<null>,LEC
1147,ENSC    ,100W      ,BURNABY   ,8,8,<null>,TUT
1147,MSE     ,250,BURNABY   ,1,1,<null>,LEC
1164,CMPT    ,295,BURNABY   ,0,0,Anthony Dixon                                                                                                                                                                                                                                             ,LAB
1174,MSE     ,411,SURREY    ,0,0,Farid Golnaraghi                                                                                                                                                                                                                                          ,OPL
1171,MATH    ,801,BURNABY   ,5,5,Michael Monagan                                                                                                                                                                                                                                           ,TUT
1177,MATH    ,846,BURNABY   ,15,7,Petr Lisonek                                                                                                                                                                                                                                              ,LEC
1164,CMPT    ,295,BURNABY   ,26,17,Anthony Dixon                                                                                                                                                                                                                                             ,LAB
1164,MSE     ,411,SURREY    ,33,0,Flavio Firmani                                                                                                                                                                                                                                            ,OPL
1177,ENSC    ,477,BURNABY   ,40,28,"Marinko Sarunic, Teresa Cheung                                                                                                                                                                                                                            ",TUT
1147,ENSC    ,251,BURNABY   ,192,158,Lesley Shannon                                                                                                                                                                                                                                            ,LEC
1164,MSE     ,193,SURREY    ,10,0,Stephanie DeRapp                                                                                                                                                                                                                                          ,SEC
1174,MSE     ,193,SURREY    ,10,0,Stephanie DeRapp                                                                                                                                                                                                                                          ,SEC
1157,MSE     ,487,SURREY    ,5,3,Jiacheng Wang                                                                                                                                                                                                                                             ,SEM
1161,MSE     ,102,SURREY    ,96,81,Kevin Oldknow                                                                                                                                                                                                                                             ,LEC
1127,MACM    ,204,BURNABY   ,22,21,<null>,LAB
1164,MSE     ,110,SURREY    ,35,33,Amr Marzouk                                                                                                                                                                                                                                               ,LAB
1154,CMPT    ,130,SURREY    ,20,20,Brian Fraser                                                                                                                                                                                                                                              ,LAB
1151,MSE     ,294,OFF       ,10,0,Stephanie DeRapp                                                                                                                                                                                                                                          ,SEC
1161,MSE     ,410,SURREY    ,32,0,Farid Golnaraghi                                                                                                                                                                                                                                          ,OPL
1171,MSE     ,410,SURREY    ,0,0,Farid Golnaraghi                                                                                                                                                                                                                                          ,OPL
1137,MSE     ,393,OFF       ,10,7,Harriet Chicoine                                                                                                                                                                                                                                          ,SEC
1171,MSE     ,394,SURREY    ,10,3,Stephanie DeRapp                                                                                                                                                                                                                                          ,SEC
1161,MSE     ,394,OFF       ,10,1,Stephanie DeRapp                                                                                                                                                                                                                                          ,SEC
1177,MSE     ,394,OFF       ,10,1,Stephanie DeRapp                                                                                                                                                                                                                                          ,SEC
1147,MSE     ,221,SURREY    ,42,0,<null>,LEC
1171,ENSC    ,808,BURNABY   ,25,0,<null>,LEC
1144,MATH    ,381W      ,SUR       ,25,12,<null>,TUT
1111,ENSC    ,893,BURNABY   ,0,0,<null>,LEC
1107,CMPT    ,106,SURREY    ,0,0,<null>,TUT
1087,CMNS    ,110,BURNABY   ,18,19,<null>,TUT
1147,ENSC    ,892,BURNABY   ,80,0,<null>,SEC
1181,ENSC    ,892,BURNABY   ,15,0,<null>,SEC
1134,ENSC    ,892,OFF       ,40,0,<null>,SEC
1104,ENSC    ,396,SURREY    ,10,0,<null>,SEC
1097,MATH    ,800,SURREY    ,15,0,<null>,LEC
1151,MATH    ,895,OFF       ,3,0,<null>,SEC
1087,REM     ,356,BURNABY   ,18,18,<null>,TUT
1087,ENSC    ,450,BURNABY   ,56,0,<null>,OPL
1091,ENSC    ,892,BURNABY   ,30,1,<null>,SEC
1094,ENSC    ,250,BURNABY   ,25,0,<null>,TUT
1161,MATH    ,808,SURREY    ,25,0,<null>,LEC
1081,IAT     ,337,SURREY    ,24,0,<null>,LAB
1107,CMPT    ,106,SURREY    ,0,0,<null>,TUT
1124,ENSC    ,442W      ,SURREY    ,50,0,<null>,SEM
1081,IAT     ,267,SURREY    ,24,0,<null>,WKS
1084,IAT     ,267,SURREY    ,24,0,<null>,TUT
1134,MSE     ,491,SURREY    ,50,0,<null>,LEC
1157,ENSC    ,100W      ,BURNABY   ,8,8,<null>,LAB
1101,MATH    ,819,BURNABY   ,10,0,<null>,LEC
1151,ENSC    ,350,BURNABY   ,45,0,<null>,RQL
1151,ENSC    ,350,BURNABY   ,45,0,<null>,RQL
1137,CMPT    ,628,METRO     ,30,0,Harriet Chicoine                                                                                                                                                                                                                                          ,PRA
1167,ENSC    ,251,BURNABY   ,48,46,William Scratchley                                                                                                                                                                                                                                        ,LAB
1174,ENSC    ,252,BURNABY   ,45,35,Peter Hallschmid                                                                                                                                                                                                                                          ,LAB
1157,ENSC    ,252,BURNABY   ,37,36,Lakshman One                                                                                                                                                                                                                                              ,LAB
1167,ENSC    ,252,BURNABY   ,180,187,Lakshman One                                                                                                                                                                                                                                              ,TUT
1147,ENSC    ,120,BURNABY   ,30,30,Meenakshinathan Parameswaran                                                                                                                                                                                                                              ,LAB
1157,ENSC    ,120,BURNABY   ,34,33,Meenakshinathan Parameswaran                                                                                                                                                                                                                              ,LAB
1147,ENSC    ,120,BURNABY   ,30,31,Meenakshinathan Parameswaran                                                                                                                                                                                                                              ,LAB
1181,MSE     ,101W      ,SURREY    ,80,74,Maureen Hindy                                                                                                                                                                                                                                             ,TUT
1177,MSE     ,310,SURREY    ,54,47,Mohammad Narimani                                                                                                                                                                                                                                         ,LAB
1137,MSE     ,250,SURREY    ,36,0,Ahmad Rad                                                                                                                                                                                                                                                 ,LAB
1161,MSE     ,280,SURREY    ,130,0,Amr Marzouk                                                                                                                                                                                                                                               ,OPL
1144,MSE     ,110,SURREY    ,60,60,Amr Marzouk                                                                                                                                                                                                                                               ,LEC
1161,MSE     ,110,SURREY    ,30,0,Amr Marzouk                                                                                                                                                                                                                                               ,OPL
1151,MSE     ,251,SURREY    ,43,29,Behraad Bahreyni                                                                                                                                                                                                                                          ,LAB
1167,CMPT    ,166,SURREY    ,26,26,Toby Donaldson                                                                                                                                                                                                                                            ,LAB
1151,CMPT    ,828,BURNABY   ,20,14,Mark Drew                                                                                                                                                                                                                                                 ,SEM
1141,CHIN    ,291,BURNABY   ,25,24,Bin Zheng                                                                                                                                                                                                                                                 ,TUT
1161,MATH    ,882,BURNABY   ,10,0,. Faculty                                                                                                                                                                                                                                                 ,SEC
1091,IAT     ,333,SURREY    ,24,16,Ronald Wakkary                                                                                                                                                                                                                                            ,STL
1107,ENSC    ,100W      ,BURNABY   ,4,5,Michael Sjoerdsma                                                                                                                                                                                                                                         ,TUT
1127,ENSC    ,100W      ,BURNABY   ,5,5,. Faculty                                                                                                                                                                                                                                                 ,TUT
1151,MSE     ,390,SURREY    ,43,17,Flavio Firmani                                                                                                                                                                                                                                            ,LAB
1131,CMPT    ,781,BURNABY   ,20,4,Renee McCallum                                                                                                                                                                                                                                            ,LEC
1167,CMPT    ,166,SURREY    ,130,126,Toby Donaldson                                                                                                                                                                                                                                            ,LEC
1181,CMPT    ,135,SURREY    ,93,71,John Edgar                                                                                                                                                                                                                                                ,LEC
1131,CMPT    ,105W      ,SURREY    ,62,59,Harinder Khangura                                                                                                                                                                                                                                         ,LEC
1174,ENSC    ,280,BURNABY   ,56,53,Atousa Hajshirmohammadi                                                                                                                                                                                                                                   ,LAB
1181,CMPT    ,373,SURREY    ,24,6,William Sumner                                                                                                                                                                                                                                            ,TUT
1131,CMPT    ,473,SURREY    ,35,32,Robert Cameron                                                                                                                                                                                                                                            ,LEC
1181,CMPT    ,373,SURREY    ,24,12,William Sumner                                                                                                                                                                                                                                            ,TUT
1157,CMPT    ,373,SURREY    ,24,24,William Sumner                                                                                                                                                                                                                                            ,TUT
1101,DDP     ,210,OFF       ,30,11,Qianping Gu                                                                                                                                                                                                                                               ,SEC
1177,CMPT    ,711,BURNABY   ,25,14,Leonid Chindelevitch                                                                                                                                                                                                                                      ,LEC
1137,DDP     ,210,OFF       ,30,5,Ze-Nian Li                                                                                                                                                                                                                                                ,SEC
1101,DDP     ,310,OFF       ,30,5,Qianping Gu                                                                                                                                                                                                                                               ,SEC
1137,DDP     ,310,OFF       ,30,5,Ze-Nian Li                                                                                                                                                                                                                                                ,SEC
1131,ENSC    ,451,SURREY    ,72,73,Amr Marzouk                                                                                                                                                                                                                                               ,LEC
1107,CMPT    ,771,BURNABY   ,30,29,Jiangchuan Liu                                                                                                                                                                                                                                            ,LEC
1127,ENSC    ,281,SURREY    ,100,99,Woo Soo Kim                                                                                                                                                                                                                                               ,TUT
1107,ENSC    ,329,SURREY    ,66,47,Ali Abdul Hussein                                                                                                                                                                                                                                         ,LEC
1127,ENSC    ,329,SURREY    ,25,0,. TBD                                                                                                                                                                                                                                                     ,LAB
1087,IAT     ,334,SURREY    ,24,21,Victoria Moulder                                                                                                                                                                                                                                          ,LAB
1147,MSE     ,100,SURREY    ,40,38,Krishna Vijayaraghavan                                                                                                                                                                                                                                    ,LAB
1177,MSE     ,100,SURREY    ,120,116,"Kambiz Haji Hajikolaei, Krishna Vijayaraghavan                                                                                                                                                                                                            ",LEC
1134,MSE     ,893,SURREY    ,10,7,Carolyn Sparrey                                                                                                                                                                                                                                           ,TUT
1134,MSE     ,895,SURREY    ,10,13,Woo Soo Kim                                                                                                                                                                                                                                               ,LAB
1164,MSE     ,711,SURREY    ,5,2,Mohammad Amin Rasouli                                                                                                                                                                                                                                     ,LEC
1144,MSE     ,722,SURREY    ,10,9,Erik Kjeang                                                                                                                                                                                                                                               ,LEC
1181,MSE     ,782,SURREY    ,2,2,Mehrdad Moallem                                                                                                                                                                                                                                           ,LAB
1144,MSE     ,391,SURREY    ,148,139,Jiacheng Wang                                                                                                                                                                                                                                             ,TUT
1171,MSE     ,102,SURREY    ,120,81,Bruce Fingarson                                                                                                                                                                                                                                           ,LEC
1134,MSE     ,490,SURREY    ,50,25,Carolyn Sparrey                                                                                                                                                                                                                                           ,LEC
1127,ENSC    ,100W      ,BURNABY   ,5,6,. Faculty                                                                                                                                                                                                                                                 ,TUT
1127,CMPT    ,741,BURNABY   ,35,27,Ke Wang                                                                                                                                                                                                                                                   ,LEC
1087,KIN     ,110,HRBRCNTR  ,18,18,<null>,TUT
1087,IAT     ,244,SURREY    ,24,24,Michael Filimowicz                                                                                                                                                                                                                                        ,LAB
1087,IAT     ,244,SURREY    ,24,22,Michael Filimowicz                                                                                                                                                                                                                                        ,LAB
1177,CMPT    ,225,BURNABY   ,208,204,Golnar Sheikhshabbafghi                                                                                                                                                                                                                                   ,LEC
1167,CMPT    ,225,SURREY    ,84,79,Arthur Kirkpatrick                                                                                                                                                                                                                                        ,LEC
1081,CMPT    ,120,BURNABY   ,34,31,Diana Cukierman                                                                                                                                                                                                                                           ,LAB
1081,CMPT    ,120,BURNABY   ,32,31,Diana Cukierman                                                                                                                                                                                                                                           ,LAB
1157,CMPT    ,120,BURNABY   ,26,25,Anne Lavergne                                                                                                                                                                                                                                             ,LAB
1127,DDP     ,210,OFF       ,30,3,Qianping Gu                                                                                                                                                                                                                                               ,SEC
1127,MATH    ,708,SURREY    ,10,6,Abraham Punnen                                                                                                                                                                                                                                            ,LEC
1157,MATH    ,709,BURNABY   ,10,3,Benjamin Adcock                                                                                                                                                                                                                                           ,LEC
1087,IAT     ,402,SURREY    ,60,18,". TBD, Kenneth Zupan, Thecla Schiphorst, Yingchen Yang                                                                                                                                                                                                    ",LEC
1134,CMPT    ,777,BURNABY   ,15,12,Evgenia Ternovska                                                                                                                                                                                                                                         ,LEC
1131,ENSC    ,283,SURREY    ,115,111,. TBD                                                                                                                                                                                                                                                     ,TUT
1114,ENSC    ,311,SURREY    ,70,55,Michael Brydon                                                                                                                                                                                                                                            ,LEC
1171,MATH    ,341,BURNABY   ,34,16,Nathan Ilten                                                                                                                                                                                                                                              ,LEC
1147,CMPT    ,441,BURNABY   ,25,20,Suleyman Sahinalp                                                                                                                                                                                                                                         ,LEC
1107,ENSC    ,100W      ,BURNABY   ,7,7,Michael Sjoerdsma                                                                                                                                                                                                                                         ,TUT
1081,IAT     ,100,SURREY    ,24,24,Jack Stockholm III                                                                                                                                                                                                                                        ,STL
1167,CMPT    ,225,BURNABY   ,182,178,David Mitchell                                                                                                                                                                                                                                            ,LEC
1167,CMPT    ,225,SURREY    ,18,15,Arthur Kirkpatrick                                                                                                                                                                                                                                        ,LAB
1177,MATH    ,348,SURREY    ,32,0,<null>,TUT
1157,CMPT    ,120,BURNABY   ,26,25,Anne Lavergne                                                                                                                                                                                                                                             ,LAB
1174,CMPT    ,120,BURNABY   ,26,26,Anne Lavergne                                                                                                                                                                                                                                             ,LAB
1101,CMPT    ,125,BURNABY   ,25,22,Louis Hafer                                                                                                                                                                                                                                               ,LAB
1087,CMPT    ,705,BURNABY   ,37,36,Ramesh Krishnamurti                                                                                                                                                                                                                                       ,LEC
1104,CMPT    ,705,BURNABY   ,25,12,Petra Berenbrink                                                                                                                                                                                                                                          ,LEC
1114,CMPT    ,705,BURNABY   ,10,9,Petra Berenbrink                                                                                                                                                                                                                                          ,LEC
1151,CMPT    ,881,BURNABY   ,5,0,Michael Monagan                                                                                                                                                                                                                                           ,TUT
1177,MSE     ,250,SURREY    ,42,25,Ahmad Rad                                                                                                                                                                                                                                                 ,LAB
1174,MSE     ,381,SURREY    ,110,93,Siamak Arzanpour                                                                                                                                                                                                                                          ,LEC
1144,MSE     ,381,SURREY    ,41,39,Siamak Arzanpour                                                                                                                                                                                                                                          ,LAB
1154,MSE     ,381,SURREY    ,40,39,Siamak Arzanpour                                                                                                                                                                                                                                          ,LAB
1144,MSE     ,381,SURREY    ,41,35,Siamak Arzanpour                                                                                                                                                                                                                                          ,LAB
1144,MSE     ,381,SURREY    ,31,0,Siamak Arzanpour                                                                                                                                                                                                                                          ,LAB
1154,MSE     ,381,SURREY    ,40,39,Siamak Arzanpour                                                                                                                                                                                                                                          ,LAB
1164,CMPT    ,135,SURREY    ,25,22,Toby Donaldson                                                                                                                                                                                                                                            ,LAB
1167,MACM    ,204,BURNABY   ,40,34,Michael Monagan                                                                                                                                                                                                                                           ,LEC
1141,CMPT    ,496,BURNABY   ,6,6,"Arthur Kirkpatrick, Gregory Baker                                                                                                                                                                                                                         ",SEC
1087,CMPT    ,885,BURNABY   ,15,4,Xiaohong Jiang                                                                                                                                                                                                                                            ,SEM
1087,DDP     ,310,OFF       ,15,5,<null>,SEC
1084,CMNS    ,486,BURNABY   ,25,18,Shane Gunster                                                                                                                                                                                                                                             ,SEM
1081,CMNS    ,210,HRBRCNTR  ,72,80,Roman Onufrijchuk                                                                                                                                                                                                                                         ,LEC
1091,CMNS    ,437,BURNABY   ,30,28,Kathleen Cross                                                                                                                                                                                                                                            ,SEM
1081,CMNS    ,881,BURNABY   ,15,0,. Faculty                                                                                                                                                                                                                                                 ,SEC
1091,CMNS    ,881,BURNABY   ,15,2,. Faculty                                                                                                                                                                                                                                                 ,SEC
1094,CMNS    ,802,HRBRCNTR  ,15,4,Alison Beale                                                                                                                                                                                                                                              ,LEC
1091,CMPT    ,XX1       ,KAM       ,5,4,Ping Ding                                                                                                                                                                                                                                                 ,SEC
1181,CMPT    ,894,BURNABY   ,1,1,<null>,SEC
1124,CMPT    ,165,SURREY    ,25,24,Brian Fraser                                                                                                                                                                                                                                              ,LAB
1147,CMPT    ,165,SURREY    ,13,9,Harinder Khangura                                                                                                                                                                                                                                         ,LAB
1147,ENSC    ,440W      ,BURNABY   ,80,65,Andrew Rawicz                                                                                                                                                                                                                                             ,LEC
1091,IAT     ,333,SURREY    ,24,24,Ronald Wakkary                                                                                                                                                                                                                                            ,STL
1151,MATH    ,701,BURNABY   ,5,0,Michael Monagan                                                                                                                                                                                                                                           ,LEC
1081,KIN     ,110,BURNABY   ,18,18,<null>,TUT
1091,IAT     ,812,SURREY    ,24,18,Bernhard Riecke                                                                                                                                                                                                                                           ,SEM
1094,MATH    ,254,BURNABY   ,96,72,Bryan Quaife                                                                                                                                                                                                                                              ,LEC
1094,KIN     ,110,BURNABY   ,17,11,<null>,TUT
1091,KIN     ,303,BURNABY   ,18,18,<null>,LAB
1094,KIN     ,311,BURNABY   ,18,16,<null>,TUT
1081,KIN     ,336,BURNABY   ,16,15,<null>,LAB
1084,KIN     ,311,BURNABY   ,18,18,<null>,TUT
1087,KIN     ,110,BURNABY   ,18,18,<null>,TUT
1081,IAT     ,100,SURREY    ,24,24,Lorna Boschman                                                                                                                                                                                                                                            ,STL
1087,MACM    ,101,SURREY    ,24,22,<null>,LAB
1094,CMPT    ,128,SURREY    ,24,23,Toby Donaldson                                                                                                                                                                                                                                            ,LAB
1101,CMPT    ,881,BURNABY   ,10,8,Ramesh Krishnamurti                                                                                                                                                                                                                                       ,LEC
1101,CMPT    ,881,BURNABY   ,10,3,Binay Bhattacharya                                                                                                                                                                                                                                        ,LEC
1091,ENSC    ,894,BURNABY   ,10,0,"Farid Golnaraghi, Marinko Sarunic                                                                                                                                                                                                                         ",LEC
1161,ENSC    ,894,BURNABY   ,1,1,Glenn Chapman                                                                                                                                                                                                                                             ,LEC
1091,ENSC    ,894,BURNABY   ,10,7,Marinko Sarunic                                                                                                                                                                                                                                           ,LEC
1167,ENSC    ,894,BURNABY   ,5,6,Glenn Chapman                                                                                                                                                                                                                                             ,LAB
1111,ENSC    ,283,SURREY    ,32,0,<null>,LAB
1091,ENSC    ,376,BURNABY   ,15,0,<null>,LEC
1177,CMPT    ,110,BURNABY   ,65,48,Steven Pearce                                                                                                                                                                                                                                             ,LEC
1091,CMPT    ,165,BURNABY   ,33,33,Colin Stewart                                                                                                                                                                                                                                             ,LAB
1107,CMPT    ,165,BURNABY   ,26,26,Anne Lavergne                                                                                                                                                                                                                                             ,LAB
1084,MATH    ,240,BURNABY   ,64,41,Kai-Uwe Schmidt                                                                                                                                                                                                                                           ,LEC
1121,CMPT    ,497,BURNABY   ,15,8,Ramesh Krishnamurti                                                                                                                                                                                                                                       ,LEC
1164,CMPT    ,477,BURNABY   ,49,33,Evgenia Ternovska                                                                                                                                                                                                                                         ,LEC
1094,IAT     ,486,SURREY    ,1,5,Thecla Schiphorst                                                                                                                                                                                                                                         ,LEC
1151,ENSC    ,476,BURNABY   ,30,28,Marinko Sarunic                                                                                                                                                                                                                                           ,TUT
1127,ENSC    ,100W      ,BURNABY   ,5,7,. Faculty                                                                                                                                                                                                                                                 ,TUT
1107,ENSC    ,100W      ,BURNABY   ,4,5,Michael Sjoerdsma                                                                                                                                                                                                                                         ,TUT
1157,ENSC    ,440W      ,BURNABY   ,120,118,Andrew Rawicz                                                                                                                                                                                                                                             ,LEC
1081,IAT     ,206,SURREY    ,120,106,Niranjan Rajah                                                                                                                                                                                                                                            ,LEC
1087,CMNS    ,261,BURNABY   ,72,69,Donald Gutstein                                                                                                                                                                                                                                           ,LEC
1084,CMNS    ,261,BURNABY   ,60,29,Donald Gutstein                                                                                                                                                                                                                                           ,SEC
1147,CMPT    ,165,SURREY    ,25,24,Harinder Khangura                                                                                                                                                                                                                                         ,LAB
1134,CMPT    ,165,SURREY    ,26,25,Harinder Khangura                                                                                                                                                                                                                                         ,LAB
1094,CMPT    ,275,SURREY    ,30,27,Toby Donaldson                                                                                                                                                                                                                                            ,LEC
1097,CMPT    ,250,BURNABY   ,130,107,Anthony Dixon                                                                                                                                                                                                                                             ,LEC
1107,CMPT    ,307,BURNABY   ,85,82,Gabor Tardos                                                                                                                                                                                                                                              ,LEC
1101,CMPT    ,250,BURNABY   ,26,25,Anthony Dixon                                                                                                                                                                                                                                             ,LAB
1141,CMPT    ,300,BURNABY   ,98,95,Steven Pearce                                                                                                                                                                                                                                             ,LEC
1084,CMPT    ,165,BURNABY   ,112,98,"Frederick Popowich, Steven Pearce                                                                                                                                                                                                                         ",LEC
1127,CMPT    ,383,BURNABY   ,75,74,Piper Jackson                                                                                                                                                                                                                                             ,LEC
1157,CMPT    ,354,BURNABY   ,85,85,James Delgrande                                                                                                                                                                                                                                           ,LEC
1087,CMPT    ,250,BURNABY   ,28,28,Anthony Dixon                                                                                                                                                                                                                                             ,LAB
1097,CMPT    ,165,BURNABY   ,175,171,Gregory Baker                                                                                                                                                                                                                                             ,LEC
1124,CMPT    ,165,BURNABY   ,26,25,Colin Stewart                                                                                                                                                                                                                                             ,LAB
1097,ENSC    ,100,BURNABY   ,4,3,<null>,RQL
1114,CMPT    ,165,BURNABY   ,150,143,Gregory Baker                                                                                                                                                                                                                                             ,SEC
1091,ENSC    ,380,SURREY    ,36,21,<null>,TUT
1144,ENSC    ,899,BURNABY   ,120,59,<null>,SEC
1144,ENSC    ,899,OFF       ,10,2,<null>,SEC
1117,CMPT    ,419,BURNABY   ,26,19,Gregory Mori                                                                                                                                                                                                                                              ,LEC
1154,CMPT    ,416,BURNABY   ,3,3,"Arthur Kirkpatrick, Gregory Mori                                                                                                                                                                                                                          ",SEC
1107,CMPT    ,430,BURNABY   ,7,6,Harriet Chicoine                                                                                                                                                                                                                                          ,SEC
1117,CMPT    ,430,BURNABY   ,4,2,Cristina Eftenaru                                                                                                                                                                                                                                         ,SEC
1131,CMPT    ,430,OFF       ,15,0,Harriet Chicoine                                                                                                                                                                                                                                          ,SEC
1141,CMPT    ,165,BURNABY   ,60,57,Gregory Baker                                                                                                                                                                                                                                             ,SEC
1151,CMPT    ,165,BURNABY   ,75,75,". Faculty, Stephen Makonin                                                                                                                                                                                                                                ",SEC
1124,CMPT    ,165,BURNABY   ,26,20,Colin Stewart                                                                                                                                                                                                                                             ,LAB
1131,CMPT    ,165,BURNABY   ,26,26,Anne Lavergne                                                                                                                                                                                                                                             ,LAB
1121,CMPT    ,165,SURREY    ,125,117,Colin Stewart                                                                                                                                                                                                                                             ,LEC
1134,CMPT    ,165,SURREY    ,25,20,Harinder Khangura                                                                                                                                                                                                                                         ,LAB
1151,CMPT    ,300,SURREY    ,98,98,Brian Fraser                                                                                                                                                                                                                                              ,LEC
1157,CMPT    ,427,OFF       ,15,3,Harriet Chicoine                                                                                                                                                                                                                                          ,SEC
1161,CMPT    ,427,OFF       ,15,6,Harriet Chicoine                                                                                                                                                                                                                                          ,SEC
1164,CMPT    ,430,METRO     ,15,1,Harriet Chicoine                                                                                                                                                                                                                                          ,SEC
1081,CMNS    ,372,BURNABY   ,120,114,Ian Chunn                                                                                                                                                                                                                                                 ,SEC
1127,ENSC    ,194,BURNABY   ,10,0,<null>,SEC
1171,ENSC    ,892,OFF       ,10,0,<null>,SEC
1097,ENSC    ,472,BURNABY   ,20,0,<null>,LAB
1081,IAT     ,312,SURREY    ,24,0,<null>,LAB
1144,MSE     ,495,SURREY    ,5,0,<null>,LAB
1181,MSE     ,921,SURREY    ,0,0,<null>,OPL
1124,ENSC    ,350,BURNABY   ,30,27,Lakshman One                                                                                                                                                                                                                                              ,LEC
1121,ENSC    ,350,BURNABY   ,75,50,Lakshman One                                                                                                                                                                                                                                              ,TUT
1144,ENSC    ,350,BURNABY   ,30,18,Lakshman One                                                                                                                                                                                                                                              ,RQL
1137,ENSC    ,325,BURNABY   ,84,79,Homa Eghbali                                                                                                                                                                                                                                              ,TUT
1144,ENSC    ,295,OFF       ,20,5,Harriet Chicoine                                                                                                                                                                                                                                          ,SEC
1154,ENSC    ,295,OFF       ,20,12,Harriet Chicoine                                                                                                                                                                                                                                          ,SEC
1164,ENSC    ,264,BURNABY   ,9,9,Lakshman One                                                                                                                                                                                                                                              ,LAB
1171,CMPT    ,354,BURNABY   ,85,85,Oliver Schulte                                                                                                                                                                                                                                            ,LEC
1121,CMPT    ,430,METRO     ,5,2,Frances McLafferty                                                                                                                                                                                                                                        ,SEC
1107,CMPT    ,430,OFF       ,1,0,Harriet Chicoine                                                                                                                                                                                                                                          ,SEC
1124,CMPT    ,427,OFF       ,15,2,Frances McLafferty                                                                                                                                                                                                                                        ,SEC
1157,CMPT    ,427,OFF       ,10,1,Harriet Chicoine                                                                                                                                                                                                                                          ,SEC
1177,CMPT    ,427,OFF       ,50,0,Harriet Chicoine                                                                                                                                                                                                                                          ,SEC
1081,CMPT    ,475,SURREY    ,24,10,Dirk Beyer                                                                                                                                                                                                                                                ,LEC
1081,CMPT    ,470,BURNABY   ,50,27,Anthony Chan                                                                                                                                                                                                                                              ,LEC
1081,REM     ,100,SURREY    ,18,0,<null>,TUT
1087,ENSC    ,194,OFF       ,50,0,<null>,SEC
1127,ENSC    ,194,SURREY    ,10,0,<null>,SEC
1134,ENSC    ,380,BURNABY   ,60,56,Paul Ho                                                                                                                                                                                                                                                   ,LEC
1174,CMPT    ,430,METRO     ,10,6,Harriet Chicoine                                                                                                                                                                                                                                          ,SEC
1091,CMPT    ,470,BURNABY   ,50,46,Anthony Chan                                                                                                                                                                                                                                              ,LEC
1147,ENSC    ,892,OFF       ,10,0,<null>,SEC
1157,ENSC    ,892,OFF       ,10,0,<null>,SEC
1181,MATH    ,890,OFF       ,6,0,Stuart Billings                                                                                                                                                                                                                                           ,SEC
1117,MATH    ,310,SURREY    ,96,87,Youssef Qranfal                                                                                                                                                                                                                                           ,LEC
1174,MATH    ,310,BURNABY   ,326,317,Benjamin Adcock                                                                                                                                                                                                                                           ,LEC
1121,MATH    ,251,BURNABY   ,195,177,Mahdad Khatirinejad                                                                                                                                                                                                                                       ,LEC
1147,MATH    ,242,BURNABY   ,80,61,Imin Chen                                                                                                                                                                                                                                                 ,LEC
1157,MATH    ,242,BURNABY   ,80,71,Ladislav Stacho                                                                                                                                                                                                                                           ,LEC
1131,MATH    ,190,BURNABY   ,35,16,Brenda Davison                                                                                                                                                                                                                                            ,SEC
1094,MATH    ,899,BURNABY   ,35,17,. Faculty                                                                                                                                                                                                                                                 ,SEC
1094,CMPT    ,430,BURNABY   ,30,3,Harriet Chicoine                                                                                                                                                                                                                                          ,SEC
1114,ENSC    ,195,OFF       ,30,7,<null>,SEC
1114,ENSC    ,396,SURREY    ,20,0,<null>,SEC
1111,ENSC    ,225,BURNABY   ,75,71,Marinko Sarunic                                                                                                                                                                                                                                           ,TUT
1174,ENSC    ,395,OFF       ,10,5,Harriet Chicoine                                                                                                                                                                                                                                          ,SEC
1117,ENSC    ,499,BURNABY   ,10,4,. Faculty                                                                                                                                                                                                                                                 ,SEC
1161,ENSC    ,815,BURNABY   ,50,4,Jie Liang                                                                                                                                                                                                                                                 ,LEC
1111,ENSC    ,495,BURNABY   ,12,11,Albert Leung                                                                                                                                                                                                                                              ,LEC
1111,MACM    ,201,BURNABY   ,195,146,Jonathan Jedwab                                                                                                                                                                                                                                           ,LEC
1161,MATH    ,252,BURNABY   ,75,50,Weiran Sun                                                                                                                                                                                                                                                ,LEC
1164,MATH    ,190,BURNABY   ,50,43,Sonoko Nakano                                                                                                                                                                                                                                             ,SEC
1081,MATH    ,100,SURREY    ,48,49,Elena Halmaghi                                                                                                                                                                                                                                            ,LEC
1157,ENSC    ,264,BURNABY   ,4,5,Lakshman One                                                                                                                                                                                                                                              ,LAB
1141,ENSC    ,483,BURNABY   ,60,60,Mehran Shirazi                                                                                                                                                                                                                                            ,LEC
1087,ENSC    ,489,BURNABY   ,70,61,Carlo Menon                                                                                                                                                                                                                                               ,LEC
1167,ENSC    ,424,BURNABY   ,75,55,Jie Liang                                                                                                                                                                                                                                                 ,RQL
1144,ENSC    ,428,BURNABY   ,40,22,Ivan Bajic                                                                                                                                                                                                                                                ,OPL
1111,ENSC    ,427,BURNABY   ,20,19,Ljiljana Trajkovic                                                                                                                                                                                                                                        ,TUT
1181,ENSC    ,427,BURNABY   ,50,13,Ljiljana Trajkovic                                                                                                                                                                                                                                        ,RQL
1121,ENSC    ,425,BURNABY   ,40,38,Lakshman One                                                                                                                                                                                                                                              ,LEC
1107,ENSC    ,853,BURNABY   ,30,7,Marek Syrzycki                                                                                                                                                                                                                                            ,LEC
1091,ENSC    ,851,BURNABY   ,12,11,Albert Leung                                                                                                                                                                                                                                              ,LEC
1081,ENSC    ,350,BURNABY   ,60,51,Lesley Shannon                                                                                                                                                                                                                                            ,LEC
1081,ENSC    ,898,BURNABY   ,75,45,. Faculty                                                                                                                                                                                                                                                 ,SEC
1124,ENSC    ,898,BURNABY   ,120,71,. Faculty                                                                                                                                                                                                                                                 ,SEC
1171,ENSC    ,895,BURNABY   ,6,0,<null>,LAB
1081,KIN     ,205,BURNABY   ,72,66,Parveen Bawa                                                                                                                                                                                                                                              ,LEC
1121,MATH    ,336,OFF       ,20,0,"Manfred Trummer, Mary Catherine Kropinski, Stuart Billings                                                                                                                                                                                                ",SEC
1134,MATH    ,890,OFF       ,20,0,Stuart Billings                                                                                                                                                                                                                                           ,SEC
1171,MATH    ,320,BURNABY   ,64,19,Stephen Choi                                                                                                                                                                                                                                              ,LEC
1124,MATH    ,251,BURNABY   ,229,200,Mahdad Khatirinejad                                                                                                                                                                                                                                       ,LEC
1087,MATH    ,232,SURREY    ,60,30,Tamon Stephen                                                                                                                                                                                                                                             ,LEC
1091,MATH    ,242,SURREY    ,32,5,Randall Pyke                                                                                                                                                                                                                                              ,LEC
1177,MATH    ,898,BURNABY   ,35,7,Marni Mishna                                                                                                                                                                                                                                              ,SEC
1091,REM     ,658,HRBRCNTR  ,20,6,Mark Jaccard                                                                                                                                                                                                                                              ,SEM
1151,MATH    ,898,OFF       ,3,0,<null>,SEC
1091,CMNS    ,353,HRBRCNTR  ,15,6,<null>,LAB
1094,CMNS    ,304W      ,BURNABY   ,0,0,<null>,TUT
1091,CMNS    ,304W      ,BURNABY   ,14,15,<null>,TUT
1157,ENSC    ,100W      ,BURNABY   ,8,8,<null>,LAB
1134,CMPT    ,896,BURNABY   ,0,2,. Faculty                                                                                                                                                                                                                                                 ,SEC
1171,MATH    ,303,BURNABY   ,68,52,Nathan Ilten                                                                                                                                                                                                                                              ,LEC
1107,ENSC    ,452,BURNABY   ,13,12,Lesley Shannon                                                                                                                                                                                                                                            ,TUT
1131,ENSC    ,182,SURREY    ,30,30,Amr Marzouk                                                                                                                                                                                                                                               ,TUT
1107,ENSC    ,215,BURNABY   ,83,81,Kourosh Khosraviani                                                                                                                                                                                                                                       ,TUT
1174,MATH    ,240,BURNABY   ,140,89,Shuxing Li                                                                                                                                                                                                                                                ,LEC
1101,MACM    ,316,BURNABY   ,120,113,Steven Ruuth                                                                                                                                                                                                                                              ,LEC
1154,MACM    ,316,BURNABY   ,240,222,Sarah Huber                                                                                                                                                                                                                                               ,LEC
1157,MATH    ,890,BURNABY   ,20,0,Stuart Billings                                                                                                                                                                                                                                           ,SEC
1117,MATH    ,894,BURNABY   ,6,2,Tom Archibald                                                                                                                                                                                                                                             ,SEC
1131,MATH    ,894,BURNABY   ,6,3,Karen Yeats                                                                                                                                                                                                                                               ,SEC
1131,MATH    ,894,BURNABY   ,6,0,. Faculty                                                                                                                                                                                                                                                 ,SEC
1084,MATH    ,892,BURNABY   ,6,0,Faye Stefan                                                                                                                                                                                                                                               ,SEC
1107,MATH    ,892,BURNABY   ,20,0,Faye Stefan                                                                                                                                                                                                                                               ,SEC
1097,MATH    ,891,BURNABY   ,10,0,Faye Stefan                                                                                                                                                                                                                                               ,SEC
1151,MATH    ,891,BURNABY   ,6,0,Stuart Billings                                                                                                                                                                                                                                           ,SEC
1081,ENSC    ,815,BURNABY   ,30,7,Jie Liang                                                                                                                                                                                                                                                 ,LEC
1081,KIN     ,326,BURNABY   ,75,73,Josephine Anthony                                                                                                                                                                                                                                         ,LEC
1084,KIN     ,140,BURNABY   ,110,107,Stephen Brown                                                                                                                                                                                                                                             ,SEC
1081,KIN     ,382,BURNABY   ,16,17,Stephen Brown                                                                                                                                                                                                                                             ,LEC
1137,MATH    ,308,BURNABY   ,99,98,Petr Lisonek                                                                                                                                                                                                                                              ,LEC
1094,MATH    ,190,BURNABY   ,65,62,". TBD, Brenda Davison                                                                                                                                                                                                                                     ",SEC
1151,MATH    ,190,BURNABY   ,75,40,Petra Menz                                                                                                                                                                                                                                                ,LEC
1167,MATH    ,151,BURNABY   ,440,315,Brenda Davison                                                                                                                                                                                                                                            ,LEC
1107,MATH    ,336,OFF       ,20,0,Faye Stefan                                                                                                                                                                                                                                               ,SEC
1094,CMNS    ,346,HRBRCNTR  ,18,16,<null>,TUT
1137,MATH    ,345,BURNABY   ,32,25,<null>,TUT
1091,IAT     ,344,SURREY    ,24,23,<null>,STL
1157,ENSC    ,100W      ,BURNABY   ,8,8,<null>,LAB
1177,MATH    ,309,BURNABY   ,72,69,Ralf Wittenberg                                                                                                                                                                                                                                           ,LEC
1101,MATH    ,897,BURNABY   ,6,0,. Faculty                                                                                                                                                                                                                                                 ,SEC
1124,MATH    ,890,BURNABY   ,6,1,Stuart Billings                                                                                                                                                                                                                                           ,SEC
1117,CMPT    ,894,BURNABY   ,6,13,<null>,SEC
1104,CMPT    ,898,BURNABY   ,100,82,<null>,SEC
1154,MATH    ,879,BURNABY   ,6,0,<null>,SEC
1141,MSE     ,223,SURREY    ,0,0,<null>,OPL
1121,ENSC    ,893,SURREY    ,0,0,<null>,OPL
1121,ENSC    ,893,SURREY    ,0,0,<null>,OPL
1101,ENSC    ,283,SURREY    ,22,22,<null>,LAB
1171,MSE     ,111,SURREY    ,10,0,Amr Marzouk                                                                                                                                                                                                                                               ,LAB
1171,MSE     ,780,SURREY    ,7,3,Kevin Oldknow                                                                                                                                                                                                                                             ,LAB
1181,MSE     ,780,SURREY    ,17,19,Kevin Oldknow                                                                                                                                                                                                                                             ,LAB
1144,MSE     ,894,SURREY    ,10,5,Jiacheng Wang                                                                                                                                                                                                                                             ,LEC
1164,MSE     ,894,SURREY    ,3,2,Jiacheng Wang                                                                                                                                                                                                                                             ,LAB
1091,MATH    ,341,BURNABY   ,64,8,Nils Bruin                                                                                                                                                                                                                                                ,LEC
1117,CMPT    ,441,BURNABY   ,15,12,Suleyman Sahinalp                                                                                                                                                                                                                                         ,LEC
1094,IAT     ,486,SURREY    ,1,1,Linda Bartram                                                                                                                                                                                                                                             ,LEC
1157,ENSC    ,472,BURNABY   ,20,10,Stephen Robinovitch                                                                                                                                                                                                                                       ,LAB
1101,ENSC    ,476,BURNABY   ,10,8,Marinko Sarunic                                                                                                                                                                                                                                           ,LEC
1127,MATH    ,150,BURNABY   ,253,225,Veselin Jungic                                                                                                                                                                                                                                            ,LEC
1137,MATH    ,150,BURNABY   ,300,256,Brenda Davison                                                                                                                                                                                                                                            ,LEC
1127,ENSC    ,100W      ,BURNABY   ,5,7,. Faculty                                                                                                                                                                                                                                                 ,TUT
1127,ENSC    ,100W      ,BURNABY   ,5,8,. Faculty                                                                                                                                                                                                                                                 ,TUT
1117,ENSC    ,100W      ,BURNABY   ,8,8,. Faculty                                                                                                                                                                                                                                                 ,TUT
1167,MATH    ,891,BURNABY   ,6,0,Stuart Billings                                                                                                                                                                                                                                           ,SEC
1104,MATH    ,891,OFF       ,6,0,Faye Stefan                                                                                                                                                                                                                                               ,SEC
1107,ENSC    ,374,BURNABY   ,5,3,<null>,LAB
1114,ENSC    ,895,SURREY    ,8,3,<null>,TUT
1121,ENSC    ,895,SURREY    ,10,11,<null>,LAB
1091,CMNS    ,304W      ,BURNABY   ,14,3,<null>,TUT
1114,ENSC    ,442W      ,SURREY    ,17,12,<null>,LAB
1081,IAT     ,202,SURREY    ,23,0,<null>,STL
1157,ENSC    ,252,BURNABY   ,37,35,Lakshman One                                                                                                                                                                                                                                              ,LAB
1167,MSE     ,352,SURREY    ,40,40,Amr Marzouk                                                                                                                                                                                                                                               ,LAB
1177,MSE     ,352,SURREY    ,40,37,Mohammad Narimani                                                                                                                                                                                                                                         ,LAB
1167,MSE     ,352,SURREY    ,31,33,Amr Marzouk                                                                                                                                                                                                                                               ,LAB
1144,MSE     ,422,SURREY    ,20,8,Erik Kjeang                                                                                                                                                                                                                                               ,LAB
1151,MSE     ,780,SURREY    ,6,6,Kevin Oldknow                                                                                                                                                                                                                                             ,LEC
1094,CMNS    ,304W      ,BURNABY   ,13,12,<null>,TUT
1091,CMNS    ,304W      ,BURNABY   ,14,15,<null>,TUT
1127,MATH    ,879,BURNABY   ,6,3,<null>,SEC
1087,CMPT    ,305,SURREY    ,24,0,<null>,LEC
1164,ENSC    ,252,BURNABY   ,35,34,Lakshman One                                                                                                                                                                                                                                              ,LAB
1147,MSE     ,352,SURREY    ,120,116,Mohammad Al Qaderi                                                                                                                                                                                                                                        ,LEC
1181,MSE     ,111,SURREY    ,10,0,Mohammad Narimani                                                                                                                                                                                                                                         ,LAB
1144,MSE     ,422,SURREY    ,20,3,Erik Kjeang                                                                                                                                                                                                                                               ,LAB
1181,MATH    ,795,BURNABY   ,5,2,Paul Tupper                                                                                                                                                                                                                                               ,LEC
1087,IAT     ,355,SURREY    ,48,25,Christopher Shaw                                                                                                                                                                                                                                          ,LEC
1081,IAT     ,344,SURREY    ,24,22,Michael Filimowicz                                                                                                                                                                                                                                        ,STL
1117,ENSC    ,100W      ,BURNABY   ,8,8,. Faculty                                                                                                                                                                                                                                                 ,TUT
1174,MSE     ,894,SURREY    ,3,3,Jiacheng Wang                                                                                                                                                                                                                                             ,LAB
1137,MSE     ,220,SURREY    ,108,111,Woo Soo Kim                                                                                                                                                                                                                                               ,TUT
1141,CMPT    ,895,SURREY    ,5,0,. Faculty                                                                                                                                                                                                                                                 ,IND
1131,CMPT    ,135,SURREY    ,5,4,Louis Hafer                                                                                                                                                                                                                                               ,LAB
1114,MATH    ,770,BURNABY   ,25,1,Paul Tupper                                                                                                                                                                                                                                               ,LEC
1091,MATH    ,795,BURNABY   ,15,4,Paul Tupper                                                                                                                                                                                                                                               ,LEC
1091,IAT     ,267,SURREY    ,190,121,Helmine Serban                                                                                                                                                                                                                                            ,LEC
1101,ENSC    ,282,SURREY    ,72,57,Farid Golnaraghi                                                                                                                                                                                                                                          ,LEC
1087,MACM    ,442,BURNABY   ,30,7,Michael Monagan                                                                                                                                                                                                                                           ,LEC
1137,CMPT    ,477,BURNABY   ,35,32,Evgenia Ternovska                                                                                                                                                                                                                                         ,LEC
1177,ENSC    ,100W      ,BURNABY   ,8,8,Michael Sjoerdsma                                                                                                                                                                                                                                         ,LAB
1081,IAT     ,351,SURREY    ,24,22,"Linda Bartram, Shahin Sheidaei                                                                                                                                                                                                                            ",INS
1091,MATH    ,724,BURNABY   ,15,1,Manfred Trummer                                                                                                                                                                                                                                           ,LEC
1111,MATH    ,740,BURNABY   ,15,3,Imin Chen                                                                                                                                                                                                                                                 ,LEC
1121,MATH    ,762,BURNABY   ,10,3,Mary Catherine Kropinski                                                                                                                                                                                                                                  ,LEC
1131,MATH    ,880,BURNABY   ,3,0,. Faculty                                                                                                                                                                                                                                                 ,SEC
1171,MATH    ,843,BURNABY   ,25,6,Stephen Choi                                                                                                                                                                                                                                              ,LEC
1164,MATH    ,254,BURNABY   ,120,74,Daria Ahrensmeier                                                                                                                                                                                                                                         ,LEC
1087,IAT     ,244,SURREY    ,24,24,Michael Filimowicz                                                                                                                                                                                                                                        ,LAB
1091,CMPT    ,120,BURNABY   ,32,25,Bradley Bart                                                                                                                                                                                                                                              ,LAB
1151,MSE     ,727,SURREY    ,20,3,Kambiz Haji Hajikolaei                                                                                                                                                                                                                                    ,TUT
1091,CMNS    ,488,BURNABY   ,25,14,Zoe Druick                                                                                                                                                                                                                                                ,SEM
1147,ENSC    ,894,BURNABY   ,7,7,Glenn Chapman                                                                                                                                                                                                                                             ,LEC
1157,ENSC    ,894,BURNABY   ,10,9,Glenn Chapman                                                                                                                                                                                                                                             ,LEC
1147,ENSC    ,894,BURNABY   ,10,6,Shahram Payandeh                                                                                                                                                                                                                                          ,LEC
1171,ENSC    ,894,BURNABY   ,10,5,Kamal Gupta                                                                                                                                                                                                                                               ,LEC
1177,ENSC    ,894,BURNABY   ,4,6,Glenn Chapman                                                                                                                                                                                                                                             ,LAB
1094,CMNS    ,486,BURNABY   ,20,16,Peter Chow-White                                                                                                                                                                                                                                          ,SEM
1081,CMNS    ,353,HRBRCNTR  ,0,0,<null>,LAB
1091,ENSC    ,263,SURREY    ,72,0,<null>,LEC
1117,ENSC    ,499,SURREY    ,2,0,<null>,SEC
1181,ENSC    ,898,OFF       ,50,0,<null>,SEC
1181,ENSC    ,898,BURNABY   ,100,27,<null>,SEC
1157,MATH    ,480W      ,BURNABY   ,32,5,<null>,TUT
1141,MSE     ,480,SURREY    ,35,4,<null>,LAB
1127,ENSC    ,100W      ,BURNABY   ,6,7,. Faculty                                                                                                                                                                                                                                                 ,TUT
1131,MATH    ,880,BURNABY   ,3,0,. Faculty                                                                                                                                                                                                                                                 ,SEC
1087,MATH    ,745,BURNABY   ,10,5,Matthew DeVos                                                                                                                                                                                                                                             ,LEC
1127,CMPT    ,225,SURREY    ,25,25,Toby Donaldson                                                                                                                                                                                                                                            ,LAB
1177,CMPT    ,225,SURREY    ,24,24,John Edgar                                                                                                                                                                                                                                                ,LAB
1094,IAT     ,100,SURREY    ,24,24,Susan Clements-Vivian                                                                                                                                                                                                                                     ,STL
1081,IAT     ,100,SURREY    ,23,22,Lorna Boschman                                                                                                                                                                                                                                            ,STL
1111,CMPT    ,126,BURNABY   ,26,25,Anne Lavergne                                                                                                                                                                                                                                             ,LEC
1154,CMPT    ,225,BURNABY   ,26,26,Geoffrey Tien                                                                                                                                                                                                                                             ,LAB
1087,CMPT    ,225,BURNABY   ,33,28,David Mitchell                                                                                                                                                                                                                                            ,LAB
1157,CMPT    ,128,BURNABY   ,26,26,Janice Regan                                                                                                                                                                                                                                              ,LAB
1097,MATH    ,348,SURREY    ,24,13,Scott Pai                                                                                                                                                                                                                                                 ,LEC
1177,MATH    ,348,SURREY    ,32,14,Sandy Rutherford                                                                                                                                                                                                                                          ,LEC
1171,MATH    ,882,BURNABY   ,10,0,. TBD                                                                                                                                                                                                                                                     ,SEC
1151,ENSC    ,372,BURNABY   ,20,6,Bonnie Gray                                                                                                                                                                                                                                               ,RQL
1134,MATH    ,150,BURNABY   ,35,23,Veselin Jungic                                                                                                                                                                                                                                            ,SEC
1107,ENSC    ,100W      ,BURNABY   ,4,6,Michael Sjoerdsma                                                                                                                                                                                                                                         ,TUT
1137,ENSC    ,305W      ,BURNABY   ,60,41,Michael Sjoerdsma                                                                                                                                                                                                                                         ,LEC
1174,MATH    ,254,BURNABY   ,96,67,Daria Ahrensmeier                                                                                                                                                                                                                                         ,LEC
1084,IAT     ,100,SURREY    ,24,27,Victoria Moulder                                                                                                                                                                                                                                          ,STL
1084,IAT     ,100,SURREY    ,24,26,Jack Stockholm III                                                                                                                                                                                                                                        ,STL
1147,CMPT    ,120,BURNABY   ,26,26,Diana Cukierman                                                                                                                                                                                                                                           ,LAB
1174,CMPT    ,120,BURNABY   ,208,206,Anne Lavergne                                                                                                                                                                                                                                             ,LEC
1157,CMPT    ,120,BURNABY   ,26,25,Anne Lavergne                                                                                                                                                                                                                                             ,LAB
1157,CMPT    ,120,BURNABY   ,26,26,Anne Lavergne                                                                                                                                                                                                                                             ,LAB
1171,CMPT    ,120,BURNABY   ,26,26,Anne Lavergne                                                                                                                                                                                                                                             ,LAB
1124,CMPT    ,120,SURREY    ,15,12,Brian Fraser                                                                                                                                                                                                                                              ,LAB
1147,CMPT    ,120,BURNABY   ,26,26,Diana Cukierman                                                                                                                                                                                                                                           ,LAB
1107,CMPT    ,120,BURNABY   ,25,23,Bradley Bart                                                                                                                                                                                                                                              ,LAB
1117,CMPT    ,120,SURREY    ,1,1,John Edgar                                                                                                                                                                                                                                                ,LAB
1107,CMPT    ,120,BURNABY   ,150,147,Bradley Bart                                                                                                                                                                                                                                              ,LEC
1101,CMPT    ,125,SURREY    ,24,20,Toby Donaldson                                                                                                                                                                                                                                            ,LAB
1131,MACM    ,203,BURNABY   ,22,13,<null>,LAB
1101,MATH    ,240,BURNABY   ,60,0,<null>,OPL
1114,MATH    ,338,BURNABY   ,32,13,<null>,TUT
1091,IAT     ,333,SURREY    ,0,0,<null>,STL
1091,ENSC    ,283,SURREY    ,72,66,<null>,TUT
1081,CMNS    ,221,HRBRCNTR  ,110,114,Martin Laba                                                                                                                                                                                                                                               ,LEC
1087,CMNS    ,253W      ,HRBRCNTR  ,17,17,<null>,LAB
1091,CMNS    ,260,BURNABY   ,90,96,Amir Hassan Ghaseminejad Tafreshi                                                                                                                                                                                                                         ,LEC
1081,CMNS    ,425,HRBRCNTR  ,43,39,Michael Markwick                                                                                                                                                                                                                                          ,SEM
1081,CMNS    ,396,BURNABY   ,35,26,Marcia Shimizu                                                                                                                                                                                                                                            ,PRA
1087,CMNS    ,408,BURNABY   ,10,0,. Faculty                                                                                                                                                                                                                                                 ,SEC
1087,CMNS    ,362,HRBRCNTR  ,54,37,Kelly Fox                                                                                                                                                                                                                                                 ,LEC
1081,ENSC    ,370,BURNABY   ,25,13,<null>,TUT
1094,CMNS    ,480,OFF       ,10,0,. Faculty                                                                                                                                                                                                                                                 ,SEC
1094,CMNS    ,304W      ,BURNABY   ,13,8,<null>,TUT
1087,MATH    ,370W      ,BURNABY   ,30,6,<null>,TUT
1147,ENSC    ,100W      ,BURNABY   ,8,8,<null>,TUT
1157,CMPT    ,128,BURNABY   ,26,26,Janice Regan                                                                                                                                                                                                                                              ,LAB
1154,CMPT    ,225,BURNABY   ,26,26,Geoffrey Tien                                                                                                                                                                                                                                             ,LAB
1151,CMPT    ,225,BURNABY   ,26,26,David Mitchell                                                                                                                                                                                                                                            ,LAB
1154,CMPT    ,225,BURNABY   ,26,26,Geoffrey Tien                                                                                                                                                                                                                                             ,LAB
1121,CMPT    ,120,SURREY    ,95,82,John Edgar                                                                                                                                                                                                                                                ,LEC
1171,CMPT    ,120,BURNABY   ,26,26,Anne Lavergne                                                                                                                                                                                                                                             ,LAB
1181,CMPT    ,120,BURNABY   ,26,25,Angelica Lim                                                                                                                                                                                                                                              ,LAB
1081,CMPT    ,120,BURNABY   ,32,32,Diana Cukierman                                                                                                                                                                                                                                           ,LAB
1147,CMPT    ,120,BURNABY   ,26,26,Diana Cukierman                                                                                                                                                                                                                                           ,LAB
1157,CMPT    ,120,BURNABY   ,26,25,Anne Lavergne                                                                                                                                                                                                                                             ,LAB
1157,CMPT    ,128,BURNABY   ,156,154,Janice Regan                                                                                                                                                                                                                                              ,LEC
1157,CMPT    ,128,BURNABY   ,26,24,Janice Regan                                                                                                                                                                                                                                              ,LAB
1104,CMPT    ,225,BURNABY   ,26,23,Bradley Bart                                                                                                                                                                                                                                              ,LAB
1167,CMPT    ,225,BURNABY   ,26,25,David Mitchell                                                                                                                                                                                                                                            ,LAB
1127,CMPT    ,225,BURNABY   ,26,26,David Mitchell                                                                                                                                                                                                                                            ,LAB
1177,CMPT    ,225,BURNABY   ,26,26,Golnar Sheikhshabbafghi                                                                                                                                                                                                                                   ,LAB
1111,CMPT    ,225,BURNABY   ,26,23,Bradley Bart                                                                                                                                                                                                                                              ,LAB
1177,CMPT    ,225,BURNABY   ,26,26,Golnar Sheikhshabbafghi                                                                                                                                                                                                                                   ,LAB
1141,CMPT    ,705,BURNABY   ,40,32,Valentine Kabanets                                                                                                                                                                                                                                        ,LEC
1151,CMPT    ,705,BURNABY   ,45,39,Joseph Peters                                                                                                                                                                                                                                             ,LEC
1171,CMPT    ,120,BURNABY   ,26,26,Anne Lavergne                                                                                                                                                                                                                                             ,LAB
1171,CMPT    ,120,BURNABY   ,26,23,Anne Lavergne                                                                                                                                                                                                                                             ,LAB
1164,CMPT    ,120,BURNABY   ,26,24,Diana Cukierman                                                                                                                                                                                                                                           ,LAB
1094,CMPT    ,120,BURNABY   ,130,114,Steven Pearce                                                                                                                                                                                                                                             ,LEC
1161,CMPT    ,888,BURNABY   ,45,9,Ping Tan                                                                                                                                                                                                                                                  ,LEC
1171,CMPT    ,888,BURNABY   ,20,10,Parmit Chilana                                                                                                                                                                                                                                            ,LEC
1131,ENSC    ,312,SURREY    ,60,0,<null>,LEC
1121,CMPT    ,886,BURNABY   ,35,33,Alexandra Fedorova                                                                                                                                                                                                                                        ,LEC
1137,ENSC    ,460,BURNABY   ,25,9,Marinko Sarunic                                                                                                                                                                                                                                           ,TUT
1094,CMNS    ,386,SURREY    ,20,16,Joanna Ashworth                                                                                                                                                                                                                                           ,SEM
1157,ENSC    ,100W      ,BURNABY   ,8,9,<null>,LAB
1084,CMNS    ,850,BURNABY   ,20,4,. Faculty                                                                                                                                                                                                                                                 ,SEC
1124,ENSC    ,461,SURREY    ,10,9,<null>,LAB
1087,CMNS    ,891,BURNABY   ,5,0,Marcia Shimizu                                                                                                                                                                                                                                            ,SEC
1084,CMPT    ,110,BURNABY   ,75,63,Anthony Dixon                                                                                                                                                                                                                                             ,SEC
1121,CMPT    ,110,BURNABY   ,65,52,Anthony Dixon                                                                                                                                                                                                                                             ,SEC
1167,CMPT    ,110,BURNABY   ,58,35,Mark Drew                                                                                                                                                                                                                                                 ,LEC
1121,CMPT    ,165,BURNABY   ,208,204,Bobby Chan                                                                                                                                                                                                                                                ,LEC
1131,CMPT    ,165,BURNABY   ,208,206,Anne Lavergne                                                                                                                                                                                                                                             ,LEC
1104,CMPT    ,165,BURNABY   ,150,143,". Faculty, Bobby Chan                                                                                                                                                                                                                                     ",SEC
1094,CMPT    ,165,BURNABY   ,30,28,Ramesh Krishnamurti                                                                                                                                                                                                                                       ,LAB
1114,CMPT    ,125,SURREY    ,24,18,Brian Fraser                                                                                                                                                                                                                                              ,LAB
1134,CMPT    ,165,BURNABY   ,26,26,Anne Lavergne                                                                                                                                                                                                                                             ,LAB
1151,MATH    ,819,BURNABY   ,5,2,<null>,TUT
1121,CMPT    ,165,BURNABY   ,26,26,Bobby Chan                                                                                                                                                                                                                                                ,LAB
1134,CMPT    ,165,BURNABY   ,26,25,Anne Lavergne                                                                                                                                                                                                                                             ,LAB
1084,CMPT    ,165,BURNABY   ,29,25,Steven Pearce                                                                                                                                                                                                                                             ,LAB
1084,CMPT    ,165,SURREY    ,48,24,Toby Donaldson                                                                                                                                                                                                                                            ,LEC
1091,CMPT    ,165,BURNABY   ,33,32,Colin Stewart                                                                                                                                                                                                                                             ,LAB
1121,CMPT    ,165,SURREY    ,22,19,Colin Stewart                                                                                                                                                                                                                                             ,LAB
1124,CMPT    ,307,HRBRCNTR  ,85,82,Pavol Hell                                                                                                                                                                                                                                                ,LEC
1111,CMPT    ,250,BURNABY   ,26,25,Anthony Dixon                                                                                                                                                                                                                                             ,LAB
1114,CMPT    ,885,BURNABY   ,25,18,". Faculty, Arrvindh Shriraman                                                                                                                                                                                                                             ",LEC
1091,CMPT    ,888,BURNABY   ,15,11,Ghassan Hamarneh                                                                                                                                                                                                                                          ,LEC
1147,CMPT    ,888,BURNABY   ,25,4,Ghassan Hamarneh                                                                                                                                                                                                                                          ,LEC
1091,CMPT    ,427,OFF       ,15,1,Harriet Chicoine                                                                                                                                                                                                                                          ,SEC
1171,CMPT    ,427,METRO     ,20,9,Harriet Chicoine                                                                                                                                                                                                                                          ,SEC
1147,CMPT    ,354,BURNABY   ,85,82,James Delgrande                                                                                                                                                                                                                                           ,LEC
1174,CMPT    ,430,OFF       ,5,0,Harriet Chicoine                                                                                                                                                                                                                                          ,SEC
1084,IAT     ,899,SURREY    ,30,28,<null>,SEC
1137,CMPT    ,429,OFF       ,15,0,Harriet Chicoine                                                                                                                                                                                                                                          ,SEC
1131,CMPT    ,430,OFF       ,15,4,Harriet Chicoine                                                                                                                                                                                                                                          ,SEC
1161,CMPT    ,470,HRBRCNTR  ,85,84,Gregory Baker                                                                                                                                                                                                                                             ,LEC
1091,MATH    ,150,BURNABY   ,60,0,<null>,OPL
1111,CMPT    ,881,BURNABY   ,5,1,Michael Monagan                                                                                                                                                                                                                                           ,LEC
1151,CMPT    ,250,BURNABY   ,156,151,Anthony Dixon                                                                                                                                                                                                                                             ,LEC
1134,CMPT    ,427,OFF       ,10,5,Harriet Chicoine                                                                                                                                                                                                                                          ,SEC
1147,CMPT    ,427,OFF       ,5,6,Harriet Chicoine                                                                                                                                                                                                                                          ,SEC
1157,CMPT    ,427,VAN       ,10,10,Harriet Chicoine                                                                                                                                                                                                                                          ,SEC
1174,CMPT    ,307,BURNABY   ,85,84,Valentine Kabanets                                                                                                                                                                                                                                        ,LEC
1084,CMPT    ,426,BURNABY   ,50,29,Harriet Chicoine                                                                                                                                                                                                                                          ,SEC
1161,CMPT    ,820,BURNABY   ,30,9,Ze-Nian Li                                                                                                                                                                                                                                                ,LEC
1107,CMPT    ,475,BURNABY   ,55,55,Danny Ridinger                                                                                                                                                                                                                                            ,LEC
1121,CMPT    ,430,OFF       ,5,3,Cristina Eftenaru                                                                                                                                                                                                                                         ,SEC
1124,CMPT    ,897,BURNABY   ,10,7,. Faculty                                                                                                                                                                                                                                                 ,SEC
1124,CMPT    ,165,BURNABY   ,26,26,Colin Stewart                                                                                                                                                                                                                                             ,LAB
1131,CMPT    ,354,HRBRCNTR  ,50,47,Oliver Schulte                                                                                                                                                                                                                                            ,LEC
1094,CMPT    ,307,BURNABY   ,50,45,Petra Berenbrink                                                                                                                                                                                                                                          ,LEC
1141,CMPT    ,250,BURNABY   ,26,26,Anthony Dixon                                                                                                                                                                                                                                             ,LAB
1137,CMPT    ,250,SURREY    ,26,26,Brian Fraser                                                                                                                                                                                                                                              ,LAB
1094,CMPT    ,165,BURNABY   ,142,135,Ramesh Krishnamurti                                                                                                                                                                                                                                       ,LEC
1177,CMPT    ,415,BURNABY   ,1,1,Ke Wang                                                                                                                                                                                                                                                   ,SEC
1161,CMPT    ,379,SURREY    ,65,62,". Faculty, Maryam Siahbani                                                                                                                                                                                                                                ",LEC
1101,ENSC    ,372,BURNABY   ,1,0,<null>,OPL
1127,CMPT    ,371,SURREY    ,20,18,Ouldooz Baghban Karimi                                                                                                                                                                                                                                    ,LEC
1177,CMPT    ,371,HRBRCNTR  ,90,88,Balbir Gill                                                                                                                                                                                                                                               ,LEC
1117,CMPT    ,320,BURNABY   ,85,91,Steven Pearce                                                                                                                                                                                                                                             ,LEC
1141,CMPT    ,250,BURNABY   ,28,27,Anthony Dixon                                                                                                                                                                                                                                             ,LAB
1087,CMPT    ,300,SURREY    ,48,33,Mohamed Hefeeda                                                                                                                                                                                                                                           ,LEC
1117,CMPT    ,165,BURNABY   ,208,208,Anne Lavergne                                                                                                                                                                                                                                             ,LEC
1114,CMPT    ,415,BURNABY   ,3,3,Richard Vaughan                                                                                                                                                                                                                                           ,SEC
1161,CMPT    ,412,BURNABY   ,58,57,Brian Funt                                                                                                                                                                                                                                                ,LEC
1174,CMPT    ,409,BURNABY   ,45,27,Evgenia Ternovska                                                                                                                                                                                                                                         ,SEM
1111,CMPT    ,371,BURNABY   ,82,82,Jiangchuan Liu                                                                                                                                                                                                                                            ,LEC
1144,CMPT    ,371,BURNABY   ,85,85,Louis Hafer                                                                                                                                                                                                                                               ,LEC
1091,CMPT    ,427,BURNABY   ,15,12,Frances McLafferty                                                                                                                                                                                                                                        ,SEC
1174,CMPT    ,430,OFF       ,5,4,Harriet Chicoine                                                                                                                                                                                                                                          ,SEC
1107,CMPT    ,430,SURREY    ,1,0,"Frances McLafferty, Navinder Chima                                                                                                                                                                                                                        ",SEC
1127,CMPT    ,899,BURNABY   ,100,91,. Faculty                                                                                                                                                                                                                                                 ,SEC
1097,ENSC    ,895,SURREY    ,15,0,<null>,LEC
1114,ENSC    ,461,SURREY    ,40,16,<null>,TUT
1101,CMPT    ,882,BURNABY   ,0,0,<null>,LEC
1091,CMNS    ,240,BURNABY   ,18,18,<null>,TUT
1144,MSE     ,420,SURREY    ,35,0,<null>,OPL
1154,MSE     ,725,SURREY    ,0,0,<null>,TUT
1101,CMPT    ,125,SURREY    ,0,0,<null>,LAB
1127,CMPT    ,881,BURNABY   ,5,0,<null>,LEC
1091,ENSC    ,350,BURNABY   ,60,0,<null>,LEC
1081,CMNS    ,221,HRBRCNTR  ,19,19,<null>,TUT
1114,ENSC    ,195,OFF       ,10,12,<null>,SEC
1101,ENSC    ,194,OFF       ,2,0,<null>,SEC
1081,MACM    ,201,SURREY    ,48,0,<null>,OPL
1104,ENSC    ,195,SURREY    ,50,4,<null>,SEC
1114,ENSC    ,195,SURREY    ,35,13,<null>,SEC
1087,ENSC    ,100,BURNABY   ,2,2,<null>,RQL
1097,ENSC    ,100,BURNABY   ,1,1,<null>,RQL
1097,ENSC    ,100,BURNABY   ,2,1,<null>,RQL
1104,ENSC    ,296,SURREY    ,30,1,<null>,SEC
1114,CMPT    ,826,BURNABY   ,25,21,Robert Hadley                                                                                                                                                                                                                                             ,LEC
1091,ENSC    ,225,BURNABY   ,80,0,<null>,OPL
1107,MATH    ,190,BURNABY   ,60,0,<null>,OPL
1151,CMPT    ,898,OFF       ,3,1,<null>,SEC
1147,ENSC    ,264,BURNABY   ,5,5,Lakshman One                                                                                                                                                                                                                                              ,LAB
1101,ENSC    ,320,BURNABY   ,11,11,<null>,TUT
1131,ENSC    ,351,BURNABY   ,22,21,<null>,TUT
1167,ENSC    ,220,BURNABY   ,54,40,Ljiljana Trajkovic                                                                                                                                                                                                                                        ,LAB
1147,ENSC    ,196,OFF       ,25,4,Harriet Chicoine                                                                                                                                                                                                                                          ,SEC
1081,ENSC    ,150,BURNABY   ,50,0,<null>,TUT
1124,ENSC    ,383,SURREY    ,90,70,Siamak Arzanpour                                                                                                                                                                                                                                          ,TUT
1097,ENSC    ,296,BURNABY   ,50,5,<null>,SEC
1107,ENSC    ,424,BURNABY   ,66,64,Ivan Bajic                                                                                                                                                                                                                                                ,TUT
1107,ENSC    ,488,BURNABY   ,36,34,Kamal Gupta                                                                                                                                                                                                                                               ,TUT
1101,CMPT    ,416,BURNABY   ,2,2,"Arthur Kirkpatrick, Ghassan Hamarneh                                                                                                                                                                                                                      ",SEC
1157,CMPT    ,427,METRO     ,30,22,Harriet Chicoine                                                                                                                                                                                                                                          ,SEC
1181,CMPT    ,427,OFF       ,15,0,Harriet Chicoine                                                                                                                                                                                                                                          ,SEC
1094,CMNS    ,304W      ,BURNABY   ,0,0,<null>,TUT
1147,ENSC    ,100W      ,BURNABY   ,8,9,<null>,TUT
1157,ENSC    ,100W      ,BURNABY   ,8,7,<null>,LAB
1121,ENSC    ,462,SURREY    ,30,13,<null>,TUT
1094,CMNS    ,346,HRBRCNTR  ,18,13,<null>,TUT
1087,CMNS    ,324,BURNABY   ,16,17,<null>,TUT
1097,CMPT    ,898,BURNABY   ,110,82,<null>,SEC
1087,MACM    ,442,BURNABY   ,30,0,<null>,LEC
1171,ENSC    ,452,BURNABY   ,25,0,<null>,LEC
1151,ENSC    ,476,BURNABY   ,30,0,<null>,TUT
1091,CMNS    ,221,SURREY    ,12,12,<null>,TUT
1091,CMNS    ,221,SURREY    ,13,13,<null>,TUT
1097,MATH    ,232,BURNABY   ,229,167,Paul Tupper                                                                                                                                                                                                                                               ,LEC
1091,MATH    ,893,BURNABY   ,10,0,Faye Stefan                                                                                                                                                                                                                                               ,SEC
1124,MATH    ,893,BURNABY   ,6,0,Stuart Billings                                                                                                                                                                                                                                           ,SEC
1134,CMPT    ,427,METRO     ,30,25,Harriet Chicoine                                                                                                                                                                                                                                          ,SEC
1141,MATH    ,878,BURNABY   ,10,4,<null>,SEC
1144,CMPT    ,429,VAN       ,12,10,Harriet Chicoine                                                                                                                                                                                                                                          ,SEC
1084,CMPT    ,430,BURNABY   ,50,2,Harriet Chicoine                                                                                                                                                                                                                                          ,SEC
1174,CMPT    ,430,METRO     ,5,3,Harriet Chicoine                                                                                                                                                                                                                                          ,SEC
1121,CMPT    ,430,METRO     ,5,4,Cristina Eftenaru                                                                                                                                                                                                                                         ,SEC
1111,CMPT    ,429,OFF       ,3,1,Harriet Chicoine                                                                                                                                                                                                                                          ,SEC
1137,CMPT    ,429,OFF       ,15,2,Harriet Chicoine                                                                                                                                                                                                                                          ,SEC
1094,CMPT    ,430,OFF       ,30,0,Harriet Chicoine                                                                                                                                                                                                                                          ,SEC
1101,CMPT    ,429,OFF       ,15,1,"Frances McLafferty, Navinder Chima                                                                                                                                                                                                                        ",SEC
1147,CMPT    ,427,OFF       ,5,2,Harriet Chicoine                                                                                                                                                                                                                                          ,SEC
1141,ENSC    ,230,BURNABY   ,49,50,Shahram Payandeh                                                                                                                                                                                                                                          ,LEC
1111,ENSC    ,230,BURNABY   ,30,27,Shahram Payandeh                                                                                                                                                                                                                                          ,TUT
1167,ENSC    ,264,BURNABY   ,17,14,Lakshman One                                                                                                                                                                                                                                              ,TUT
1114,ENSC    ,225,BURNABY   ,56,56,Meenakshinathan Parameswaran                                                                                                                                                                                                                              ,TUT
1157,ENSC    ,264,BURNABY   ,5,5,Lakshman One                                                                                                                                                                                                                                              ,LAB
1124,ENSC    ,220,BURNABY   ,85,80,John Bird                                                                                                                                                                                                                                                 ,LEC
1091,ENSC    ,150,BURNABY   ,50,0,<null>,TUT
1127,ENSC    ,220,SURREY    ,33,32,". TBD, Ahmad Rad                                                                                                                                                                                                                                          ",LAB
1167,ENSC    ,351,BURNABY   ,44,0,May Siksik                                                                                                                                                                                                                                                ,LAB
1104,ENSC    ,296,BURNABY   ,3,4,<null>,SEC
1161,ENSC    ,325,BURNABY   ,100,84,Marek Syrzycki                                                                                                                                                                                                                                            ,RQL
1124,ENSC    ,250,BURNABY   ,100,97,<null>,TUT
1124,ENSC    ,498,SURREY    ,5,0,. Faculty                                                                                                                                                                                                                                                 ,SEC
1127,ENSC    ,387,BURNABY   ,50,25,Reza Sabzehgar                                                                                                                                                                                                                                            ,LEC
1117,ENSC    ,383,BURNABY   ,75,67,". Faculty, Kamal Gupta                                                                                                                                                                                                                                    ",LEC
1114,ENSC    ,442W      ,SURREY    ,18,18,<null>,LAB
1167,MATH    ,898,BURNABY   ,35,12,"Marni Mishna, Razvan Fetecau                                                                                                                                                                                                                              ",SEC
1161,MATH    ,820,BURNABY   ,25,6,Matthew DeVos                                                                                                                                                                                                                                             ,LEC
1124,MATH    ,893,OFF       ,6,0,Stuart Billings                                                                                                                                                                                                                                           ,SEC
1084,MATH    ,894,BURNABY   ,6,0,. Faculty                                                                                                                                                                                                                                                 ,SEC
1087,KIN     ,142,BURNABY   ,19,19,<null>,LAB
1091,KIN     ,142,BURNABY   ,19,18,<null>,LAB
1147,MATH    ,125,BURNABY   ,25,6,<null>,TUT
1081,CMNS    ,433,HRBRCNTR  ,25,9,Alison Beale                                                                                                                                                                                                                                              ,SEM
1087,CMNS    ,478,HRBRCNTR  ,10,16,Anne Ahmad                                                                                                                                                                                                                                                ,SEC
1094,CMNS    ,444,BURNABY   ,25,15,Ying-Fen Huang                                                                                                                                                                                                                                            ,SEM
1104,MATH    ,891,BURNABY   ,6,0,Faye Stefan                                                                                                                                                                                                                                               ,SEC
1094,MATH    ,892,BURNABY   ,10,0,Faye Stefan                                                                                                                                                                                                                                               ,SEC
1117,MATH    ,892,BURNABY   ,20,0,Faye Stefan                                                                                                                                                                                                                                               ,SEC
1121,MATH    ,892,BURNABY   ,6,0,Faye Stefan                                                                                                                                                                                                                                               ,SEC
1087,KIN     ,142,BURNABY   ,19,18,<null>,LAB
1091,KIN     ,110,BURNABY   ,18,18,<null>,TUT
1091,KIN     ,110,BURNABY   ,18,18,<null>,TUT
1087,KIN     ,110,BURNABY   ,18,17,<null>,TUT
1167,MSE     ,352,SURREY    ,33,34,Amr Marzouk                                                                                                                                                                                                                                               ,LAB
1091,CMNS    ,210,SURREY    ,54,59,Kjetil Rodje                                                                                                                                                                                                                                              ,LEC
1097,CMPT    ,110,BURNABY   ,78,59,Mark Drew                                                                                                                                                                                                                                                 ,LEC
1141,CMPT    ,165,BURNABY   ,60,56,Gregory Baker                                                                                                                                                                                                                                             ,SEC
1094,CMPT    ,165,BURNABY   ,26,26,Ramesh Krishnamurti                                                                                                                                                                                                                                       ,LAB
1161,CMPT    ,427,OFF       ,15,2,Harriet Chicoine                                                                                                                                                                                                                                          ,SEC
1117,ENSC    ,201,BURNABY   ,122,120,John Jones                                                                                                                                                                                                                                                ,LEC
1161,ENSC    ,196,BURNABY   ,20,14,Harriet Chicoine                                                                                                                                                                                                                                          ,SEC
1131,ENSC    ,150,BURNABY   ,40,28,<null>,TUT
1141,ENSC    ,320,BURNABY   ,100,57,John Bird                                                                                                                                                                                                                                                 ,LEC
1124,ENSC    ,429,BURNABY   ,35,17,Daniel Lee                                                                                                                                                                                                                                                ,LEC
1144,ENSC    ,320,BURNABY   ,100,93,John Bird                                                                                                                                                                                                                                                 ,TUT
1087,ENSC    ,100,BURNABY   ,1,0,<null>,RQL
1101,MACM    ,201,SURREY    ,40,0,<null>,LEC
1111,ENSC    ,305,SURREY    ,72,30,Maureen Hindy                                                                                                                                                                                                                                             ,LEC
1141,ENSC    ,304,BURNABY   ,165,157,Parvaneh Saeedi                                                                                                                                                                                                                                           ,LEC
1177,ENSC    ,351,BURNABY   ,47,46,William Scratchley                                                                                                                                                                                                                                        ,LAB
1164,ENSC    ,897,BURNABY   ,10,0,<null>,SEC
1151,ENSC    ,483,BURNABY   ,75,77,Mehran Shirazi                                                                                                                                                                                                                                            ,LEC
1114,ENSC    ,400,SURREY    ,5,4,Farid Golnaraghi                                                                                                                                                                                                                                          ,SEC
1094,ENSC    ,383,BURNABY   ,85,73,Kamal Gupta                                                                                                                                                                                                                                               ,LEC
1171,MATH    ,875,BURNABY   ,15,0,<null>,SEC
1174,MATH    ,876,BURNABY   ,10,0,<null>,SEC
1097,ENSC    ,891,BURNABY   ,30,17,. Faculty                                                                                                                                                                                                                                                 ,SEC
1177,MSE     ,495,SURREY    ,5,0,<null>,LAB
1157,MATH    ,304,BURNABY   ,36,35,<null>,TUT
1091,CMPT    ,170,SURREY    ,17,17,<null>,LAB
1087,ENSC    ,194,BURNABY   ,50,0,<null>,SEC
1097,ENSC    ,891,SURREY    ,0,0,<null>,SEC
1121,ENSC    ,492,BURNABY   ,2,0,<null>,SEC
1094,KIN     ,375,BURNABY   ,60,57,Richard Ward                                                                                                                                                                                                                                              ,LEC
1084,KIN     ,452,BURNABY   ,10,3,Darleen Bemister                                                                                                                                                                                                                                          ,PRA
1111,MATH    ,445,BURNABY   ,25,9,Ladislav Stacho                                                                                                                                                                                                                                           ,LEC
1081,CMNS    ,481,OFF       ,25,9,. Faculty                                                                                                                                                                                                                                                 ,SEC
1091,CMNS    ,483,OFF       ,15,0,. Faculty                                                                                                                                                                                                                                                 ,SEC
1091,CMNS    ,881,OFF       ,15,0,. Faculty                                                                                                                                                                                                                                                 ,SEC
1094,CMNS    ,850,OFF       ,10,0,. Faculty                                                                                                                                                                                                                                                 ,SEC
1097,CMPT    ,250,SURREY    ,30,28,Harinder Khangura                                                                                                                                                                                                                                         ,LEC
1141,CMPT    ,165,BURNABY   ,60,59,Gregory Baker                                                                                                                                                                                                                                             ,SEC
1137,CMPT    ,371,BURNABY   ,90,90,Jiangchuan Liu                                                                                                                                                                                                                                            ,LEC
1081,CMPT    ,427,BURNABY   ,50,33,Harriet Chicoine                                                                                                                                                                                                                                          ,SEC
1147,CMPT    ,427,METRO     ,30,29,Harriet Chicoine                                                                                                                                                                                                                                          ,SEC
1124,CMPT    ,427,METRO     ,30,7,Frances McLafferty                                                                                                                                                                                                                                        ,SEC
1134,CMPT    ,165,SURREY    ,23,22,Harinder Khangura                                                                                                                                                                                                                                         ,LAB
1117,CMPT    ,165,SURREY    ,100,95,Tamara Smyth                                                                                                                                                                                                                                              ,LEC
1101,CMPT    ,250,BURNABY   ,26,21,Anthony Dixon                                                                                                                                                                                                                                             ,LAB
1147,CMPT    ,354,SURREY    ,65,61,Juhua Hu                                                                                                                                                                                                                                                  ,LEC
1091,CMPT    ,308,BURNABY   ,25,18,Valentine Kabanets                                                                                                                                                                                                                                        ,LEC
1164,CMPT    ,307,BURNABY   ,85,82,Bradley Bart                                                                                                                                                                                                                                              ,LEC
1081,CMPT    ,320,SURREY    ,48,31,Harinder Khangura                                                                                                                                                                                                                                         ,LEC
1117,CMPT    ,165,BURNABY   ,26,26,Anne Lavergne                                                                                                                                                                                                                                             ,LAB
1124,CMPT    ,165,BURNABY   ,26,26,Colin Stewart                                                                                                                                                                                                                                             ,LAB
1137,CMPT    ,383,SURREY    ,65,63,Piper Jackson                                                                                                                                                                                                                                             ,LEC
1171,ENSC    ,327,BURNABY   ,127,125,Atousa Hajshirmohammadi                                                                                                                                                                                                                                   ,LEC
1131,ENSC    ,350,BURNABY   ,40,42,Lakshman One                                                                                                                                                                                                                                              ,TUT
1154,ENSC    ,325,BURNABY   ,90,47,Fabio Campi                                                                                                                                                                                                                                               ,TUT
1141,ENSC    ,330,BURNABY   ,120,120,Bozena Kaminska                                                                                                                                                                                                                                           ,LEC
1081,ENSC    ,498,BURNABY   ,10,3,. Faculty                                                                                                                                                                                                                                                 ,SEC
1171,ENSC    ,495,BURNABY   ,10,11,Michael Adachi                                                                                                                                                                                                                                            ,LAB
1144,MSE     ,483,SURREY    ,35,35,<null>,LAB
1167,MSE     ,495,SURREY    ,5,0,<null>,LAB
1127,MACM    ,204,BURNABY   ,18,6,<null>,LAB
1111,MATH    ,381W      ,BURNABY   ,32,19,<null>,TUT
1107,ENSC    ,388,SURREY    ,66,48,<null>,TUT
1131,ENSC    ,150,BURNABY   ,43,43,<null>,TUT
1131,ENSC    ,150,BURNABY   ,44,45,<null>,TUT
1101,ENSC    ,195,SURREY    ,20,3,<null>,SEC
1097,ENSC    ,194,BURNABY   ,50,0,<null>,SEC
1141,ENSC    ,899,BURNABY   ,100,54,<null>,SEC
1141,ENSC    ,406,BURNABY   ,18,16,<null>,TUT
1134,ENSC    ,499,BURNABY   ,10,6,<null>,SEC
1147,ENSC    ,499,BURNABY   ,10,7,<null>,SEC
1104,MATH    ,232,SURREY    ,135,101,Roger Donaldson                                                                                                                                                                                                                                           ,LEC
1084,MATH    ,232,KAM       ,1,1,Ping Ding                                                                                                                                                                                                                                                 ,SEC
1107,MATH    ,190,BURNABY   ,35,23,Justin Gray                                                                                                                                                                                                                                               ,SEC
1174,MATH    ,190,BURNABY   ,45,38,Petra Menz                                                                                                                                                                                                                                                ,SEC
1084,MATH    ,157,SURREY    ,85,57,Randall Pyke                                                                                                                                                                                                                                              ,LEC
1134,MATH    ,152,BURNABY   ,260,202,Jonas Jankauskas                                                                                                                                                                                                                                          ,LEC
1147,MATH    ,152,BURNABY   ,300,289,Jamie Mulholland                                                                                                                                                                                                                                          ,LEC
1157,MATH    ,425,BURNABY   ,20,12,Weiran Sun                                                                                                                                                                                                                                                ,LEC
1117,MATH    ,336,OFF       ,20,0,Faye Stefan                                                                                                                                                                                                                                               ,SEC
1164,MATH    ,336,OFF       ,20,0,Stuart Billings                                                                                                                                                                                                                                           ,SEC
1134,CMPT    ,427,METRO     ,5,3,Harriet Chicoine                                                                                                                                                                                                                                          ,SEC
1147,CMPT    ,427,METRO     ,8,4,Harriet Chicoine                                                                                                                                                                                                                                          ,SEC
1104,CMPT    ,415,BURNABY   ,3,3,"Arthur Kirkpatrick, Ke Wang                                                                                                                                                                                                                               ",SEC
1141,CMPT    ,415,BURNABY   ,5,5,"Arthur Kirkpatrick, Gregory Mori, James Delgrande                                                                                                                                                                                                         ",SEC
1177,CMPT    ,415,BURNABY   ,3,1,William Sumner                                                                                                                                                                                                                                            ,SEC
1157,CMPT    ,822,BURNABY   ,20,13,Brian Funt                                                                                                                                                                                                                                                ,LEC
1144,CMPT    ,471,BURNABY   ,65,62,Louis Hafer                                                                                                                                                                                                                                               ,LEC
1084,CMPT    ,475,BURNABY   ,30,32,Danny Ridinger                                                                                                                                                                                                                                            ,LEC
1164,CMPT    ,430,OFF       ,15,0,Harriet Chicoine                                                                                                                                                                                                                                          ,SEC
1117,CMPT    ,430,SURREY    ,2,1,Frances McLafferty                                                                                                                                                                                                                                        ,SEC
1131,CMPT    ,430,METRO     ,30,1,Harriet Chicoine                                                                                                                                                                                                                                          ,SEC
1157,CMPT    ,379,BURNABY   ,75,54,Thomas Shermer                                                                                                                                                                                                                                            ,LEC
1161,CMPT    ,427,METRO     ,60,52,Harriet Chicoine                                                                                                                                                                                                                                          ,SEC
1171,CMPT    ,427,METRO     ,450,49,Harriet Chicoine                                                                                                                                                                                                                                          ,SEC
1181,CMPT    ,354,BURNABY   ,90,90,Martin Ester                                                                                                                                                                                                                                              ,LEC
1134,CMPT    ,427,OFF       ,5,0,Harriet Chicoine                                                                                                                                                                                                                                          ,SEC
1147,CMPT    ,822,BURNABY   ,10,9,Brian Funt                                                                                                                                                                                                                                                ,LEC
1107,MATH    ,154,BURNABY   ,0,0,<null>,OPL
1107,MATH    ,151,BURNABY   ,60,0,<null>,OPL
1084,MATH    ,242,BURNABY   ,35,0,<null>,TUT
1141,MACM    ,316,SURREY    ,32,0,<null>,TUT
1114,ENSC    ,325,BURNABY   ,75,72,". Faculty, Sami Muhaidat                                                                                                                                                                                                                                  ",LEC
1134,ENSC    ,429,BURNABY   ,35,18,John Bird                                                                                                                                                                                                                                                 ,LEC
1097,MACM    ,316,BURNABY   ,32,0,<null>,TUT
1101,MACM    ,316,SURREY    ,50,0,<null>,LEC
1164,ENSC    ,898,OFF       ,10,0,<null>,SEC
1167,ENSC    ,899,BURNABY   ,100,41,<null>,SEC
1177,ENSC    ,899,BURNABY   ,100,48,<null>,SEC
1101,ENSC    ,396,BURNABY   ,2,0,<null>,SEC
1081,ENSC    ,395,BURNABY   ,25,16,<null>,SEC
1104,ENSC    ,194,OFF       ,1,0,<null>,SEC
1114,ENSC    ,194,OFF       ,5,0,<null>,SEC
1104,ENSC    ,194,SURREY    ,25,2,<null>,SEC
1171,ENSC    ,499,BURNABY   ,10,5,<null>,SEC
1091,MACM    ,202,BURNABY   ,44,34,JF Williams                                                                                                                                                                                                                                               ,LEC
1111,MACM    ,316,BURNABY   ,160,121,Robert Russell                                                                                                                                                                                                                                            ,LEC
1101,MACM    ,201,BURNABY   ,120,119,Marni Mishna                                                                                                                                                                                                                                              ,LEC
1127,MACM    ,201,BURNABY   ,300,276,Jason Bell                                                                                                                                                                                                                                                ,LEC
1144,MATH    ,461,BURNABY   ,30,25,Steven Ruuth                                                                                                                                                                                                                                              ,LEC
1117,MATH    ,190,BURNABY   ,35,28,Justin Gray                                                                                                                                                                                                                                               ,SEC
1121,MATH    ,190,BURNABY   ,35,31,Justin Gray                                                                                                                                                                                                                                               ,SEC
1174,MATH    ,336,OFF       ,20,0,Stuart Billings                                                                                                                                                                                                                                           ,SEC
1157,MATH    ,890,OFF       ,20,0,Stuart Billings                                                                                                                                                                                                                                           ,SEC
1161,MATH    ,890,OFF       ,6,0,Stuart Billings                                                                                                                                                                                                                                           ,SEC
1107,MATH    ,310,SURREY    ,72,71,Natalia Kouzniak                                                                                                                                                                                                                                          ,LEC
1134,MATH    ,251,BURNABY   ,229,174,Chiaka Drakes                                                                                                                                                                                                                                             ,LEC
1097,MATH    ,232,SURREY    ,48,22,Tamon Stephen                                                                                                                                                                                                                                             ,LEC
1161,MATH    ,242,BURNABY   ,70,30,Marni Mishna                                                                                                                                                                                                                                              ,LEC
1087,MATH    ,891,OFF       ,10,0,Faye Stefan                                                                                                                                                                                                                                               ,SEC
1151,MATH    ,891,OFF       ,3,0,Stuart Billings                                                                                                                                                                                                                                           ,SEC
1091,KIN     ,110,BURNABY   ,18,18,<null>,TUT
1171,MATH    ,876,BURNABY   ,15,0,<null>,SEC
1091,REM     ,641,BURNABY   ,30,23,Murray Rutherford                                                                                                                                                                                                                                         ,SEM
1091,WKTM    ,300,SURREY    ,50,13,"Frances McLafferty, Navinder Chima                                                                                                                                                                                                                        ",SEC
1091,WKTM    ,300,OFF       ,10,5,"Frances McLafferty, Navinder Chima                                                                                                                                                                                                                        ",SEC
1141,MACM    ,316,SURREY    ,32,0,<null>,TUT
1144,ENSC    ,295,BURNABY   ,50,26,Harriet Chicoine                                                                                                                                                                                                                                          ,SEC
1157,ENSC    ,220,BURNABY   ,208,214,Meenakshinathan Parameswaran                                                                                                                                                                                                                              ,LEC
1141,ENSC    ,425,BURNABY   ,47,0,Lakshman One                                                                                                                                                                                                                                              ,OPL
1131,ENSC    ,428,BURNABY   ,40,24,Daniel Lee                                                                                                                                                                                                                                                ,TUT
1171,ENSC    ,488,BURNABY   ,50,36,Kamal Gupta                                                                                                                                                                                                                                               ,LEC
1151,ENSC    ,428,BURNABY   ,35,8,Daniel Lee                                                                                                                                                                                                                                                ,RQL
1137,ENSC    ,295,OFF       ,25,13,Harriet Chicoine                                                                                                                                                                                                                                          ,SEC
1174,ENSC    ,264,BURNABY   ,2,1,Peter Hallschmid                                                                                                                                                                                                                                          ,LAB
1174,ENSC    ,264,BURNABY   ,0,0,Peter Hallschmid                                                                                                                                                                                                                                          ,LAB
1104,ENSC    ,225,BURNABY   ,34,34,Meenakshinathan Parameswaran                                                                                                                                                                                                                              ,TUT
1137,ENSC    ,426,BURNABY   ,30,29,Shawn Stapleton                                                                                                                                                                                                                                           ,LEC
1164,ENSC    ,395,BURNABY   ,45,55,Harriet Chicoine                                                                                                                                                                                                                                          ,SEC
1164,ENSC    ,395,OFF       ,25,14,Harriet Chicoine                                                                                                                                                                                                                                          ,SEC
1087,ENSC    ,891,BURNABY   ,15,6,. Faculty                                                                                                                                                                                                                                                 ,SEC
1151,ENSC    ,851,BURNABY   ,4,3,Glenn Chapman                                                                                                                                                                                                                                             ,LAB
1111,ENSC    ,810,BURNABY   ,20,16,Rodney Vaughan                                                                                                                                                                                                                                            ,LEC
1137,MATH    ,308,SURREY    ,32,7,Daryl Funk                                                                                                                                                                                                                                                ,LEC
1087,MATH    ,190,BURNABY   ,150,114,Malgorzata Dubiel                                                                                                                                                                                                                                         ,LEC
1171,MATH    ,801,BURNABY   ,5,5,Michael Monagan                                                                                                                                                                                                                                           ,LEC
1164,CMPT    ,295,BURNABY   ,26,20,Anthony Dixon                                                                                                                                                                                                                                             ,LAB
1094,CMNS    ,479,BURNABY   ,10,18,. Faculty                                                                                                                                                                                                                                                 ,SEC
1181,CMPT    ,497,BURNABY   ,10,4,Qianping Gu                                                                                                                                                                                                                                               ,SEC
1091,KIN     ,205,BURNABY   ,72,50,Andrew Blaber                                                                                                                                                                                                                                             ,LEC
1094,KIN     ,304W      ,BURNABY   ,64,55,Richard Ward                                                                                                                                                                                                                                              ,LEC
1084,MATH    ,882,BURNABY   ,10,0,. Faculty                                                                                                                                                                                                                                                 ,SEC
1131,MATH    ,157,SURREY    ,100,46,Natalia Kouzniak                                                                                                                                                                                                                                          ,LEC
1181,MSE     ,780,SURREY    ,4,4,Kevin Oldknow                                                                                                                                                                                                                                             ,LAB
1134,MSE     ,293,OFF       ,20,13,<null>,SEC
1181,ENSC    ,405W      ,BURNABY   ,80,68,Stephen Whitmore                                                                                                                                                                                                                                          ,LEC
1157,MSE     ,100,SURREY    ,40,40,Krishna Vijayaraghavan                                                                                                                                                                                                                                    ,LAB
1141,MSE     ,893,SURREY    ,10,4,Ahmad Rad                                                                                                                                                                                                                                                 ,LAB
1154,MSE     ,493,OFF       ,20,7,Stephanie DeRapp                                                                                                                                                                                                                                          ,SEC
1157,MSE     ,496,SURREY    ,6,3,Edward Park                                                                                                                                                                                                                                               ,LAB
1147,MSE     ,193,SURREY    ,10,0,Stephanie DeRapp                                                                                                                                                                                                                                          ,SEC
1181,MSE     ,193,METRO     ,5,4,Stephanie DeRapp                                                                                                                                                                                                                                          ,SEC
1177,MSE     ,193,OFF       ,10,0,Stephanie DeRapp                                                                                                                                                                                                                                          ,SEC
1157,MSE     ,220,SURREY    ,24,24,Woo Soo Kim                                                                                                                                                                                                                                               ,LAB
1171,CMPT    ,295,SURREY    ,96,68,Harinder Khangura                                                                                                                                                                                                                                         ,LEC
1157,ENSC    ,385,BURNABY   ,60,27,Carlo Menon                                                                                                                                                                                                                                               ,TUT
1174,MSE     ,411,SURREY    ,0,0,Farid Golnaraghi                                                                                                                                                                                                                                          ,OPL
1167,ENSC    ,477,BURNABY   ,34,25,"Marinko Sarunic, Teresa Cheung                                                                                                                                                                                                                            ",LEC
1164,MSE     ,353,SURREY    ,33,29,Jiacheng Wang                                                                                                                                                                                                                                             ,LAB
1181,ENSC    ,702,OFF       ,5,0,Harriet Chicoine                                                                                                                                                                                                                                          ,PRA
1177,ENSC    ,251,BURNABY   ,48,49,Herbert Tsang                                                                                                                                                                                                                                             ,LAB
1164,MSE     ,722,SURREY    ,3,2,Erik Kjeang                                                                                                                                                                                                                                               ,LAB
1137,CMPT    ,130,SURREY    ,20,0,Brian Fraser                                                                                                                                                                                                                                              ,LAB
1111,ENSC    ,280,SURREY    ,75,63,Erik Kjeang                                                                                                                                                                                                                                               ,LEC
1111,CMPT    ,828,BURNABY   ,15,14,Mark Drew                                                                                                                                                                                                                                                 ,SEM
1107,ENSC    ,805,BURNABY   ,30,12,Paul Ho                                                                                                                                                                                                                                                   ,LEC
1161,ENSC    ,495,BURNABY   ,6,0,Glenn Chapman                                                                                                                                                                                                                                             ,LAB
1171,MSE     ,403,SURREY    ,20,19,"Amr Marzouk, Sarah Lubik                                                                                                                                                                                                                                  ",SEM
1181,MSE     ,403,SURREY    ,20,16,"Amr Marzouk, Sarah Lubik                                                                                                                                                                                                                                  ",SEM
1177,ENSC    ,252,BURNABY   ,180,165,Ameer Abdelhadi                                                                                                                                                                                                                                           ,LEC
1157,ENSC    ,252,BURNABY   ,40,39,Lakshman One                                                                                                                                                                                                                                              ,LAB
1157,ENSC    ,120,BURNABY   ,34,32,Meenakshinathan Parameswaran                                                                                                                                                                                                                              ,LAB
1157,ENSC    ,120,BURNABY   ,34,35,Meenakshinathan Parameswaran                                                                                                                                                                                                                              ,LAB
1181,MSE     ,101W      ,SURREY    ,80,74,Maureen Hindy                                                                                                                                                                                                                                             ,LEC
1137,MSE     ,100,SURREY    ,108,109,Krishna Vijayaraghavan                                                                                                                                                                                                                                    ,LEC
1107,ENSC    ,101W      ,BURNABY   ,172,187,Michael Sjoerdsma                                                                                                                                                                                                                                         ,LEC
1117,ENSC    ,101W      ,BURNABY   ,146,145,Michael Sjoerdsma                                                                                                                                                                                                                                         ,LEC
1147,ENSC    ,101W      ,BURNABY   ,10,9,Michael Sjoerdsma                                                                                                                                                                                                                                         ,LEC
1097,MATH    ,150,SURREY    ,90,55,Allan Majdanac                                                                                                                                                                                                                                            ,LEC
1081,IAT     ,351,SURREY    ,24,22,"Linda Bartram, Shahin Sheidaei                                                                                                                                                                                                                            ",STL
1107,ENSC    ,100W      ,BURNABY   ,4,4,Michael Sjoerdsma                                                                                                                                                                                                                                         ,TUT
1107,ENSC    ,100W      ,BURNABY   ,6,6,Michael Sjoerdsma                                                                                                                                                                                                                                         ,TUT
1087,MACM    ,316,BURNABY   ,192,133,John Stockie                                                                                                                                                                                                                                              ,LEC
1087,KIN     ,801,BURNABY   ,15,10,Joaquin Hoffer                                                                                                                                                                                                                                            ,SEM
1167,MACM    ,316,BURNABY   ,240,203,Benjamin Adcock                                                                                                                                                                                                                                           ,LEC
1161,MSE     ,101W      ,SURREY    ,96,75,Maureen Hindy                                                                                                                                                                                                                                             ,LEC
1141,MSE     ,251,SURREY    ,43,40,Behraad Bahreyni                                                                                                                                                                                                                                          ,LAB
1171,MSE     ,110,SURREY    ,24,24,Amr Marzouk                                                                                                                                                                                                                                               ,LAB
1141,CMPT    ,130,SURREY    ,23,22,John Edgar                                                                                                                                                                                                                                                ,LAB
1177,MSE     ,321,SURREY    ,36,36,Ghasem Behfarshad                                                                                                                                                                                                                                         ,LAB
1141,MSE     ,393,SURREY    ,10,18,Harriet Chicoine                                                                                                                                                                                                                                          ,SEC
1171,MSE     ,410,SURREY    ,0,0,Farid Golnaraghi                                                                                                                                                                                                                                          ,OPL
1181,MSE     ,410,SURREY    ,0,0,Flavio Firmani                                                                                                                                                                                                                                            ,OPL
1181,MSE     ,393,OFF       ,25,1,Stephanie DeRapp                                                                                                                                                                                                                                          ,SEC
1177,CMPT    ,628,METRO     ,50,0,Harriet Chicoine                                                                                                                                                                                                                                          ,PRA
1121,ENSC    ,106,SURREY    ,100,0,John Jones                                                                                                                                                                                                                                                ,LEC
1121,ENSC    ,106,SURREY    ,100,79,"Farid Golnaraghi, John Jones                                                                                                                                                                                                                              ",LEC
1131,ENSC    ,280,SURREY    ,50,52,Erik Kjeang                                                                                                                                                                                                                                               ,LAB
1101,MATH    ,448,SURREY    ,5,0,<null>,LEC
1157,CMPT    ,431,BURNABY   ,62,37,Arrvindh Shriraman                                                                                                                                                                                                                                        ,LEC
1101,CMPT    ,468,SURREY    ,12,8,Tamara Smyth                                                                                                                                                                                                                                              ,LEC
1101,CMPT    ,711,SURREY    ,12,3,Kay Wiese                                                                                                                                                                                                                                                 ,LEC
1087,ENSC    ,281,SURREY    ,75,76,Gary Wang                                                                                                                                                                                                                                                 ,TUT
1177,MATH    ,340,BURNABY   ,90,80,Michael Monagan                                                                                                                                                                                                                                           ,LEC
1114,ENSC    ,803,BURNABY   ,30,0,. TBD                                                                                                                                                                                                                                                     ,LEC
1117,MATH    ,892,BBY       ,20,0,<null>,SEC
1147,MSE     ,893,SURREY    ,30,8,Maureen Hindy                                                                                                                                                                                                                                             ,LEC
1134,MSE     ,492,SURREY    ,23,21,Krishna Vijayaraghavan                                                                                                                                                                                                                                    ,LAB
1161,MSE     ,390,SURREY    ,96,90,Flavio Firmani                                                                                                                                                                                                                                            ,LEC
1151,MSE     ,390,SURREY    ,43,42,Flavio Firmani                                                                                                                                                                                                                                            ,LAB
1167,MSE     ,220,SURREY    ,108,107,Woo Soo Kim                                                                                                                                                                                                                                               ,LEC
1177,MSE     ,486,SURREY    ,5,1,Ghasem Behfarshad                                                                                                                                                                                                                                         ,SEM
1161,MSE     ,102,SURREY    ,96,81,"Kevin Oldknow, Maureen Hindy                                                                                                                                                                                                                              ",TUT
1147,MSE     ,220,SURREY    ,40,32,Woo Soo Kim                                                                                                                                                                                                                                               ,LAB
1151,MSE     ,421,SURREY    ,50,43,Siamak Arzanpour                                                                                                                                                                                                                                          ,TUT
1141,MSE     ,110,SURREY    ,30,28,Amr Marzouk                                                                                                                                                                                                                                               ,LEC
1171,MSE     ,110,SURREY    ,0,0,Amr Marzouk                                                                                                                                                                                                                                               ,OPL
1101,MACM    ,201,SURREY    ,50,32,Guillaume Chapuy                                                                                                                                                                                                                                          ,LEC
1081,MATH    ,762,BURNABY   ,15,0,Mary Catherine Kropinski                                                                                                                                                                                                                                  ,LEC
1101,MATH    ,308,SURREY    ,25,23,Tamon Stephen                                                                                                                                                                                                                                             ,LEC
1111,MATH    ,308,SURREY    ,36,32,Tamon Stephen                                                                                                                                                                                                                                             ,LEC
1167,MATH    ,190,BURNABY   ,120,96,Malgorzata Dubiel                                                                                                                                                                                                                                         ,LEC
1101,MATH    ,154,BURNABY   ,205,160,Ladislav Stacho                                                                                                                                                                                                                                           ,LEC
1111,MATH    ,154,BURNABY   ,229,198,Charles Samuels                                                                                                                                                                                                                                           ,LEC
1084,MATH    ,157,BURNABY   ,200,90,Petra Menz                                                                                                                                                                                                                                                ,LEC
1161,MATH    ,890,BURNABY   ,20,0,Stuart Billings                                                                                                                                                                                                                                           ,SEC
1171,MATH    ,890,BURNABY   ,20,0,Stuart Billings                                                                                                                                                                                                                                           ,SEC
1164,CMPT    ,135,SURREY    ,48,28,Toby Donaldson                                                                                                                                                                                                                                            ,LEC
1181,CMPT    ,135,SURREY    ,17,16,John Edgar                                                                                                                                                                                                                                                ,LAB
1177,CMPT    ,628,METRO     ,50,1,Harriet Chicoine                                                                                                                                                                                                                                          ,PRA
1164,ENSC    ,280,BURNABY   ,50,53,Atousa Hajshirmohammadi                                                                                                                                                                                                                                   ,LAB
1164,ENSC    ,280,BURNABY   ,15,0,Atousa Hajshirmohammadi                                                                                                                                                                                                                                   ,LAB
1177,MACM    ,204,BURNABY   ,21,20,Michael Monagan                                                                                                                                                                                                                                           ,LAB
1167,MACM    ,204,BURNABY   ,20,15,Michael Monagan                                                                                                                                                                                                                                           ,LAB
1177,MACM    ,204,BURNABY   ,21,18,Michael Monagan                                                                                                                                                                                                                                           ,LAB
1151,MATH    ,302,BURNABY   ,64,42,John Stockie                                                                                                                                                                                                                                              ,LEC
1167,ENSC    ,470,BURNABY   ,18,18,Glenn Chapman                                                                                                                                                                                                                                             ,LAB
1177,ENSC    ,470,BURNABY   ,20,20,Glenn Chapman                                                                                                                                                                                                                                             ,LAB
1081,IAT     ,202,SURREY    ,24,19,Alexander Mateesco                                                                                                                                                                                                                                        ,STL
1101,MATH    ,160W      ,KAM       ,12,4,Ping Ding                                                                                                                                                                                                                                                 ,SEC
1147,MSE     ,892,BURNABY   ,10,2,<null>,SEC
1084,KIN     ,201,BURNABY   ,19,16,Anthony Leyland                                                                                                                                                                                                                                           ,LEC
1084,KIN     ,375,BURNABY   ,60,50,Michael Walsh                                                                                                                                                                                                                                             ,LEC
1177,ENSC    ,100W      ,BURNABY   ,8,7,Michael Sjoerdsma                                                                                                                                                                                                                                         ,LAB
1107,ENSC    ,100W      ,BURNABY   ,5,5,Michael Sjoerdsma                                                                                                                                                                                                                                         ,TUT
1107,MATH    ,447,BURNABY   ,30,16,Petr Lisonek                                                                                                                                                                                                                                              ,LEC
1131,MATH    ,843,BURNABY   ,25,7,Nils Bruin                                                                                                                                                                                                                                                ,LEC
1087,MATH    ,818,BURNABY   ,15,10,Nils Bruin                                                                                                                                                                                                                                                ,LEC
1177,MATH    ,151,BURNABY   ,440,316,Jamie Mulholland                                                                                                                                                                                                                                          ,LEC
1157,MSE     ,110,SURREY    ,30,0,. TBD                                                                                                                                                                                                                                                     ,LAB
1137,MSE     ,110,SURREY    ,30,21,Amr Marzouk                                                                                                                                                                                                                                               ,TUT
1164,MSE     ,110,SURREY    ,0,0,Amr Marzouk                                                                                                                                                                                                                                               ,LAB
1147,ENSC    ,470,BURNABY   ,35,36,Glenn Chapman                                                                                                                                                                                                                                             ,TUT
1157,CMPT    ,373,SURREY    ,48,48,William Sumner                                                                                                                                                                                                                                            ,LEC
1121,CMPT    ,473,SURREY    ,30,22,Robert Cameron                                                                                                                                                                                                                                            ,LEC
1087,MATH    ,708,SURREY    ,10,0,Tamon Stephen                                                                                                                                                                                                                                             ,LEC
1081,IAT     ,404,SURREY    ,61,57,"Helmine Serban, Yingchen Yang                                                                                                                                                                                                                             ",LEC
1117,ENSC    ,231,SURREY    ,92,90,Woo Soo Kim                                                                                                                                                                                                                                               ,TUT
1127,ENSC    ,281,SURREY    ,100,99,Woo Soo Kim                                                                                                                                                                                                                                               ,LEC
1181,MATH    ,890,BURNABY   ,20,0,Stuart Billings                                                                                                                                                                                                                                           ,SEC
1124,MATH    ,890,OFF       ,6,0,Stuart Billings                                                                                                                                                                                                                                           ,SEC
1094,MATH    ,336,BURNABY   ,20,0,Faye Stefan                                                                                                                                                                                                                                               ,SEC
1121,MATH    ,336,BURNABY   ,20,0,"Faye Stefan, Stuart Billings                                                                                                                                                                                                                              ",SEC
1131,MATH    ,336,BURNABY   ,20,1,Stuart Billings                                                                                                                                                                                                                                           ,SEC
1081,MATH    ,320,BURNABY   ,96,29,Rustum Choksi                                                                                                                                                                                                                                             ,LEC
1161,MATH    ,320,BURNABY   ,64,45,Stephen Choi                                                                                                                                                                                                                                              ,LEC
1181,MATH    ,320,BURNABY   ,64,19,Stephen Choi                                                                                                                                                                                                                                              ,LEC
1091,MATH    ,251,BURNABY   ,122,119,Ralf Wittenberg                                                                                                                                                                                                                                           ,LEC
1167,MATH    ,424,BURNABY   ,25,7,Tom Archibald                                                                                                                                                                                                                                             ,LEC
1091,IAT     ,102,SURREY    ,24,22,Yin Wu                                                                                                                                                                                                                                                    ,STL
1141,MATH    ,314,BURNABY   ,50,29,Razvan Fetecau                                                                                                                                                                                                                                            ,LEC
1157,MATH    ,251,BURNABY   ,254,229,David Muraki                                                                                                                                                                                                                                              ,LEC
1107,MATH    ,310,BURNABY   ,192,185,Allan Majdanac                                                                                                                                                                                                                                            ,LEC
1147,MATH    ,251,SURREY    ,96,76,Ping Ding                                                                                                                                                                                                                                                 ,LEC
1081,MATH    ,242,SURREY    ,24,15,Mahdad Khatirinejad                                                                                                                                                                                                                                       ,LEC
1181,MATH    ,310,BURNABY   ,96,87,Vijaykumar Singh                                                                                                                                                                                                                                          ,LEC
1127,MATH    ,496,BURNABY   ,1,0,Paul Tupper                                                                                                                                                                                                                                               ,SEC
1097,CMPT    ,741,BURNABY   ,30,26,Martin Ester                                                                                                                                                                                                                                              ,LEC
1134,MATH    ,890,BURNABY   ,20,0,Stuart Billings                                                                                                                                                                                                                                           ,SEC
1091,MATH    ,100,BURNABY   ,300,270,Petra Menz                                                                                                                                                                                                                                                ,LEC
1147,MATH    ,251,BURNABY   ,250,199,Vijaykumar Singh                                                                                                                                                                                                                                          ,LEC
1131,ENSC    ,894,SURREY    ,10,0,<null>,TUT
1117,MATH    ,894,BURNABY   ,6,0,<null>,SEC
1107,MATH    ,894,BURNABY   ,6,0,<null>,SEC
1081,MATH    ,820,BURNABY   ,20,7,Ladislav Stacho                                                                                                                                                                                                                                           ,LEC
1087,CMPT    ,745,BURNABY   ,20,3,Dirk Beyer                                                                                                                                                                                                                                                ,LEC
1091,CMPT    ,886,BURNABY   ,30,21,Alexandra Fedorova                                                                                                                                                                                                                                        ,SEM
1181,CMPT    ,886,BURNABY   ,10,3,Robert Cameron                                                                                                                                                                                                                                            ,SEM
1154,MATH    ,251,BURNABY   ,60,0,<null>,OPL
1081,CMNS    ,486,HRBRCNTR  ,24,23,Peter Chow-White                                                                                                                                                                                                                                          ,SEM
1081,REM     ,658,HRBRCNTR  ,20,7,Mark Jaccard                                                                                                                                                                                                                                              ,SEM
1081,WKTM    ,300,SURREY    ,50,9,"Frances McLafferty, Navinder Chima                                                                                                                                                                                                                        ",SEC
1087,IAT     ,403,SURREY    ,60,39,". TBD, Kenneth Zupan, Thecla Schiphorst, Yingchen Yang                                                                                                                                                                                                    ",LEC
1164,CMPT    ,427,METRO     ,35,35,Harriet Chicoine                                                                                                                                                                                                                                          ,SEC
1094,CMPT    ,427,OFF       ,30,0,Harriet Chicoine                                                                                                                                                                                                                                          ,SEC
1121,CMPT    ,427,METRO     ,10,6,Frances McLafferty                                                                                                                                                                                                                                        ,SEC
1131,CMPT    ,427,METRO     ,30,5,Harriet Chicoine                                                                                                                                                                                                                                          ,SEC
1117,CMPT    ,427,OFF       ,8,5,Frances McLafferty                                                                                                                                                                                                                                        ,SEC
1144,CMPT    ,300,BURNABY   ,95,94,Janice Regan                                                                                                                                                                                                                                              ,LEC
1154,CMPT    ,300,BURNABY   ,100,99,Janice Regan                                                                                                                                                                                                                                              ,LEC
1081,CMPT    ,212,BURNABY   ,40,18,Jan Manuch                                                                                                                                                                                                                                                ,LEC
1144,CMPT    ,383,HRBRCNTR  ,75,75,Gregory Baker                                                                                                                                                                                                                                             ,LEC
1091,MATH    ,890,BURNABY   ,10,0,Faye Stefan                                                                                                                                                                                                                                               ,SEC
1087,CMPT    ,741,BURNABY   ,25,23,Ke Wang                                                                                                                                                                                                                                                   ,LEC
1167,CMPT    ,741,BURNABY   ,75,59,Ke Wang                                                                                                                                                                                                                                                   ,LEC
1174,MATH    ,894,BURNABY   ,6,1,Marni Mishna                                                                                                                                                                                                                                              ,SEC
1091,IAT     ,100,SURREY    ,24,24,Jack Stockholm III                                                                                                                                                                                                                                        ,STL
1094,IAT     ,100,SURREY    ,24,24,Susan Clements-Vivian                                                                                                                                                                                                                                     ,STL
1094,IAT     ,100,SURREY    ,24,23,Susan Clements-Vivian                                                                                                                                                                                                                                     ,STL
1084,IAT     ,100,SURREY    ,24,26,David Botta                                                                                                                                                                                                                                               ,STL
1101,CMPT    ,120,HRBRCNTR  ,28,30,Diana Cukierman                                                                                                                                                                                                                                           ,LAB
1161,CMPT    ,120,BURNABY   ,150,148,Anne Lavergne                                                                                                                                                                                                                                             ,LEC
1174,CMPT    ,120,BURNABY   ,26,26,Anne Lavergne                                                                                                                                                                                                                                             ,LAB
1147,MATH    ,890,BURNABY   ,20,0,Stuart Billings                                                                                                                                                                                                                                           ,SEC
1131,MATH    ,894,BURNABY   ,6,5,Nils Bruin                                                                                                                                                                                                                                                ,SEC
1084,MATH    ,894,BURNABY   ,6,0,. Faculty                                                                                                                                                                                                                                                 ,SEC
1131,MATH    ,892,BURNABY   ,6,0,Stuart Billings                                                                                                                                                                                                                                           ,SEC
1107,MATH    ,892,OFF       ,20,0,Faye Stefan                                                                                                                                                                                                                                               ,SEC
1121,MATH    ,892,OFF       ,6,0,Faye Stefan                                                                                                                                                                                                                                               ,SEC
1164,MATH    ,892,OFF       ,20,0,Stuart Billings                                                                                                                                                                                                                                           ,SEC
1087,MATH    ,891,BURNABY   ,10,0,Faye Stefan                                                                                                                                                                                                                                               ,SEC
1167,MATH    ,891,OFF       ,20,0,Stuart Billings                                                                                                                                                                                                                                           ,SEC
1161,MATH    ,831,BURNABY   ,25,10,"Paul Tupper, Veselin Jungic                                                                                                                                                                                                                               ",LEC
1087,WKTM    ,200,SURREY    ,50,16,"Frances McLafferty, Navinder Chima                                                                                                                                                                                                                        ",SEC
1097,CMPT    ,705,BURNABY   ,36,0,<null>,LEC
1171,ENSC    ,325,BURNABY   ,100,0,<null>,RQL
1087,CMNS    ,110,HRBRCNTR  ,30,25,Roman Onufrijchuk                                                                                                                                                                                                                                         ,LEC
1084,CMNS    ,372,BURNABY   ,65,65,Ian Chunn                                                                                                                                                                                                                                                 ,SEC
1087,CMNS    ,851,BURNABY   ,15,1,. Faculty                                                                                                                                                                                                                                                 ,SEC
1117,CMPT    ,165,BURNABY   ,26,26,Anne Lavergne                                                                                                                                                                                                                                             ,LAB
1101,CMPT    ,110,BURNABY   ,55,39,Andrew Park                                                                                                                                                                                                                                               ,LEC
1094,CMPT    ,275,HRBRCNTR  ,45,34,Herbert Tsang                                                                                                                                                                                                                                             ,LEC
1097,CMPT    ,250,SURREY    ,15,14,Harinder Khangura                                                                                                                                                                                                                                         ,LAB
1081,CMPT    ,165,BURNABY   ,165,159,Ehsan Amiri                                                                                                                                                                                                                                               ,LEC
1107,CMPT    ,379,BURNABY   ,50,43,Anoop Sarkar                                                                                                                                                                                                                                              ,LEC
1141,CMPT    ,371,BURNABY   ,80,80,Jiangchuan Liu                                                                                                                                                                                                                                            ,LEC
1151,CMPT    ,371,SURREY    ,60,60,Joseph Peters                                                                                                                                                                                                                                             ,LEC
1107,CMPT    ,427,BURNABY   ,20,20,Harriet Chicoine                                                                                                                                                                                                                                          ,SEC
1131,CMPT    ,427,METRO     ,30,30,Harriet Chicoine                                                                                                                                                                                                                                          ,SEC
1124,CMPT    ,430,OFF       ,15,0,Frances McLafferty                                                                                                                                                                                                                                        ,SEC
1147,CMPT    ,430,OFF       ,2,0,Harriet Chicoine                                                                                                                                                                                                                                          ,SEC
1161,CMPT    ,430,OFF       ,15,0,Harriet Chicoine                                                                                                                                                                                                                                          ,SEC
1171,CMPT    ,430,OFF       ,20,0,Harriet Chicoine                                                                                                                                                                                                                                          ,SEC
1171,CMPT    ,430,METRO     ,30,6,Harriet Chicoine                                                                                                                                                                                                                                          ,SEC
1101,CMPT    ,705,BURNABY   ,30,22,Petra Berenbrink                                                                                                                                                                                                                                          ,LEC
1111,CMPT    ,705,BURNABY   ,30,27,Arthur Liestman                                                                                                                                                                                                                                           ,LEC
1107,ENSC    ,894,BURNABY   ,10,10,Glenn Chapman                                                                                                                                                                                                                                             ,LEC
1081,REM     ,602,BURNABY   ,25,0,Kenneth Calbick                                                                                                                                                                                                                                           ,SEM
1081,REM     ,602,BURNABY   ,30,19,Kenneth Calbick                                                                                                                                                                                                                                           ,SEM
1144,ENSC    ,803,BURNABY   ,30,0,<null>,LEC
1107,MATH    ,1XX       ,BURNABY   ,30,24,<null>,LEC
1121,MATH    ,1XX       ,BURNABY   ,30,7,<null>,LEC
1091,CMNS    ,261,BURNABY   ,65,52,Donald Gutstein                                                                                                                                                                                                                                           ,SEC
1091,CMNS    ,110,BURNABY   ,360,359,Darryl Cressman                                                                                                                                                                                                                                           ,LEC
1094,CMNS    ,473,HRBRCNTR  ,48,48,Anne Ahmad                                                                                                                                                                                                                                                ,LEC
1091,CMNS    ,850,BURNABY   ,20,1,. Faculty                                                                                                                                                                                                                                                 ,SEC
1167,CMPT    ,225,SURREY    ,18,16,Arthur Kirkpatrick                                                                                                                                                                                                                                        ,LAB
1167,CMPT    ,225,BURNABY   ,26,26,David Mitchell                                                                                                                                                                                                                                            ,LAB
1177,CMPT    ,225,BURNABY   ,26,24,Golnar Sheikhshabbafghi                                                                                                                                                                                                                                   ,LAB
1167,CMPT    ,225,SURREY    ,24,23,Arthur Kirkpatrick                                                                                                                                                                                                                                        ,LAB
1177,CMPT    ,225,SURREY    ,24,24,John Edgar                                                                                                                                                                                                                                                ,LAB
1174,CMPT    ,120,BURNABY   ,26,25,Anne Lavergne                                                                                                                                                                                                                                             ,LAB
1081,CMPT    ,120,BURNABY   ,32,29,Diana Cukierman                                                                                                                                                                                                                                           ,LAB
1157,CMPT    ,120,BURNABY   ,26,26,Anne Lavergne                                                                                                                                                                                                                                             ,LAB
1091,CMPT    ,120,SURREY    ,84,73,John Edgar                                                                                                                                                                                                                                                ,LEC
1171,CMPT    ,120,BURNABY   ,26,26,Anne Lavergne                                                                                                                                                                                                                                             ,LAB
1131,CMPT    ,165,BURNABY   ,26,26,Anne Lavergne                                                                                                                                                                                                                                             ,LAB
1127,CMPT    ,165,BURNABY   ,60,57,Gregory Baker                                                                                                                                                                                                                                             ,SEC
1084,CMPT    ,165,BURNABY   ,29,28,Steven Pearce                                                                                                                                                                                                                                             ,LAB
1134,CMPT    ,165,BURNABY   ,26,26,Anne Lavergne                                                                                                                                                                                                                                             ,LAB
1131,CMPT    ,165,BURNABY   ,26,26,Anne Lavergne                                                                                                                                                                                                                                             ,LAB
1121,CMPT    ,165,BURNABY   ,26,26,Bobby Chan                                                                                                                                                                                                                                                ,LAB
1134,CMPT    ,165,BURNABY   ,26,26,Anne Lavergne                                                                                                                                                                                                                                             ,LAB
1094,CMPT    ,165,SURREY    ,24,0,Colin Stewart                                                                                                                                                                                                                                             ,LAB
1084,CMPT    ,165,BURNABY   ,29,21,Steven Pearce                                                                                                                                                                                                                                             ,LAB
1117,CMPT    ,165,SURREY    ,24,23,Tamara Smyth                                                                                                                                                                                                                                              ,LAB
1181,CMPT    ,430,OFF       ,5,0,Harriet Chicoine                                                                                                                                                                                                                                          ,SEC
1131,ENSC    ,427,BURNABY   ,55,0,<null>,OPL
1177,CMPT    ,430,OFF       ,50,0,Harriet Chicoine                                                                                                                                                                                                                                          ,SEC
1094,CMPT    ,307,BURNABY   ,50,0,<null>,LEC
1121,CMPT    ,815,BURNABY   ,10,7,Ramesh Krishnamurti                                                                                                                                                                                                                                       ,LEC
1097,CMPT    ,471,BURNABY   ,45,40,Qianping Gu                                                                                                                                                                                                                                               ,LEC
1141,CMPT    ,471,BURNABY   ,40,35,Janice Regan                                                                                                                                                                                                                                              ,LEC
1151,CMPT    ,471,BURNABY   ,40,38,Qianping Gu                                                                                                                                                                                                                                               ,LEC
1117,CMPT    ,475,BURNABY   ,35,29,Uwe Glaesser                                                                                                                                                                                                                                              ,LEC
1121,CMPT    ,475,BURNABY   ,35,26,Uwe Glaesser                                                                                                                                                                                                                                              ,LEC
1154,CMPT    ,471,BURNABY   ,85,61,Janice Regan                                                                                                                                                                                                                                              ,LEC
1091,CMPT    ,441,SURREY    ,16,0,<null>,LEC
1134,CMPT    ,165,BURNABY   ,26,26,Anne Lavergne                                                                                                                                                                                                                                             ,LAB
1137,CMPT    ,165,BURNABY   ,60,58,Gregory Baker                                                                                                                                                                                                                                             ,SEC
1134,CMPT    ,430,METRO     ,5,1,Harriet Chicoine                                                                                                                                                                                                                                          ,SEC
1161,CMPT    ,430,METRO     ,15,0,Harriet Chicoine                                                                                                                                                                                                                                          ,SEC
1161,CMPT    ,379,SURREY    ,60,0,<null>,LEC
1154,MATH    ,152,BURNABY   ,60,0,<null>,OPL
1111,MATH    ,152,SURREY    ,60,0,<null>,OPL
1124,ENSC    ,250,BURNABY   ,100,97,Lakshman One                                                                                                                                                                                                                                              ,LEC
1167,ENSC    ,295,BURNABY   ,25,35,Harriet Chicoine                                                                                                                                                                                                                                          ,SEC
1094,ENSC    ,350,BURNABY   ,50,13,Patrick Leung                                                                                                                                                                                                                                             ,LEC
1171,ENSC    ,327,BURNABY   ,127,125,Atousa Hajshirmohammadi                                                                                                                                                                                                                                   ,TUT
1134,ENSC    ,429,BURNABY   ,35,18,John Bird                                                                                                                                                                                                                                                 ,TUT
1151,MSE     ,721,SURREY    ,15,0,<null>,LAB
1111,ENSC    ,460,SURREY    ,40,25,Siamak Arzanpour                                                                                                                                                                                                                                          ,LEC
1107,ENSC    ,351,BURNABY   ,50,48,William Scratchley                                                                                                                                                                                                                                        ,TUT
1157,ENSC    ,220,BURNABY   ,208,214,Meenakshinathan Parameswaran                                                                                                                                                                                                                              ,TUT
1111,ENSC    ,230,BURNABY   ,30,27,Shahram Payandeh                                                                                                                                                                                                                                          ,LEC
1174,ENSC    ,483,BURNABY   ,80,59,Mehran Shirazi                                                                                                                                                                                                                                            ,RQL
1117,ENSC    ,450,BURNABY   ,40,18,Richard Hobson                                                                                                                                                                                                                                            ,TUT
1101,ENSC    ,304,BURNABY   ,148,147,Parvaneh Saeedi                                                                                                                                                                                                                                           ,LEC
1117,ENSC    ,424,BURNABY   ,70,48,Ivan Bajic                                                                                                                                                                                                                                                ,LEC
1107,ENSC    ,402,BURNABY   ,2,0,. Faculty                                                                                                                                                                                                                                                 ,SEC
1141,ENSC    ,427,BURNABY   ,47,42,Ljiljana Trajkovic                                                                                                                                                                                                                                        ,TUT
1124,CMPT    ,430,METRO     ,30,1,Frances McLafferty                                                                                                                                                                                                                                        ,SEC
1081,MATH    ,343,SURREY    ,30,0,<null>,TUT
1131,ENSC    ,350,BURNABY   ,40,42,Lakshman One                                                                                                                                                                                                                                              ,LEC
1114,ENSC    ,325,BURNABY   ,75,72,Sami Muhaidat                                                                                                                                                                                                                                             ,TUT
1127,ENSC    ,450,BURNABY   ,36,35,. Faculty                                                                                                                                                                                                                                                 ,RQL
1094,ENSC    ,429,BURNABY   ,40,22,Daniel Lee                                                                                                                                                                                                                                                ,LEC
1121,ENSC    ,428,BURNABY   ,20,22,"Homa Eghbali, Sami Muhaidat                                                                                                                                                                                                                               ",LEC
1171,ENSC    ,488,BURNABY   ,50,36,Kamal Gupta                                                                                                                                                                                                                                               ,TUT
1091,ENSC    ,888,BURNABY   ,10,6,John Jones                                                                                                                                                                                                                                                ,LEC
1161,MACM    ,203,BURNABY   ,16,16,<null>,LAB
1114,ENSC    ,215,BURNABY   ,22,22,<null>,LAB
1104,ENSC    ,182,SURREY    ,24,24,<null>,LAB
1087,MATH    ,340,BURNABY   ,32,8,<null>,TUT
1097,MATH    ,340,BURNABY   ,32,31,<null>,TUT
1084,ENSC    ,182,SURREY    ,24,24,<null>,TUT
1111,ENSC    ,441,SURREY    ,33,0,<null>,OPL
1087,ENSC    ,426,BURNABY   ,30,19,Shawn Stapleton                                                                                                                                                                                                                                           ,LEC
1171,ENSC    ,426,BURNABY   ,40,16,Lakshman One                                                                                                                                                                                                                                              ,RQL
1104,ENSC    ,383,SURREY    ,28,20,Siamak Arzanpour                                                                                                                                                                                                                                          ,LAB
1101,ENSC    ,852,BURNABY   ,30,7,Marek Syrzycki                                                                                                                                                                                                                                            ,LEC
1121,ENSC    ,851,BURNABY   ,18,12,Glenn Chapman                                                                                                                                                                                                                                             ,LEC
1131,ENSC    ,851,BURNABY   ,12,9,Glenn Chapman                                                                                                                                                                                                                                             ,LEC
1127,ENSC    ,802,BURNABY   ,35,10,Ivan Bajic                                                                                                                                                                                                                                                ,LEC
1154,MSE     ,420,SURREY    ,0,0,<null>,OPL
1161,MSE     ,499,SURREY    ,5,0,<null>,SEC
1081,CMNS    ,130W      ,BURNABY   ,16,16,<null>,TUT
1121,ENSC    ,493,BURNABY   ,2,0,<null>,SEC
1131,ENSC    ,425,BURNABY   ,36,0,<null>,OPL
1181,MSE     ,721,SURREY    ,15,0,<null>,LEC
1091,KIN     ,140,BURNABY   ,120,118,". TBD, Penelope Deck                                                                                                                                                                                                                                      ",SEC
1171,ENSC    ,894,BURNABY   ,5,0,<null>,LEC
1164,MATH    ,894,BURNABY   ,6,0,<null>,SEC
1087,CMNS    ,223W      ,BURNABY   ,16,13,<null>,TUT
1091,CMNS    ,130W      ,BURNABY   ,16,15,<null>,TUT
1111,ENSC    ,370,BURNABY   ,10,9,<null>,LAB
1101,MATH    ,155,BURNABY   ,335,330,Petr Lisonek                                                                                                                                                                                                                                              ,LEC
1081,MATH    ,447,BURNABY   ,5,1,Luis Goddyn                                                                                                                                                                                                                                               ,LEC
1087,MATH    ,445,BURNABY   ,30,3,Matthew DeVos                                                                                                                                                                                                                                             ,LEC
1117,MATH    ,251,SURREY    ,100,88,Youssef Qranfal                                                                                                                                                                                                                                           ,LEC
1111,MATH    ,232,BURNABY   ,400,398,Paul Tupper                                                                                                                                                                                                                                               ,LEC
1127,MATH    ,232,BURNABY   ,300,287,Justin Gray                                                                                                                                                                                                                                               ,LEC
1101,MATH    ,232,SURREY    ,80,68,Randall Pyke                                                                                                                                                                                                                                              ,LEC
1107,MATH    ,242,BURNABY   ,60,43,Petr Lisonek                                                                                                                                                                                                                                              ,LEC
1167,MATH    ,308,SURREY    ,64,36,Abraham Punnen                                                                                                                                                                                                                                            ,LEC
1141,ENSC    ,304,BURNABY   ,165,157,Parvaneh Saeedi                                                                                                                                                                                                                                           ,TUT
1117,MATH    ,303,BURNABY   ,33,29,<null>,TUT
1084,ENSC    ,215,BURNABY   ,22,13,<null>,LAB
1084,ENSC    ,215,BURNABY   ,22,0,<null>,LAB
1084,ENSC    ,215,BURNABY   ,22,0,<null>,LAB
1114,ENSC    ,384,SURREY    ,30,33,<null>,LAB
1121,ENSC    ,182,SURREY    ,30,30,<null>,TUT
1117,ENSC    ,182,SURREY    ,26,26,<null>,TUT
1087,CMNS    ,223W      ,BURNABY   ,16,16,<null>,TUT
1081,CMNS    ,130W      ,BURNABY   ,16,16,<null>,TUT
1081,CMNS    ,130W      ,BURNABY   ,16,15,<null>,TUT
1087,CMNS    ,130W      ,BURNABY   ,16,14,<null>,TUT
1171,ENSC    ,894,BURNABY   ,25,0,<null>,LEC
1151,MATH    ,445,BURNABY   ,25,6,Ladislav Stacho                                                                                                                                                                                                                                           ,LEC
1091,MATH    ,190,BURNABY   ,65,60,". TBD, Bernice Kastner                                                                                                                                                                                                                                    ",SEC
1124,MATH    ,190,BURNABY   ,35,32,Justin Gray                                                                                                                                                                                                                                               ,SEC
1134,MATH    ,190,BURNABY   ,35,31,Brenda Davison                                                                                                                                                                                                                                            ,SEC
1121,MATH    ,252,BURNABY   ,64,53,Mary Catherine Kropinski                                                                                                                                                                                                                                  ,LEC
1117,MATH    ,894,BURNABY   ,6,0,<null>,SEC
1134,MATH    ,157,BURNABY   ,175,148,Imin Chen                                                                                                                                                                                                                                                 ,LEC
1084,MATH    ,100,BURNABY   ,122,92,Kseniya Garaschuk                                                                                                                                                                                                                                         ,LEC
1177,MACM    ,316,BURNABY   ,216,180,Benjamin Adcock                                                                                                                                                                                                                                           ,LEC
1141,MACM    ,316,BURNABY   ,244,243,Steven Ruuth                                                                                                                                                                                                                                              ,LEC
1157,MATH    ,310,SURREY    ,96,66,Natalia Kouzniak                                                                                                                                                                                                                                          ,LEC
1134,MATH    ,336,BURNABY   ,20,6,Stuart Billings                                                                                                                                                                                                                                           ,SEC
1157,MATH    ,336,BURNABY   ,20,2,Stuart Billings                                                                                                                                                                                                                                           ,SEC
1181,MATH    ,336,BURNABY   ,20,5,Stuart Billings                                                                                                                                                                                                                                           ,SEC
1121,MATH    ,320,BURNABY   ,64,32,Stephen Choi                                                                                                                                                                                                                                              ,LEC
1107,MATH    ,251,SURREY    ,72,51,Randall Pyke                                                                                                                                                                                                                                              ,LEC
1121,MATH    ,820,BURNABY   ,20,5,Ladislav Stacho                                                                                                                                                                                                                                           ,LEC
1171,MATH    ,894,BURNABY   ,6,4,Benjamin Adcock                                                                                                                                                                                                                                           ,SEC
1091,MATH    ,894,BURNABY   ,6,0,. Faculty                                                                                                                                                                                                                                                 ,SEC
1084,CMNS    ,346,HRBRCNTR  ,18,12,<null>,TUT
1087,KIN     ,221,BURNABY   ,18,16,<null>,TUT
1087,CMNS    ,259,HRBRCNTR  ,18,6,<null>,LAB
1097,ENSC    ,311,SURREY    ,72,0,<null>,LEC
1137,ENSC    ,100,BURNABY   ,0,0,<null>,TUT
1091,ENSC    ,196,SURREY    ,35,0,<null>,SEC
1097,ENSC    ,220,SURREY    ,28,28,<null>,LAB
1104,ENSC    ,220,BURNABY   ,23,23,<null>,LAB
1087,IAT     ,800,SURREY    ,24,0,<null>,SEM
1177,ENSC    ,400,BURNABY   ,5,0,<null>,SEC
1124,ENSC    ,383,BURNABY   ,50,50,<null>,TUT
1117,ENSC    ,220,BURNABY   ,103,104,<null>,TUT
1084,CMPT    ,128,SURREY    ,24,22,<null>,LAB
1097,ENSC    ,100W      ,BURNABY   ,6,6,<null>,RQL
1124,ENSC    ,460,SURREY    ,40,0,<null>,LAB
1124,ENSC    ,460,SURREY    ,11,0,<null>,LAB
1124,ENSC    ,460,SURREY    ,20,0,<null>,LAB
1081,CMPT    ,120,SURREY    ,24,0,<null>,LAB
1127,CMPT    ,471,BURNABY   ,50,0,<null>,LEC
1127,ENSC    ,220,BURNABY   ,0,0,<null>,LAB
1087,ENSC    ,220,BURNABY   ,120,0,<null>,OPL
1111,MATH    ,337,OFF       ,20,0,Faye Stefan                                                                                                                                                                                                                                               ,SEC
1147,MATH    ,336,OFF       ,20,1,Stuart Billings                                                                                                                                                                                                                                           ,SEC
1157,MATH    ,336,OFF       ,20,0,Stuart Billings                                                                                                                                                                                                                                           ,SEC
1121,MATH    ,893,BURNABY   ,6,0,Faye Stefan                                                                                                                                                                                                                                               ,SEC
1124,MATH    ,892,OFF       ,6,0,Stuart Billings                                                                                                                                                                                                                                           ,SEC
1134,MATH    ,892,OFF       ,20,0,Stuart Billings                                                                                                                                                                                                                                           ,SEC
1157,MATH    ,892,OFF       ,20,0,Stuart Billings                                                                                                                                                                                                                                           ,SEC
1144,MATH    ,891,BURNABY   ,20,0,Stuart Billings                                                                                                                                                                                                                                           ,SEC
1101,MATH    ,891,OFF       ,6,0,Faye Stefan                                                                                                                                                                                                                                               ,SEC
1141,MSE     ,251,SURREY    ,36,0,<null>,OPL
1081,MATH    ,894,BURNABY   ,6,0,. Faculty                                                                                                                                                                                                                                                 ,SEC
1134,MSE     ,391,SURREY    ,34,0,<null>,LAB
1161,MATH    ,894,BURNABY   ,6,0,. Faculty                                                                                                                                                                                                                                                 ,SEC
1084,MATH    ,893,BURNABY   ,6,0,Faye Stefan                                                                                                                                                                                                                                               ,SEC
1107,MATH    ,893,BURNABY   ,20,0,Faye Stefan                                                                                                                                                                                                                                               ,SEC
1147,MATH    ,892,BURNABY   ,6,0,Stuart Billings                                                                                                                                                                                                                                           ,SEC
1177,MATH    ,302,BURNABY   ,32,26,<null>,TUT
1114,ENSC    ,383,BURNABY   ,45,40,<null>,RQL
1087,ENSC    ,220,SURREY    ,26,23,<null>,OPL
1134,ENSC    ,196,BURNABY   ,25,12,<null>,SEC
1134,MATH    ,254,BURNABY   ,45,32,<null>,TUT
1157,MATH    ,882,BURNABY   ,10,0,<null>,SEC
1084,CMPT    ,128,SURREY    ,24,21,<null>,LAB
1087,ENSC    ,100W      ,BURNABY   ,4,4,<null>,RQL
1087,ENSC    ,100W      ,BURNABY   ,4,4,<null>,RQL
1087,ENSC    ,100W      ,BURNABY   ,4,4,<null>,RQL
1087,CMNS    ,362,HRBRCNTR  ,0,0,<null>,LEC
1087,ENSC    ,100W      ,BURNABY   ,7,6,<null>,RQL
1087,CMNS    ,262,BURNABY   ,18,18,<null>,TUT
1174,MATH    ,254,BURNABY   ,32,18,<null>,TUT
1127,CMPT    ,827,BURNABY   ,20,0,<null>,LEC
1137,ENSC    ,896,BURNABY   ,15,4,<null>,SEC
1181,MATH    ,190,BURNABY   ,45,33,"Arezou Valadkhani, Petra Menz                                                                                                                                                                                                                             ",SEC
1177,MATH    ,336,OFF       ,20,0,Stuart Billings                                                                                                                                                                                                                                           ,SEC
1084,MATH    ,890,BURNABY   ,6,0,Faye Stefan                                                                                                                                                                                                                                               ,SEC
1087,MATH    ,897,BURNABY   ,6,0,. Faculty                                                                                                                                                                                                                                                 ,SEC
1104,MATH    ,897,BURNABY   ,6,0,. Faculty                                                                                                                                                                                                                                                 ,SEC
1107,MATH    ,893,OFF       ,20,0,Faye Stefan                                                                                                                                                                                                                                               ,SEC
1121,MATH    ,893,OFF       ,6,0,Faye Stefan                                                                                                                                                                                                                                               ,SEC
1091,MATH    ,894,BURNABY   ,6,5,Nils Bruin                                                                                                                                                                                                                                                ,SEC
1081,MATH    ,892,BURNABY   ,6,0,Faye Stefan                                                                                                                                                                                                                                               ,SEC
1094,KIN     ,452,OFF       ,10,0,<null>,PRA
1091,KIN     ,201,BURNABY   ,18,9,<null>,TUT
1151,MACM    ,316,BURNABY   ,30,23,<null>,TUT
1081,MACM    ,201,BURNABY   ,60,0,<null>,OPL
1107,CMPT    ,165,SURREY    ,25,24,Brian Fraser                                                                                                                                                                                                                                              ,LAB
1081,CMPT    ,308,BURNABY   ,25,0,<null>,LEC
1121,ENSC    ,427,BURNABY   ,40,0,<null>,OPL
1101,MATH    ,448,SURREY    ,5,0,<null>,LEC
1177,ENSC    ,204,BURNABY   ,215,210,Balbir Gill                                                                                                                                                                                                                                               ,LEC
1137,MATH    ,337,BURNABY   ,20,2,Stuart Billings                                                                                                                                                                                                                                           ,SEC
1154,MATH    ,337,OFF       ,20,0,Stuart Billings                                                                                                                                                                                                                                           ,SEC
1181,MSE     ,487,SURREY    ,5,0,<null>,SEM
1171,MSE     ,487,SURREY    ,5,0,<null>,SEM
1121,ENSC    ,280,SURREY    ,35,35,<null>,LAB
1084,IAT     ,102,SURREY    ,24,22,<null>,TUT
1094,IAT     ,102,SURREY    ,24,22,<null>,STL
1094,IAT     ,100,SURREY    ,24,23,<null>,STL
1091,CMNS    ,110,BURNABY   ,18,20,<null>,TUT
1084,CMNS    ,473,HRBRCNTR  ,7,10,<null>,LAB
1104,ENSC    ,383,BURNABY   ,1,0,<null>,OPL
1141,ENSC    ,891,BURNABY   ,80,6,<null>,SEC
1117,ENSC    ,325,BURNABY   ,50,44,<null>,RQL
1094,ENSC    ,395,OFF       ,10,1,<null>,SEC
1107,ENSC    ,395,OFF       ,10,3,<null>,SEC
1151,ENSC    ,891,OFF       ,15,0,<null>,SEC
1131,ENSC    ,493,BURNABY   ,2,0,<null>,SEC
1161,ENSC    ,498,BURNABY   ,10,4,<null>,SEC
1087,KIN     ,426,BURNABY   ,18,14,<null>,TUT
1111,ENSC    ,350,BURNABY   ,1,0,<null>,OPL
1094,WKTM    ,300,OFF       ,50,1,"Frances McLafferty, Navinder Chima                                                                                                                                                                                                                        ",SEC
1127,ENSC    ,424,BURNABY   ,70,0,<null>,OPL
1107,ENSC    ,220,BURNABY   ,50,0,<null>,LEC
1081,IAT     ,202,SURREY    ,23,0,<null>,STL
1094,CMNS    ,260,BURNABY   ,0,0,<null>,TUT
1081,CMNS    ,375,HRBRCNTR  ,16,16,<null>,TUT
1091,CMNS    ,375,HRBRCNTR  ,11,16,<null>,TUT
1081,CMNS    ,221,HRBRCNTR  ,17,17,<null>,TUT
1084,CMNS    ,220,HRBRCNTR  ,18,14,<null>,TUT
1094,CMNS    ,260,BURNABY   ,0,0,<null>,TUT
1084,CMNS    ,260,BURNABY   ,15,0,<null>,TUT
1087,CMNS    ,261,BURNABY   ,18,18,<null>,TUT
1131,ENSC    ,283,SURREY    ,100,0,<null>,TUT
1134,ENSC    ,898,OFF       ,10,2,<null>,SEC
1174,ENSC    ,499,BURNABY   ,10,0,<null>,SEC
1091,IAT     ,202,SURREY    ,23,0,<null>,STL
1091,IAT     ,202,SURREY    ,23,0,<null>,STL
1117,ENSC    ,489,BURNABY   ,80,35,<null>,RQL
1094,KIN     ,205,BURNABY   ,18,18,<null>,TUT
1081,KIN     ,201,BURNABY   ,18,15,<null>,TUT
1157,MATH    ,310,BURNABY   ,32,0,<null>,TUT
1181,MACM    ,201,SURREY    ,60,0,<null>,OPL
1127,MACM    ,316,BURNABY   ,34,32,<null>,TUT
1084,MATH    ,155,BURNABY   ,60,0,<null>,OPL
1104,MATH    ,898,BURNABY   ,35,34,<null>,SEC
1081,MATH    ,320,BURNABY   ,32,0,<null>,TUT
1151,MATH    ,157,BURNABY   ,60,0,<null>,OPL
1174,MATH    ,894,BURNABY   ,6,0,<null>,SEC
1151,MATH    ,898,BURNABY   ,35,11,<null>,SEC
1171,MATH    ,882,OFF       ,3,0,<null>,SEC
1084,KIN     ,201,BURNABY   ,17,0,<null>,TUT
1127,MATH    ,251,SURREY    ,72,0,<null>,OPL
1144,MATH    ,251,BURNABY   ,0,0,<null>,OPL
1154,MSE     ,111,SURREY    ,18,16,Amr Marzouk                                                                                                                                                                                                                                               ,TUT
1164,ENSC    ,702,OFF       ,10,1,Harriet Chicoine                                                                                                                                                                                                                                          ,PRA
1171,MSE     ,111,SURREY    ,6,1,Amr Marzouk                                                                                                                                                                                                                                               ,LAB
1167,CMPT    ,732,BURNABY   ,50,43,"Gregory Baker, Jiannan Wang                                                                                                                                                                                                                               ",LEC
1164,MSE     ,894,SURREY    ,3,1,Jiacheng Wang                                                                                                                                                                                                                                             ,LAB
1174,MSE     ,489,SURREY    ,2,1,Ahmad Rad                                                                                                                                                                                                                                                 ,SEM
1144,MSE     ,481,SURREY    ,130,69,Amr Marzouk                                                                                                                                                                                                                                               ,TUT
1161,CMPT    ,135,SURREY    ,24,7,Scott Kristjanson                                                                                                                                                                                                                                         ,LAB
1141,MACM    ,316,BURNABY   ,42,42,<null>,TUT
1167,MACM    ,316,BURNABY   ,40,30,<null>,TUT
1181,MATH    ,310,BURNABY   ,32,31,<null>,TUT
1124,MATH    ,310,BURNABY   ,40,39,<null>,TUT
1134,MATH    ,310,BURNABY   ,40,34,<null>,TUT
1151,CMPT    ,371,BURNABY   ,70,0,<null>,LEC
1081,MATH    ,762,BURNABY   ,15,0,<null>,TUT
1157,MSE     ,995,SURREY    ,10,3,Krishna Vijayaraghavan                                                                                                                                                                                                                                    ,LEC
1174,MSE     ,420,SURREY    ,100,37,Carolyn Sparrey                                                                                                                                                                                                                                           ,LEC
1141,MSE     ,222,SURREY    ,130,120,Carolyn Sparrey                                                                                                                                                                                                                                           ,LEC
1131,CMPT    ,135,SURREY    ,0,0,Louis Hafer                                                                                                                                                                                                                                               ,LAB
1171,CMPT    ,896,BURNABY   ,40,8,. Faculty                                                                                                                                                                                                                                                 ,SEC
1124,ENSC    ,182,SURREY    ,26,17,Amr Marzouk                                                                                                                                                                                                                                               ,LEC
1091,ENSC    ,182,SURREY    ,24,10,Lakshman One                                                                                                                                                                                                                                              ,LEC
1167,ENSC    ,105W      ,BURNABY   ,200,178,Stephen Whitmore                                                                                                                                                                                                                                          ,LEC
1157,CMPT    ,896,BURNABY   ,40,10,. Faculty                                                                                                                                                                                                                                                 ,SEC
1181,CHIN    ,280,BURNABY   ,8,3,Cynthia Xie                                                                                                                                                                                                                                               ,TUT
1097,MATH    ,796,BURNABY   ,15,10,Matthew DeVos                                                                                                                                                                                                                                             ,SEC
1117,CMPT    ,373,SURREY    ,7,7,Thomas Shermer                                                                                                                                                                                                                                            ,TUT
1107,CMPT    ,373,SURREY    ,24,16,Thomas Shermer                                                                                                                                                                                                                                            ,LEC
1081,MATH    ,795,BURNABY   ,15,3,Steven Ruuth                                                                                                                                                                                                                                              ,LEC
1171,MATH    ,795,BURNABY   ,10,2,Razvan Fetecau                                                                                                                                                                                                                                            ,LEC
1104,ENSC    ,332,SURREY    ,60,40,Mehrdad Moallem                                                                                                                                                                                                                                           ,TUT
1127,ENSC    ,215,BURNABY   ,22,23,William Scratchley                                                                                                                                                                                                                                        ,LAB
1101,ENSC    ,182,SURREY    ,24,24,Lakshman One                                                                                                                                                                                                                                              ,LAB
1177,CMPT    ,764,BURNABY   ,28,14,Hao Zhang                                                                                                                                                                                                                                                 ,LEC
1164,MATH    ,240,BURNABY   ,70,34,Joseph Evers                                                                                                                                                                                                                                              ,LEC
1091,IAT     ,202,SURREY    ,24,19,Lorna Boschman                                                                                                                                                                                                                                            ,STL
1091,IAT     ,202,SURREY    ,48,46,Michael Filimowicz                                                                                                                                                                                                                                        ,LEC
1081,IAT     ,235,SURREY    ,23,24,Maia Engeli                                                                                                                                                                                                                                               ,SEM
1081,IAT     ,235,SURREY    ,24,24,Maia Engeli                                                                                                                                                                                                                                               ,SEM
1081,IAT     ,344,SURREY    ,24,19,Michael Filimowicz                                                                                                                                                                                                                                        ,STL
1087,CMNS    ,130W      ,BURNABY   ,45,44,Rowland Lorimer                                                                                                                                                                                                                                           ,SEC
1154,CMPT    ,225,BURNABY   ,26,26,Geoffrey Tien                                                                                                                                                                                                                                             ,LAB
1127,CMPT    ,225,BURNABY   ,26,26,David Mitchell                                                                                                                                                                                                                                            ,LAB
1177,MACM    ,316,BURNABY   ,36,19,<null>,TUT
1131,MATH    ,320,BURNABY   ,32,19,<null>,TUT
1117,MATH    ,310,SURREY    ,32,25,<null>,TUT
1144,MACM    ,316,BURNABY   ,40,39,<null>,TUT
1137,MACM    ,316,BURNABY   ,33,30,<null>,TUT
1147,MACM    ,201,BURNABY   ,60,0,<null>,OPL
1084,MATH    ,190,SURREY    ,40,0,<null>,OPL
1107,MATH    ,899,BURNABY   ,35,20,<null>,SEC
1117,MATH    ,899,OFF       ,35,0,<null>,SEC
1134,MATH    ,310,BURNABY   ,40,39,<null>,TUT
1087,MATH    ,898,BURNABY   ,35,8,<null>,SEC
1121,MATH    ,320,BURNABY   ,32,10,<null>,TUT
1174,MATH    ,310,BURNABY   ,40,40,<null>,TUT
1147,MSE     ,220,SURREY    ,42,0,<null>,LAB
1117,MATH    ,154,SURREY    ,90,0,<null>,OPL
1141,CMPT    ,300,SURREY    ,60,0,<null>,LEC
1131,ENSC    ,225,BURNABY   ,71,0,<null>,OPL
1107,ENSC    ,451,SURREY    ,0,0,<null>,LEC
1081,IAT     ,431,SURREY    ,24,0,Diane Gromala                                                                                                                                                                                                                                             ,OPL
1144,MATH    ,150,BURNABY   ,96,50,Simin Sadat Chavoshi Jolfaee                                                                                                                                                                                                                              ,LEC
1084,CMNS    ,304W      ,BURNABY   ,68,32,Terry Neiman                                                                                                                                                                                                                                              ,LEC
1127,CMPT    ,225,SURREY    ,15,12,Toby Donaldson                                                                                                                                                                                                                                            ,LAB
1147,CMPT    ,128,BURNABY   ,26,26,Janice Regan                                                                                                                                                                                                                                              ,LAB
1141,CMPT    ,225,BURNABY   ,26,26,David Mitchell                                                                                                                                                                                                                                            ,LAB
1151,CMPT    ,225,BURNABY   ,26,26,David Mitchell                                                                                                                                                                                                                                            ,LAB
1147,CMPT    ,120,BURNABY   ,26,26,Diana Cukierman                                                                                                                                                                                                                                           ,LAB
1114,CMPT    ,126,BURNABY   ,26,17,Louis Hafer                                                                                                                                                                                                                                               ,LAB
1111,CMPT    ,120,HRBRCNTR  ,26,25,William Havens                                                                                                                                                                                                                                            ,LEC
1111,CMPT    ,125,BURNABY   ,25,24,Anne Lavergne                                                                                                                                                                                                                                             ,LAB
1111,CMPT    ,125,BURNABY   ,24,24,Anne Lavergne                                                                                                                                                                                                                                             ,LAB
1114,CMPT    ,125,BURNABY   ,52,44,Louis Hafer                                                                                                                                                                                                                                               ,LEC
1147,CMPT    ,120,BURNABY   ,26,26,Diana Cukierman                                                                                                                                                                                                                                           ,LAB
1144,CMPT    ,225,SURREY    ,26,26,John Edgar                                                                                                                                                                                                                                                ,LAB
1181,CMPT    ,318,BURNABY   ,90,56,Uwe Glaesser                                                                                                                                                                                                                                              ,LEC
1131,CMPT    ,120,BURNABY   ,182,176,Diana Cukierman                                                                                                                                                                                                                                           ,LEC
1134,CMPT    ,120,BURNABY   ,26,25,Muntaseer Salahuddin                                                                                                                                                                                                                                      ,LAB
1107,CMPT    ,120,BURNABY   ,150,145,Bradley Bart                                                                                                                                                                                                                                              ,LEC
1131,CMPT    ,120,BURNABY   ,26,26,Diana Cukierman                                                                                                                                                                                                                                           ,LAB
1141,CMPT    ,250,BURNABY   ,156,156,Anthony Dixon                                                                                                                                                                                                                                             ,LEC
1111,CMPT    ,250,BURNABY   ,26,25,Anthony Dixon                                                                                                                                                                                                                                             ,LAB
1084,CMPT    ,354,BURNABY   ,60,48,James Delgrande                                                                                                                                                                                                                                           ,LEC
1111,CMPT    ,310,BURNABY   ,60,60,Hassan Khosravi                                                                                                                                                                                                                                           ,LEC
1181,CMPT    ,120,BURNABY   ,26,26,Angelica Lim                                                                                                                                                                                                                                              ,LAB
1131,CMPT    ,120,BURNABY   ,26,26,Diana Cukierman                                                                                                                                                                                                                                           ,LAB
1081,CMPT    ,888,BURNABY   ,10,4,Torsten Moller                                                                                                                                                                                                                                            ,LEC
1081,CMNS    ,235,BURNABY   ,72,73,Donald Gutstein                                                                                                                                                                                                                                           ,LEC
1081,CMNS    ,259,BURNABY   ,40,34,Barry Truax                                                                                                                                                                                                                                               ,SEC
1101,CMPT    ,300,BURNABY   ,85,78,Janice Regan                                                                                                                                                                                                                                              ,LEC
1081,CMPT    ,150,BURNABY   ,150,117,Anthony Dixon                                                                                                                                                                                                                                             ,LEC
1081,CMPT    ,150,BURNABY   ,25,22,Anthony Dixon                                                                                                                                                                                                                                             ,LAB
1151,CMPT    ,250,BURNABY   ,26,25,Anthony Dixon                                                                                                                                                                                                                                             ,LAB
1127,CMPT    ,250,SURREY    ,24,24,Brian Fraser                                                                                                                                                                                                                                              ,LAB
1127,CMPT    ,250,SURREY    ,20,20,Brian Fraser                                                                                                                                                                                                                                              ,LAB
1097,CMPT    ,408,BURNABY   ,20,12,Ayse Ergun                                                                                                                                                                                                                                                ,LEC
1127,CMPT    ,429,METRO     ,15,16,"Cristina Eftenaru, Harriet Chicoine                                                                                                                                                                                                                       ",SEC
1137,CMPT    ,429,METRO     ,30,13,Harriet Chicoine                                                                                                                                                                                                                                          ,SEC
1154,CMPT    ,429,OFF       ,5,2,Harriet Chicoine                                                                                                                                                                                                                                          ,SEC
1094,CMPT    ,426,OFF       ,30,1,Harriet Chicoine                                                                                                                                                                                                                                          ,SEC
1087,CMPT    ,891,BURNABY   ,80,59,Andrei Bulatov                                                                                                                                                                                                                                            ,SEM
1164,ENSC    ,220,BURNABY   ,100,65,Atousa Hajshirmohammadi                                                                                                                                                                                                                                   ,LEC
1117,ENSC    ,100,BURNABY   ,55,49,John Jones                                                                                                                                                                                                                                                ,LEC
1107,ENSC    ,100,BURNABY   ,2,2,Michael Sjoerdsma                                                                                                                                                                                                                                         ,TUT
1181,ENSC    ,196,METRO     ,20,20,Harriet Chicoine                                                                                                                                                                                                                                          ,SEC
1107,ENSC    ,100,BURNABY   ,4,4,Michael Sjoerdsma                                                                                                                                                                                                                                         ,TUT
1127,ENSC    ,100,BURNABY   ,2,1,. Faculty                                                                                                                                                                                                                                                 ,TUT
1127,ENSC    ,100,BURNABY   ,3,1,. Faculty                                                                                                                                                                                                                                                 ,TUT
1117,ENSC    ,100,BURNABY   ,2,2,. Faculty                                                                                                                                                                                                                                                 ,TUT
1131,ENSC    ,380,BURNABY   ,120,123,Paul Ho                                                                                                                                                                                                                                                   ,TUT
1114,ENSC    ,406,SURREY    ,28,30,". Faculty, Maureen Hindy                                                                                                                                                                                                                                  ",LEC
1084,ENSC    ,425,BURNABY   ,50,35,Lakshman One                                                                                                                                                                                                                                              ,LEC
1081,ENSC    ,890,BURNABY   ,25,6,Shahram Payandeh                                                                                                                                                                                                                                          ,LEC
1091,ENSC    ,498,BURNABY   ,10,5,. Faculty                                                                                                                                                                                                                                                 ,SEC
1104,ENSC    ,331,SURREY    ,66,53,Behraad Bahreyni                                                                                                                                                                                                                                          ,LEC
1081,IAT     ,352,SURREY    ,48,27,Marek Hatala                                                                                                                                                                                                                                              ,LEC
1131,ENSC    ,372,BURNABY   ,20,18,Bonnie Gray                                                                                                                                                                                                                                               ,TUT
1171,MATH    ,150,BURNABY   ,35,31,"Jamie Mulholland, Veselin Jungic                                                                                                                                                                                                                          ",SEC
1121,MATH    ,880,BURNABY   ,3,0,. Faculty                                                                                                                                                                                                                                                 ,SEC
1084,MATH    ,880,BURNABY   ,3,0,. Faculty                                                                                                                                                                                                                                                 ,SEC
1087,CMPT    ,225,BURNABY   ,132,125,Maryam Aliyar                                                                                                                                                                                                                                             ,LEC
1097,CMPT    ,225,BURNABY   ,110,83,Michael Evans                                                                                                                                                                                                                                             ,LEC
1104,CMPT    ,225,BURNABY   ,104,91,Bradley Bart                                                                                                                                                                                                                                              ,LEC
1181,CMPT    ,888,BURNABY   ,25,13,Parmit Chilana                                                                                                                                                                                                                                            ,LEC
1101,MATH    ,155,BURNABY   ,60,0,<null>,OPL
1091,CMNS    ,110,BURNABY   ,18,19,<null>,TUT
1084,CMNS    ,473,HRBRCNTR  ,7,7,<null>,LAB
1091,MACM    ,201,SURREY    ,48,0,<null>,OPL
1081,CMPT    ,165,BURNABY   ,35,33,<null>,LAB
1081,CMPT    ,165,SURREY    ,24,22,<null>,LAB
1081,CMPT    ,165,SURREY    ,24,17,<null>,LAB
1121,ENSC    ,395,OFF       ,10,11,<null>,SEC
1161,ENSC    ,898,BURNABY   ,100,21,<null>,SEC
1171,ENSC    ,898,BURNABY   ,100,27,<null>,SEC
1124,MATH    ,150,BURNABY   ,0,0,<null>,OPL
1181,MSE     ,899,OFF       ,0,1,<null>,SEC
1137,CMPT    ,745,BURNABY   ,15,0,<null>,LEC
1081,MATH    ,150,SURREY    ,0,0,<null>,OPL
1084,KIN     ,304W      ,BURNABY   ,16,0,<null>,TUT
1111,CMPT    ,429,OFF       ,1,0,"Frances McLafferty, Navinder Chima                                                                                                                                                                                                                        ",SEC
1144,CMPT    ,429,OFF       ,5,2,Harriet Chicoine                                                                                                                                                                                                                                          ,SEC
1154,CMPT    ,429,SURREY    ,5,5,Harriet Chicoine                                                                                                                                                                                                                                          ,SEC
1094,CMPT    ,426,BURNABY   ,30,23,Harriet Chicoine                                                                                                                                                                                                                                          ,SEC
1114,ENSC    ,442,SURREY    ,35,0,<null>,SEM
1111,MACM    ,201,SURREY    ,60,0,<null>,LEC
1151,ENSC    ,820,BURNABY   ,50,13,Peter Walters                                                                                                                                                                                                                                             ,LEC
1091,KIN     ,407,BURNABY   ,13,14,Robert Asmundson                                                                                                                                                                                                                                          ,LAB
1081,KIN     ,407,BURNABY   ,13,13,Robert Asmundson                                                                                                                                                                                                                                          ,LAB
1084,KIN     ,431,BURNABY   ,54,41,Miriam Rosin                                                                                                                                                                                                                                              ,LEC
1084,KIN     ,885,BURNABY   ,25,5,Christine MacKenzie                                                                                                                                                                                                                                       ,SEM
1087,REM     ,643,BURNABY   ,20,12,Thomas Gunton                                                                                                                                                                                                                                             ,SEM
1124,ENSC    ,395,SURREY    ,50,9,<null>,SEC
1154,MSE     ,111,SURREY    ,14,0,<null>,TUT
1111,ENSC    ,295,BURNABY   ,25,22,<null>,SEC
1111,ENSC    ,428,BURNABY   ,1,0,<null>,OPL
1157,ENSC    ,498,BURNABY   ,10,1,<null>,SEC
1134,ENSC    ,403,BURNABY   ,1,1,<null>,SEC
1087,ENSC    ,400,BURNABY   ,10,2,<null>,SEC
1117,ENSC    ,387,SURREY    ,30,34,<null>,LAB
1127,ENSC    ,295,OFF       ,25,6,<null>,SEC
1141,ENSC    ,891,OFF       ,15,0,<null>,SEC
1081,MATH    ,1XX       ,BURNABY   ,10,3,<null>,LEC
1164,ENSC    ,499,BURNABY   ,10,5,<null>,SEC
1091,MATH    ,1XX       ,BURNABY   ,30,11,<null>,LEC
1177,ENSC    ,891,OFF       ,10,1,<null>,SEC
1111,CMPT    ,250,BURNABY   ,26,26,Anthony Dixon                                                                                                                                                                                                                                             ,LAB
1137,CMPT    ,429,METRO     ,30,4,Harriet Chicoine                                                                                                                                                                                                                                          ,SEC
1141,ENSC    ,225,BURNABY   ,98,98,Meenakshinathan Parameswaran                                                                                                                                                                                                                              ,TUT
1181,MATH    ,152,BURNABY   ,35,20,Jamie Mulholland                                                                                                                                                                                                                                          ,LEC
1151,MATH    ,821,BURNABY   ,25,5,Marni Mishna                                                                                                                                                                                                                                              ,LEC
1167,MATH    ,821,BURNABY   ,15,10,Marni Mishna                                                                                                                                                                                                                                              ,LEC
1157,MATH    ,603,BURNABY   ,20,13,Rina Zazkis                                                                                                                                                                                                                                               ,SEM
1104,MATH    ,486,OFF       ,20,0,Faye Stefan                                                                                                                                                                                                                                               ,SEC
1141,MATH    ,486,OFF       ,20,0,Stuart Billings                                                                                                                                                                                                                                           ,SEC
1141,MSE     ,391,SURREY    ,100,0,<null>,SEM
1141,MACM    ,316,BURNABY   ,36,36,<null>,TUT
1121,MATH    ,100,SURREY    ,90,0,<null>,LEC
1081,KIN     ,326,BURNABY   ,25,24,<null>,LAB
1081,REM     ,412,BURNABY   ,18,5,Sean Cox                                                                                                                                                                                                                                                  ,LEC
1081,CMNS    ,110,BURNABY   ,18,17,<null>,TUT
1087,CMNS    ,331,BURNABY   ,18,17,<null>,TUT
1081,CMPT    ,165,BURNABY   ,35,35,<null>,LAB
1141,MACM    ,201,BURNABY   ,60,0,<null>,OPL
1124,ENSC    ,331,SURREY    ,27,0,<null>,LAB
1151,ENSC    ,820,BURNABY   ,50,0,<null>,LEC
1101,ENSC    ,295,OFF       ,2,2,<null>,SEC
1111,ENSC    ,295,OFF       ,10,7,<null>,SEC
1121,ENSC    ,428,BURNABY   ,20,22,<null>,TUT
1107,ENSC    ,395,BURNABY   ,12,11,<null>,SEC
1094,ENSC    ,395,OFF       ,10,3,<null>,SEC
1131,ENSC    ,395,OFF       ,10,4,<null>,SEC
1127,CMPT    ,120,HRBRCNTR  ,26,0,<null>,LEC
1091,IAT     ,267,SURREY    ,24,0,<null>,STL
1081,IAT     ,333,SURREY    ,0,0,<null>,STL
1087,KIN     ,207,BURNABY   ,19,19,<null>,TUT
1087,KIN     ,305,BURNABY   ,19,19,<null>,TUT
1171,MACM    ,201,SURREY    ,60,0,<null>,OPL
1111,MATH    ,100,BURNABY   ,60,0,<null>,OPL
1127,MACM    ,316,BURNABY   ,32,29,<null>,TUT
1167,CMPT    ,732,BURNABY   ,21,0,<null>,LAB
1167,MATH    ,157,BURNABY   ,60,0,<null>,OPL
1167,CMPT    ,732,BURNABY   ,65,0,<null>,LAB
1114,MATH    ,898,BURNABY   ,35,33,<null>,SEC
1121,MATH    ,190,BURNABY   ,60,0,<null>,OPL
1131,MATH    ,190,BURNABY   ,60,0,<null>,OPL
1174,MATH    ,310,BURNABY   ,36,33,<null>,TUT
1174,MATH    ,310,BURNABY   ,34,33,<null>,TUT
1147,MSE     ,899,OFF       ,10,2,<null>,SEC
1081,KIN     ,201,BURNABY   ,18,12,<null>,TUT
1167,MATH    ,251,SURREY    ,60,0,<null>,OPL
1167,MATH    ,251,BURNABY   ,60,0,<null>,OPL
1161,MACM    ,201,SURREY    ,60,0,<null>,OPL
1091,REM     ,412,BURNABY   ,0,0,<null>,LEC
1137,MACM    ,316,BURNABY   ,36,34,<null>,TUT
1127,MACM    ,316,BURNABY   ,33,27,<null>,TUT
1164,MATH    ,894,BURNABY   ,6,0,<null>,SEC
1174,MATH    ,894,BURNABY   ,6,0,<null>,SEC
1097,MATH    ,898,BURNABY   ,35,15,<null>,SEC
1117,MATH    ,310,BURNABY   ,34,34,<null>,TUT
1127,MATH    ,309,SURREY    ,36,28,<null>,TUT
1087,CMNS    ,261,BURNABY   ,18,18,<null>,TUT
1124,MATH    ,310,BURNABY   ,40,40,<null>,TUT
1134,MATH    ,310,BURNABY   ,40,32,<null>,TUT
1084,MATH    ,899,BURNABY   ,35,22,<null>,SEC
1147,MATH    ,310,BURNABY   ,32,31,<null>,TUT
1127,MATH    ,308,BURNABY   ,44,41,<null>,TUT
1091,CMNS    ,260,BURNABY   ,18,18,<null>,TUT
1111,CMPT    ,225,BURNABY   ,0,0,<null>,LAB
1167,ENSC    ,891,OFF       ,10,0,<null>,SEC
1094,KIN     ,807,BURNABY   ,0,0,<null>,SEM
1121,ENSC    ,851,BURNABY   ,7,7,<null>,LAB
1131,ENSC    ,492,BURNABY   ,2,0,<null>,SEC
1171,MACM    ,201,BURNABY   ,60,0,<null>,OPL
1091,KIN     ,326,BURNABY   ,25,25,<null>,LAB
1087,KIN     ,305,BURNABY   ,19,19,<null>,TUT
1177,MACM    ,316,BURNABY   ,36,36,<null>,TUT
1104,MACM    ,316,BURNABY   ,32,32,<null>,TUT
1087,KIN     ,305,BURNABY   ,19,19,<null>,TUT
1177,MACM    ,316,BURNABY   ,36,36,<null>,TUT
1137,MACM    ,316,BURNABY   ,36,32,<null>,TUT
1177,CMPT    ,732,BURNABY   ,70,0,<null>,LEC
1177,MATH    ,157,BURNABY   ,60,0,<null>,OPL
1154,MACM    ,316,BURNABY   ,40,36,<null>,TUT
1164,MATH    ,894,BURNABY   ,6,0,<null>,SEC
1164,MATH    ,894,BURNABY   ,6,0,<null>,SEC
1094,MATH    ,242,BURNABY   ,40,34,<null>,TUT
1117,MATH    ,242,BURNABY   ,32,28,<null>,TUT
1091,CMNS    ,210,SURREY    ,18,16,<null>,TUT
1081,CMNS    ,221,HRBRCNTR  ,19,19,<null>,TUT
1084,CMNS    ,304W      ,BURNABY   ,0,0,<null>,TUT
1094,ENSC    ,493,BURNABY   ,5,1,<null>,SEC
1131,ENSC    ,395,BURNABY   ,20,22,<null>,SEC
1131,ENSC    ,395,OFF       ,10,4,<null>,SEC
1121,ENSC    ,395,SURREY    ,20,9,<null>,SEC
1101,ENSC    ,350,BURNABY   ,1,0,<null>,OPL
1111,ENSC    ,295,SURREY    ,25,13,<null>,SEC
1127,ENSC    ,295,OFF       ,20,1,<null>,SEC
1134,ENSC    ,898,BURNABY   ,120,40,<null>,SEC
1107,ENSC    ,499,BURNABY   ,6,4,<null>,SEC
1157,ENSC    ,898,BURNABY   ,100,24,<null>,SEC
1161,ENSC    ,898,OFF       ,50,2,<null>,SEC
1107,ENSC    ,395,OFF       ,6,4,<null>,SEC
1127,ENSC    ,295,BURNABY   ,25,17,<null>,SEC
1137,ENSC    ,295,BURNABY   ,25,20,<null>,SEC
1101,ENSC    ,295,OFF       ,20,5,<null>,SEC
1094,MATH    ,310,BURNABY   ,32,30,<null>,TUT
1124,MATH    ,310,BURNABY   ,40,39,<null>,TUT
1084,KIN     ,201,BURNABY   ,17,0,<null>,TUT
1094,KIN     ,205,BURNABY   ,18,18,<null>,TUT
1087,KIN     ,241,BURNABY   ,19,19,<null>,LAB
1087,KIN     ,207,BURNABY   ,19,17,<null>,TUT
1081,KIN     ,205,BURNABY   ,18,18,<null>,TUT
1091,MATH    ,154,BURNABY   ,60,0,<null>,OPL
1151,MACM    ,316,BURNABY   ,32,16,<null>,TUT
1081,KIN     ,201,BURNABY   ,18,15,<null>,TUT
1091,KIN     ,201,BURNABY   ,18,18,<null>,TUT
1084,KIN     ,205,BURNABY   ,19,7,<null>,TUT
1087,KIN     ,481,BURNABY   ,19,19,<null>,TUT
1114,MACM    ,316,BURNABY   ,32,32,<null>,TUT
1167,MACM    ,316,BURNABY   ,40,37,<null>,TUT
1151,MACM    ,316,BURNABY   ,35,32,<null>,TUT
1141,MACM    ,316,BURNABY   ,42,42,<null>,TUT
1101,MACM    ,316,BURNABY   ,0,0,<null>,TUT
1157,MACM    ,201,BURNABY   ,60,0,<null>,OPL
1117,MATH    ,310,BURNABY   ,33,33,<null>,TUT
1117,MATH    ,310,BURNABY   ,64,64,<null>,TUT
1177,MATH    ,308,SURREY    ,30,30,<null>,TUT
1167,MATH    ,308,SURREY    ,32,21,<null>,TUT
1107,MATH    ,242,BURNABY   ,30,28,<null>,TUT
1174,MATH    ,894,BURNABY   ,6,0,<null>,SEC
1121,MATH    ,899,BURNABY   ,35,23,<null>,SEC
1157,MATH    ,310,BURNABY   ,32,31,<null>,TUT
1157,MATH    ,310,SURREY    ,32,31,<null>,TUT
1164,MATH    ,310,BURNABY   ,43,42,<null>,TUT
1107,MATH    ,310,BURNABY   ,34,34,<null>,TUT
1091,ENSC    ,476,BURNABY   ,20,0,<null>,OPL
1117,ENSC    ,201,BURNABY   ,0,0,<null>,LEC
1177,MATH    ,308,SURREY    ,30,8,<null>,TUT
1137,MATH    ,251,BURNABY   ,60,0,<null>,OPL
1107,MATH    ,242,BURNABY   ,30,15,<null>,TUT
1081,CMNS    ,210,HRBRCNTR  ,18,20,<null>,TUT
1141,MATH    ,898,OFF       ,10,0,<null>,SEC
1091,CMNS    ,110,BURNABY   ,18,17,<null>,TUT
1147,MATH    ,310,SURREY    ,32,32,<null>,TUT
1091,CMNS    ,221,SURREY    ,18,20,<null>,TUT
1094,CMNS    ,210,HRBRCNTR  ,18,19,<null>,TUT
1114,MATH    ,240,BURNABY   ,0,0,<null>,LAB
1094,CMNS    ,260,BURNABY   ,18,16,<null>,TUT
1094,CMNS    ,473,HRBRCNTR  ,8,8,<null>,LAB
1097,CMPT    ,300,BURNABY   ,85,0,<null>,LEC
1081,MATH    ,343,SURREY    ,30,0,<null>,LEC
1107,ENSC    ,470,BURNABY   ,20,0,<null>,LEC
1087,KIN     ,809,BURNABY   ,10,0,<null>,SEC
1094,ENSC    ,395,SURREY    ,25,0,<null>,SEC
1091,MACM    ,201,BURNABY   ,60,0,<null>,OPL
1084,MATH    ,242,BURNABY   ,35,10,<null>,TUT
1084,MATH    ,310,BURNABY   ,32,27,<null>,TUT
1134,MSE     ,394,OFF       ,10,0,<null>,SEC
1121,MATH    ,150,BURNABY   ,60,0,<null>,OPL
1107,MATH    ,150,BURNABY   ,0,0,<null>,OPL
1087,CMNS    ,331,BURNABY   ,0,0,<null>,TUT
1087,ENSC    ,295,OFF       ,50,0,<null>,SEC
1124,ENSC    ,220,BURNABY   ,85,0,<null>,LEC
1091,IAT     ,202,SURREY    ,23,0,<null>,STL
1117,MATH    ,880,BURNABY   ,3,0,<null>,SEC
1107,MATH    ,880,BURNABY   ,3,0,<null>,SEC
1087,MACM    ,316,BURNABY   ,32,30,<null>,TUT
1164,MATH    ,310,BURNABY   ,43,40,<null>,TUT
1107,MATH    ,310,SURREY    ,24,24,<null>,TUT
1134,CMPT    ,135,SURREY    ,0,0,<null>,LEC
1114,MATH    ,152,BURNABY   ,0,0,<null>,OPL
1087,MACM    ,316,BURNABY   ,32,0,<null>,TUT
1167,MSE     ,220,SURREY    ,0,0,<null>,LEC
1094,ENSC    ,220,BURNABY   ,25,0,<null>,TUT
1124,CMPT    ,815,BURNABY   ,30,0,<null>,SEM
1131,MATH    ,320,BURNABY   ,32,0,<null>,TUT
1141,MATH    ,157,SURREY    ,60,0,<null>,OPL
1137,MSE     ,493,SURREY    ,20,0,<null>,SEC
1084,CMNS    ,210,HRBRCNTR  ,18,19,<null>,TUT
1084,CMNS    ,210,HRBRCNTR  ,18,16,<null>,TUT
1094,CMNS    ,210,HRBRCNTR  ,18,13,<null>,TUT
1081,ENSC    ,225,BURNABY   ,80,0,<null>,OPL
1111,ENSC    ,225,BURNABY   ,0,0,<null>,TUT
1181,MACM    ,203,BURNABY   ,16,16,<null>,LAB
1107,ENSC    ,182,SURREY    ,24,22,<null>,LAB
1117,ENSC    ,182,SURREY    ,24,24,<null>,TUT
1094,MATH    ,880,BURNABY   ,3,0,<null>,SEC
1137,MATH    ,348,SURREY    ,34,25,<null>,TUT
1137,ENSC    ,100W      ,BURNABY   ,8,8,<null>,TUT
1124,MATH    ,254,BURNABY   ,35,32,<null>,TUT
1141,MATH    ,380W      ,BURNABY   ,32,19,<null>,TUT
1097,ENSC    ,374,BURNABY   ,12,4,<null>,LAB
1174,ENSC    ,402,BURNABY   ,5,0,<null>,SEC
1151,ENSC    ,494,BURNABY   ,10,1,<null>,SEC
1181,ENSC    ,492,BURNABY   ,2,0,<null>,SEC
1147,MATH    ,894,BURNABY   ,6,0,<null>,SEC
1117,ENSC    ,894,BURNABY   ,0,0,<null>,LEC
1167,MATH    ,157,SURREY    ,60,0,<null>,OPL
1097,MATH    ,302,BURNABY   ,32,10,<null>,TUT
1084,CMNS    ,304W      ,BURNABY   ,18,5,<null>,TUT
1121,ENSC    ,372,BURNABY   ,20,0,<null>,TUT
1081,CMNS    ,304W      ,BURNABY   ,15,12,<null>,TUT
1157,MATH    ,150,BURNABY   ,60,0,<null>,OPL
1161,MATH    ,150,BURNABY   ,60,0,<null>,OPL
1137,MSE     ,393,SURREY    ,25,0,<null>,SEC
1137,MSE     ,393,OFF       ,10,0,<null>,SEC
1131,ENSC    ,412,BURNABY   ,15,0,<null>,LEC
1084,KIN     ,304W      ,BURNABY   ,16,17,<null>,TUT
1087,ENSC    ,100W      ,BURNABY   ,7,7,<null>,RQL
1087,ENSC    ,100W      ,BURNABY   ,5,5,<null>,RQL
1097,ENSC    ,100W      ,BURNABY   ,7,7,<null>,RQL
1164,ENSC    ,402,BURNABY   ,5,0,<null>,SEC
1091,CMPT    ,150,HRBRCNTR  ,25,13,<null>,LAB
1097,ENSC    ,100W      ,BURNABY   ,7,6,<null>,RQL
1087,ENSC    ,100,BURNABY   ,3,2,<null>,RQL
1124,ENSC    ,350,BURNABY   ,30,27,<null>,TUT
1097,ENSC    ,100,BURNABY   ,2,1,<null>,RQL
1087,ENSC    ,100,BURNABY   ,3,3,<null>,RQL
1087,CMNS    ,262,BURNABY   ,18,19,<null>,TUT
1101,CMPT    ,881,BURNABY   ,15,0,<null>,LEC
1081,CMPT    ,120,SURREY    ,24,0,<null>,LAB
1081,CMNS    ,235,BURNABY   ,18,19,<null>,TUT
1144,ENSC    ,896,BURNABY   ,10,2,<null>,SEC
1121,CMPT    ,165,BURNABY   ,60,0,<null>,LEC
1091,CMNS    ,258,BURNABY   ,0,0,<null>,LAB
1134,CMPT    ,135,SURREY    ,0,0,<null>,LEC
1181,CMPT    ,295,BURNABY   ,25,0,<null>,LEC
1094,IAT     ,100,SURREY    ,24,0,<null>,STL
1091,CMNS    ,200,KAM       ,10,0,<null>,SEC
1091,CMNS    ,110,BURNABY   ,18,18,<null>,TUT
1081,CMNS    ,375,HRBRCNTR  ,16,16,<null>,TUT
1094,CMNS    ,260,BURNABY   ,18,18,<null>,TUT
1081,CMNS    ,473,HRBRCNTR  ,15,13,<null>,LAB
1081,CMNS    ,473,HRBRCNTR  ,15,16,<null>,LAB
1081,CMPT    ,165,BURNABY   ,25,25,<null>,LAB
1141,MSE     ,727,SURREY    ,20,21,<null>,TUT
1164,MSE     ,891,SURREY    ,15,7,<null>,SEC
1174,MSE     ,891,SURREY    ,15,3,<null>,SEC
1114,ENSC    ,215,BURNABY   ,22,22,<null>,LAB
1164,MSE     ,722,SURREY    ,2,0,<null>,LAB
1111,ENSC    ,474,BURNABY   ,1,0,<null>,OPL
1081,KIN     ,304W      ,BURNABY   ,16,16,<null>,TUT
1137,ENSC    ,100W      ,BURNABY   ,8,8,<null>,TUT
1137,ENSC    ,100W      ,BURNABY   ,8,8,<null>,TUT
1087,CMNS    ,456,BURNABY   ,18,18,<null>,TUT
1151,ENSC    ,401,BURNABY   ,2,0,<null>,SEC
1091,CMPT    ,120,SURREY    ,24,0,<null>,LAB
1091,CMPT    ,120,SURREY    ,28,25,<null>,LAB
1097,ENSC    ,401,BURNABY   ,10,1,<null>,SEC
1081,CMNS    ,110,BURNABY   ,18,16,<null>,TUT
1087,CMNS    ,110,BURNABY   ,18,14,<null>,TUT
1087,CMNS    ,478,HRBRCNTR  ,10,0,<null>,SEC
1124,ENSC    ,196,OFF       ,10,6,<null>,SEC
1087,ENSC    ,100W      ,BURNABY   ,6,6,<null>,RQL
1087,ENSC    ,100,BURNABY   ,1,0,<null>,RQL
1094,ENSC    ,898,BURNABY   ,75,64,<null>,SEC
1161,ENSC    ,493,BURNABY   ,2,0,<null>,SEC
1124,ENSC    ,395,OFF       ,10,5,<null>,SEC
1087,CMNS    ,891,OFF       ,5,0,<null>,SEC
1081,CMNS    ,110,BURNABY   ,18,16,<null>,TUT
1081,CMNS    ,221,HRBRCNTR  ,18,19,<null>,TUT
1084,CMNS    ,210,HRBRCNTR  ,18,17,<null>,TUT
1094,CMNS    ,210,HRBRCNTR  ,18,13,<null>,TUT
1084,CMNS    ,210,HRBRCNTR  ,18,18,<null>,TUT
1087,KIN     ,241,BURNABY   ,19,19,<null>,LAB
1091,KIN     ,205,BURNABY   ,18,14,<null>,TUT
1091,KIN     ,201,BURNABY   ,18,10,<null>,TUT
1087,KIN     ,306,BURNABY   ,18,18,<null>,TUT
1147,MATH    ,310,SURREY    ,32,21,<null>,TUT
1157,MATH    ,310,BURNABY   ,36,34,<null>,TUT
1137,MATH    ,308,BURNABY   ,36,36,<null>,TUT
1117,MATH    ,154,BURNABY   ,60,0,<null>,OPL
1084,MATH    ,310,BURNABY   ,32,28,<null>,TUT
1161,MATH    ,896,BURNABY   ,6,0,<null>,SEC
1101,MATH    ,314,BURNABY   ,20,11,<null>,TUT
1117,MATH    ,310,SURREY    ,32,32,<null>,TUT
1134,MATH    ,899,BURNABY   ,35,27,<null>,SEC
1147,MATH    ,899,BURNABY   ,35,25,<null>,SEC
1174,MATH    ,310,BURNABY   ,36,36,<null>,TUT
1171,CMPT    ,129,BURNABY   ,125,42,Janice Regan                                                                                                                                                                                                                                              ,LEC
1091,CMNS    ,375,HRBRCNTR  ,11,13,<null>,TUT
1087,CMNS    ,362,HRBRCNTR  ,18,6,<null>,TUT
1087,KIN     ,140,HRBRCNTR  ,18,18,<null>,TUT
1087,KIN     ,140,HRBRCNTR  ,18,18,<null>,TUT
1081,KIN     ,326,BURNABY   ,25,25,<null>,LAB
1101,MACM    ,316,BURNABY   ,30,30,<null>,TUT
1117,ENSC    ,100,BURNABY   ,3,4,<null>,TUT
1117,ENSC    ,220,SURREY    ,100,87,<null>,TUT
1137,ENSC    ,100,BURNABY   ,0,0,<null>,TUT
1134,ENSC    ,498,BURNABY   ,10,5,<null>,SEC
1097,ENSC    ,400,BURNABY   ,10,6,<null>,SEC
1114,MACM    ,316,BURNABY   ,32,29,<null>,TUT
1097,MACM    ,316,BURNABY   ,32,31,<null>,TUT
1134,MATH    ,310,BURNABY   ,40,24,<null>,TUT
1181,MATH    ,242,BURNABY   ,45,45,<null>,TUT
1117,MATH    ,310,SURREY    ,32,30,<null>,TUT
1094,MATH    ,310,BURNABY   ,32,32,<null>,TUT
1147,MATH    ,154,BURNABY   ,60,0,<null>,OPL
1101,MATH    ,309,BURNABY   ,32,30,<null>,TUT
1164,MATH    ,310,BURNABY   ,43,39,<null>,TUT
1114,MATH    ,897,BURNABY   ,6,0,<null>,SEC
1177,MATH    ,151,BURNABY   ,0,0,<null>,OPL
1081,CMNS    ,110,BURNABY   ,0,0,<null>,TUT
1097,MATH    ,208,SURREY    ,2,2,Randall Pyke                                                                                                                                                                                                                                              ,SEC
1124,ENSC    ,893,SURREY    ,8,0,Martin Ordonez                                                                                                                                                                                                                                            ,LEC
1081,MATH    ,320,BURNABY   ,32,29,<null>,TUT
1081,MATH    ,320,BURNABY   ,32,0,<null>,TUT
1104,MACM    ,316,BURNABY   ,32,29,<null>,TUT
1177,MACM    ,316,BURNABY   ,36,34,<null>,TUT
1167,MACM    ,316,BURNABY   ,40,24,<null>,TUT
1147,MATH    ,190,BURNABY   ,60,0,<null>,OPL
1181,MATH    ,190,BURNABY   ,60,0,<null>,OPL
1094,MACM    ,201,BURNABY   ,60,0,<null>,OPL
1121,ENSC    ,380,BURNABY   ,110,105,<null>,TUT
1167,MACM    ,316,BURNABY   ,40,37,<null>,TUT
1134,MATH    ,894,BURNABY   ,6,0,<null>,SEC
1157,MATH    ,232,BURNABY   ,60,0,<null>,OPL
1137,MATH    ,898,BURNABY   ,35,11,<null>,SEC
1161,MATH    ,190,BURNABY   ,60,0,<null>,OPL
1157,MATH    ,310,SURREY    ,32,5,<null>,TUT
1161,MATH    ,320,BURNABY   ,32,32,<null>,TUT
1151,MATH    ,314,BURNABY   ,32,6,<null>,TUT
1181,MATH    ,310,BURNABY   ,32,0,<null>,TUT
1127,MATH    ,308,BURNABY   ,43,39,<null>,TUT
1094,KIN     ,431,BURNABY   ,18,13,<null>,TUT
1151,ENSC    ,4XX       ,BURNABY   ,1,1,<null>,LEC
1087,KIN     ,140,KAM       ,12,0,<null>,SEC
1154,MSE     ,411W      ,SURREY    ,8,0,Flavio Firmani                                                                                                                                                                                                                                            ,OPL
1137,MSE     ,221,SURREY    ,54,58,Woo Soo Kim                                                                                                                                                                                                                                               ,LAB
1167,CMPT    ,127,BURNABY   ,56,41,Richard Vaughan                                                                                                                                                                                                                                           ,LAB
1164,ENSC    ,701,BURNABY   ,10,2,Harriet Chicoine                                                                                                                                                                                                                                          ,PRA
1167,MSE     ,793,SURREY    ,5,0,Harriet Chicoine                                                                                                                                                                                                                                          ,PRA
1154,CMPT    ,627,METRO     ,8,4,Harriet Chicoine                                                                                                                                                                                                                                          ,PRA
1137,CMPT    ,627,OFF       ,10,0,Harriet Chicoine                                                                                                                                                                                                                                          ,PRA
1154,CMPT    ,627,METRO     ,5,0,Harriet Chicoine                                                                                                                                                                                                                                          ,PRA
1174,CMPT    ,627,OFF       ,1,0,Harriet Chicoine                                                                                                                                                                                                                                          ,PRA
1124,CMPT    ,628,BURNABY   ,30,0,Cristina Eftenaru                                                                                                                                                                                                                                         ,PRA
1171,CMPT    ,166,SURREY    ,24,26,. Faculty                                                                                                                                                                                                                                                 ,LAB
1147,CMPT    ,166,SURREY    ,26,26,Toby Donaldson                                                                                                                                                                                                                                            ,LAB
1164,MSE     ,490,SURREY    ,24,22,Jiacheng Wang                                                                                                                                                                                                                                             ,LAB
1154,MSE     ,300,SURREY    ,124,118,Kevin Oldknow                                                                                                                                                                                                                                             ,LEC
1141,MSE     ,494,OFF       ,10,1,Harriet Chicoine                                                                                                                                                                                                                                          ,SEC
1164,MSE     ,491,SURREY    ,20,16,Flavio Firmani                                                                                                                                                                                                                                            ,LAB
1141,ENSC    ,412,BURNABY   ,15,14,"John Jones, Ross Jamieson                                                                                                                                                                                                                                 ",LEC
1151,ENSC    ,412,BURNABY   ,15,12,"John Jones, Ross Jamieson                                                                                                                                                                                                                                 ",LEC
1167,CMPT    ,106,SURREY    ,24,21,Harinder Khangura                                                                                                                                                                                                                                         ,LAB
1127,ENSC    ,104,SURREY    ,105,101,Krishna Vijayaraghavan                                                                                                                                                                                                                                    ,LEC
1084,CMPT    ,726,BURNABY   ,35,32,Gregory Mori                                                                                                                                                                                                                                              ,LEC
1094,KIN     ,140,BURNABY   ,120,119,". Sessional, Penelope Deck                                                                                                                                                                                                                                ",SEC
1171,CMPT    ,166,SURREY    ,24,23,. Faculty                                                                                                                                                                                                                                                 ,LAB
1181,CHIN    ,281,BURNABY   ,8,3,Cynthia Xie                                                                                                                                                                                                                                               ,TUT
1091,TECH    ,124,SURREY    ,192,142,Joel Flynn                                                                                                                                                                                                                                                ,LEC
1117,ENSC    ,100,BURNABY   ,2,3,. Faculty                                                                                                                                                                                                                                                 ,TUT
1087,KIN     ,453,OFF       ,5,0,Darleen Bemister                                                                                                                                                                                                                                          ,PRA
1081,KIN     ,451,BURNABY   ,15,7,Darleen Bemister                                                                                                                                                                                                                                          ,PRA
1081,KIN     ,407,BURNABY   ,13,14,Robert Asmundson                                                                                                                                                                                                                                          ,LAB
1081,MATH    ,252,BURNABY   ,64,43,Ralf Wittenberg                                                                                                                                                                                                                                           ,LEC
1171,MATH    ,252,BURNABY   ,72,59,John Stockie                                                                                                                                                                                                                                              ,LEC
1181,MATH    ,252,BURNABY   ,68,56,Mahta Khosravi                                                                                                                                                                                                                                            ,LEC
1157,MATH    ,150,SURREY    ,90,0,<null>,OPL
1091,MATH    ,130,SURREY    ,20,0,<null>,OPL
1087,KIN     ,801,BURNABY   ,15,0,<null>,SEM
1157,MATH    ,190,BURNABY   ,35,0,<null>,SEC
1131,ENSC    ,312,SURREY    ,0,0,<null>,TUT
1087,CMNS    ,110,BURNABY   ,18,19,<null>,TUT
1124,ENSC    ,384,SURREY    ,100,0,<null>,TUT
1107,ENSC    ,894,BURNABY   ,0,10,<null>,TUT
1107,ENSC    ,894,BURNABY   ,10,10,<null>,TUT
1087,CMNS    ,331,BURNABY   ,0,0,<null>,TUT
1177,ENSC    ,120,BURNABY   ,30,23,Atousa Hajshirmohammadi                                                                                                                                                                                                                                   ,LAB
1167,MSE     ,293,SURREY    ,25,11,Stephanie DeRapp                                                                                                                                                                                                                                          ,SEC
1141,MSE     ,293,OFF       ,10,3,Harriet Chicoine                                                                                                                                                                                                                                          ,SEC
1151,MSE     ,494,SURREY    ,10,9,Stephanie DeRapp                                                                                                                                                                                                                                          ,SEC
1171,MSE     ,222,SURREY    ,120,116,Carolyn Sparrey                                                                                                                                                                                                                                           ,TUT
1167,MSE     ,320,SURREY    ,28,28,Krishna Vijayaraghavan                                                                                                                                                                                                                                    ,LAB
1151,CMPT    ,626,METRO     ,5,5,Harriet Chicoine                                                                                                                                                                                                                                          ,PRA
1127,MATH    ,154,BURNABY   ,504,403,Justin Gray                                                                                                                                                                                                                                               ,LEC
1161,MATH    ,152,BURNABY   ,504,480,Brenda Davison                                                                                                                                                                                                                                            ,LEC
1127,MATH    ,418,BURNABY   ,40,34,Weiran Sun                                                                                                                                                                                                                                                ,LEC
1087,MATH    ,309,BURNABY   ,32,23,Adam Oberman                                                                                                                                                                                                                                              ,LEC
1174,MATH    ,892,OFF       ,20,0,Stuart Billings                                                                                                                                                                                                                                           ,SEC
1087,MATH    ,486,BURNABY   ,20,0,Faye Stefan                                                                                                                                                                                                                                               ,SEC
1097,MATH    ,486,BURNABY   ,20,1,Faye Stefan                                                                                                                                                                                                                                               ,SEC
1081,MATH    ,896,BURNABY   ,6,0,. Faculty                                                                                                                                                                                                                                                 ,SEC
1124,MATH    ,896,BURNABY   ,6,0,. Faculty                                                                                                                                                                                                                                                 ,SEC
1097,MATH    ,486,BURNABY   ,20,0,Faye Stefan                                                                                                                                                                                                                                               ,SEC
1124,ENSC    ,332,SURREY    ,30,0,<null>,LAB
1181,MATH    ,130,SURREY    ,102,0,<null>,OPL
1127,CMPT    ,250,SURREY    ,0,0,<null>,LAB
1081,IAT     ,343,SURREY    ,72,70,Jay Page                                                                                                                                                                                                                                                  ,LEC
1091,KIN     ,407,BURNABY   ,13,14,Robert Asmundson                                                                                                                                                                                                                                          ,LAB
1171,MATH    ,896,BURNABY   ,6,0,. Faculty                                                                                                                                                                                                                                                 ,SEC
1151,MATH    ,486,OFF       ,20,0,Stuart Billings                                                                                                                                                                                                                                           ,SEC
1167,MATH    ,408,SURREY    ,25,15,Tamon Stephen                                                                                                                                                                                                                                             ,LEC
1084,CMPT    ,165,SURREY    ,24,0,<null>,LAB
1091,WKTM    ,100,SURREY    ,50,8,"Frances McLafferty, Navinder Chima                                                                                                                                                                                                                        ",SEC
1091,WKTM    ,100,OFF       ,10,2,"Frances McLafferty, Navinder Chima                                                                                                                                                                                                                        ",SEC
1107,ENSC    ,328,BURNABY   ,4,2,Jie Liang                                                                                                                                                                                                                                                 ,LEC
1107,ENSC    ,374,BURNABY   ,5,3,Mehdi Moradi                                                                                                                                                                                                                                              ,TUT
1147,ENSC    ,461,BURNABY   ,11,11,Meenakshinathan Parameswaran                                                                                                                                                                                                                              ,LEC
1171,MATH    ,154,BURNABY   ,60,0,<null>,OPL
1111,MATH    ,314,BURNABY   ,32,0,<null>,TUT
1131,MATH    ,252,BURNABY   ,36,32,<null>,TUT
1121,MATH    ,252,BURNABY   ,32,26,<null>,TUT
1131,MATH    ,252,BURNABY   ,36,18,<null>,TUT
1157,MATH    ,896,BURNABY   ,6,0,<null>,SEC
1147,MATH    ,896,BURNABY   ,6,0,<null>,SEC
1107,CMPT    ,120,BURNABY   ,0,0,<null>,LAB
1124,ENSC    ,215,BURNABY   ,88,0,<null>,LEC
1167,CMPT    ,732,BURNABY   ,21,0,<null>,LAB
1167,CMPT    ,732,BURNABY   ,23,0,<null>,LAB
1154,CMPT    ,225,BURNABY   ,0,0,<null>,LAB
1087,KIN     ,308,BURNABY   ,15,8,James Donelan                                                                                                                                                                                                                                             ,LEC
1107,MATH    ,878,BURNABY   ,5,4,Cedric Chauve                                                                                                                                                                                                                                             ,SEC
1101,ENSC    ,440W      ,BURNABY   ,80,79,Andrew Rawicz                                                                                                                                                                                                                                             ,LEC
1161,ENSC    ,461,SUR       ,24,19,Ryan D'Arcy                                                                                                                                                                                                                                               ,LEC
1084,IART    ,899,SURREY    ,30,0,<null>,SEC
1131,CMPT    ,125,BURNABY   ,26,25,Muntaseer Salahuddin                                                                                                                                                                                                                                      ,LAB
1121,MATH    ,878,BURNABY   ,5,4,Cedric Chauve                                                                                                                                                                                                                                             ,SEC
1101,ENSC    ,474,BURNABY   ,10,7,Parvaneh Saeedi                                                                                                                                                                                                                                           ,LEC
1151,ENSC    ,474,BURNABY   ,35,32,Mirza Beg                                                                                                                                                                                                                                                 ,TUT
1084,MATH    ,252,BURNABY   ,32,0,<null>,TUT
1084,MATH    ,252,BURNABY   ,32,0,<null>,TUT
1121,ENSC    ,476,BURNABY   ,15,10,Marinko Sarunic                                                                                                                                                                                                                                           ,LEC
1091,MATH    ,150,SURREY    ,90,34,Zhaosong Lu                                                                                                                                                                                                                                               ,LEC
1121,ENSC    ,330,BURNABY   ,105,0,<null>,OPL
1087,ENSC    ,220,SURREY    ,26,0,<null>,LAB
1081,IAT     ,811,SURREY    ,20,3,Philippe Pasquier                                                                                                                                                                                                                                         ,SEM
1114,CMPT    ,128,SURREY    ,26,14,Brian Fraser                                                                                                                                                                                                                                              ,LAB
1127,MACM    ,101,HRBRCNTR  ,48,0,<null>,LEC
1121,MATH    ,155,SURREY    ,60,0,<null>,OPL
1144,MATH    ,155,BURNABY   ,0,0,<null>,OPL
1091,MATH    ,150,BURNABY   ,115,106,Jamie Mulholland                                                                                                                                                                                                                                          ,LEC
1161,MATH    ,842,BURNABY   ,25,5,Nathan Ilten                                                                                                                                                                                                                                              ,LEC
1127,MATH    ,157,SURREY    ,60,0,<null>,OPL
1137,MATH    ,157,SURREY    ,60,0,<null>,OPL
1144,MATH    ,157,BURNABY   ,0,0,<null>,OPL
1141,MACM    ,101,SURREY    ,24,0,<null>,TUT
1084,CMPT    ,880,BURNABY   ,20,8,Oliver Schulte                                                                                                                                                                                                                                            ,LEC
1134,MSE     ,893,SURREY    ,0,0,<null>,OPL
1181,MSE     ,893,SURREY    ,5,0,<null>,LEC
1081,CMNS    ,230,BURNABY   ,90,97,Vladan Pantic                                                                                                                                                                                                                                             ,LEC
1094,CMNS    ,482,BURNABY   ,10,23,. Faculty                                                                                                                                                                                                                                                 ,SEC
1091,CMNS    ,494,OFF       ,25,2,Marcia Shimizu                                                                                                                                                                                                                                            ,PRA
1087,CMNS    ,489,BURNABY   ,10,3,. Faculty                                                                                                                                                                                                                                                 ,SEC
1094,CMNS    ,857,HRBRCNTR  ,5,0,Robert Anderson                                                                                                                                                                                                                                           ,SEC
1131,CMPT    ,125,BURNABY   ,26,25,Muntaseer Salahuddin                                                                                                                                                                                                                                      ,LAB
1111,CMPT    ,128,SURREY    ,16,13,John Edgar                                                                                                                                                                                                                                                ,LAB
1167,CMPT    ,128,BURNABY   ,26,24,Janice Regan                                                                                                                                                                                                                                              ,LAB
1087,CMPT    ,731,BURNABY   ,10,5,Frank Burton                                                                                                                                                                                                                                              ,LEC
1087,CMNS    ,261,BURNABY   ,0,0,<null>,TUT
1094,CMNS    ,498,BURNABY   ,5,3,. Faculty                                                                                                                                                                                                                                                 ,SEC
1164,CMPT    ,165,BURNABY   ,75,72,Gregory Baker                                                                                                                                                                                                                                             ,SEC
1167,CMPT    ,165,SURREY    ,70,65,Harinder Khangura                                                                                                                                                                                                                                         ,LEC
1177,CMPT    ,165,SURREY    ,72,47,Toby Donaldson                                                                                                                                                                                                                                            ,LEC
1111,CMPT    ,150,BURNABY   ,150,148,Anthony Dixon                                                                                                                                                                                                                                             ,LEC
1174,MSE     ,489,SURREY    ,5,2,Gary Wang                                                                                                                                                                                                                                                 ,SEM
1091,CMNS    ,497,BURNABY   ,5,3,. Faculty                                                                                                                                                                                                                                                 ,SEC
1081,CMNS    ,496,BURNABY   ,35,3,Marcia Shimizu                                                                                                                                                                                                                                            ,PRA
1087,CMNS    ,362,HRBRCNTR  ,0,0,<null>,TUT
1157,MSE     ,352,SURREY    ,97,95,". TBD, Amr Marzouk                                                                                                                                                                                                                                        ",LEC
1144,CMPT    ,150,BURNABY   ,26,26,Geoffrey Tien                                                                                                                                                                                                                                             ,LAB
1164,ENSC    ,702,BURNABY   ,10,7,Harriet Chicoine                                                                                                                                                                                                                                          ,PRA
1171,MSE     ,780,SURREY    ,8,9,Kevin Oldknow                                                                                                                                                                                                                                             ,LAB
1161,CMPT    ,135,SURREY    ,55,51,Scott Kristjanson                                                                                                                                                                                                                                         ,LEC
1141,CMPT    ,150,BURNABY   ,26,26,Bradley Bart                                                                                                                                                                                                                                              ,LAB
1114,CMPT    ,150,BURNABY   ,20,15,Louis Hafer                                                                                                                                                                                                                                               ,LAB
1177,CMPT    ,895,BURNABY   ,5,0,. Faculty                                                                                                                                                                                                                                                 ,IND
1181,ENSC    ,893,BURNABY   ,25,16,Bozena Kaminska                                                                                                                                                                                                                                           ,LEC
1161,MATH    ,448,SURREY    ,25,6,Abraham Punnen                                                                                                                                                                                                                                            ,LEC
1087,TECH    ,101W      ,SURREY    ,48,50,C. Andrew Paulin                                                                                                                                                                                                                                          ,INS
1181,CMPT    ,888,BURNABY   ,25,0,<null>,LEC
1081,ENSC    ,895,BURNABY   ,25,6,Ivan Bajic                                                                                                                                                                                                                                                ,LEC
1157,ENSC    ,895,BURNABY   ,5,6,Bernhard Rabus                                                                                                                                                                                                                                            ,LEC
1181,ENSC    ,895,BURNABY   ,15,11,Parvaneh Saeedi                                                                                                                                                                                                                                           ,LEC
1091,ENSC    ,895,SURREY    ,15,7,Gary Wang                                                                                                                                                                                                                                                 ,LEC
1161,ENSC    ,895,BURNABY   ,15,8,Fabio Campi                                                                                                                                                                                                                                               ,LEC
1131,CHIN    ,280,BURNABY   ,15,5,Cynthia Xie                                                                                                                                                                                                                                               ,TUT
1181,MATH    ,303,BURNABY   ,64,62,Matthew DeVos                                                                                                                                                                                                                                             ,LEC
1167,MSE     ,321,SURREY    ,30,29,Majid Bahrami                                                                                                                                                                                                                                             ,LAB
1141,CMPT    ,150,BURNABY   ,26,25,Bradley Bart                                                                                                                                                                                                                                              ,LAB
1107,CMPT    ,373,SURREY    ,6,5,Thomas Shermer                                                                                                                                                                                                                                            ,TUT
1117,ENSC    ,452,BURNABY   ,26,20,Lesley Shannon                                                                                                                                                                                                                                            ,LEC
1121,CMPT    ,428,OFF       ,5,2,Frances McLafferty                                                                                                                                                                                                                                        ,SEC
1087,CMPT    ,456,BURNABY   ,60,58,Jian Pei                                                                                                                                                                                                                                                  ,LEC
1091,ENSC    ,182,SURREY    ,24,24,Lakshman One                                                                                                                                                                                                                                              ,LEC
1131,ENSC    ,226,SURREY    ,33,32,Behraad Bahreyni                                                                                                                                                                                                                                          ,LAB
1144,ENSC    ,215,BURNABY   ,22,0,Fabio Campi                                                                                                                                                                                                                                               ,LAB
1111,ENSC    ,282,SURREY    ,100,82,Carolyn Sparrey                                                                                                                                                                                                                                           ,LEC
1151,CMPT    ,150,SURREY    ,5,3,Harinder Khangura                                                                                                                                                                                                                                         ,LAB
1144,DDP     ,310,OFF       ,30,2,Ze-Nian Li                                                                                                                                                                                                                                                ,SEC
1154,DDP     ,310,OFF       ,30,3,Ze-Nian Li                                                                                                                                                                                                                                                ,SEC
1124,ENSC    ,182,SURREY    ,26,22,Amr Marzouk                                                                                                                                                                                                                                               ,LEC
1131,ENSC    ,182,SURREY    ,30,31,Amr Marzouk                                                                                                                                                                                                                                               ,TUT
1117,ENSC    ,382,SURREY    ,30,0,Gary Wang                                                                                                                                                                                                                                                 ,LAB
1091,ENSC    ,182,SURREY    ,24,23,Lakshman One                                                                                                                                                                                                                                              ,LEC
1081,IAT     ,344,SURREY    ,24,21,Michael Filimowicz                                                                                                                                                                                                                                        ,STL
1121,ENSC    ,370,BURNABY   ,24,27,Andrew Rawicz                                                                                                                                                                                                                                             ,SEM
1167,ENSC    ,100W      ,BURNABY   ,196,182,Michael Sjoerdsma                                                                                                                                                                                                                                         ,LEC
1181,CMPT    ,882,BURNABY   ,25,8,Richard Vaughan                                                                                                                                                                                                                                           ,LEC
1087,MATH    ,100,SURREY    ,80,0,<null>,OPL
1084,MATH    ,800,BURNABY   ,25,5,"Cedric Chauve, Marni Mishna                                                                                                                                                                                                                               ",LEC
1171,ENSC    ,895,BURNABY   ,6,7,Bernhard Rabus                                                                                                                                                                                                                                            ,LEC
1131,ENSC    ,895,SURREY    ,15,11,Gary Wang                                                                                                                                                                                                                                                 ,TUT
1167,ENSC    ,895,BURNABY   ,9,7,"Marinko Sarunic, Teresa Cheung                                                                                                                                                                                                                            ",LAB
1107,MATH    ,882,BURNABY   ,10,0,<null>,SEC
1094,IAT     ,100,SURREY    ,24,0,<null>,STL
1084,CMNS    ,362,HRBRCNTR  ,40,24,Kelly Fox                                                                                                                                                                                                                                                 ,LEC
1124,CMPT    ,896,BURNABY   ,0,1,. Faculty                                                                                                                                                                                                                                                 ,SEC
1161,CMPT    ,896,BURNABY   ,40,9,. Faculty                                                                                                                                                                                                                                                 ,SEC
1157,CMPT    ,363,HRBRCNTR  ,80,80,Paul Hibbitts                                                                                                                                                                                                                                             ,LEC
1124,ENSC    ,331,SURREY    ,18,22,Behraad Bahreyni                                                                                                                                                                                                                                          ,LAB
1081,IAT     ,235,SURREY    ,24,24,Maia Engeli                                                                                                                                                                                                                                               ,SEM
1141,CMPT    ,376W      ,BURNABY   ,85,88,Frederick Popowich                                                                                                                                                                                                                                        ,LEC
1171,CMPT    ,365,BURNABY   ,85,73,Xiaochuan Chen                                                                                                                                                                                                                                            ,LEC
1167,ENSC    ,100W      ,BURNABY   ,9,9,Michael Sjoerdsma                                                                                                                                                                                                                                         ,LAB
1177,ENSC    ,100W      ,BURNABY   ,8,0,Michael Sjoerdsma                                                                                                                                                                                                                                         ,LAB
1107,MATH    ,880,BURNABY   ,3,0,<null>,SEC
1111,CMPT    ,125,BURNABY   ,0,0,<null>,LAB
1151,CMPT    ,225,BURNABY   ,26,26,David Mitchell                                                                                                                                                                                                                                            ,LAB
1114,CMPT    ,225,BURNABY   ,130,126,Anne Lavergne                                                                                                                                                                                                                                             ,LEC
1157,CMPT    ,128,BURNABY   ,104,102,Janice Regan                                                                                                                                                                                                                                              ,LEC
1141,CMPT    ,225,BURNABY   ,156,157,David Mitchell                                                                                                                                                                                                                                            ,LEC
1081,CMPT    ,363,BURNABY   ,75,72,M. Atkins                                                                                                                                                                                                                                                 ,LEC
1147,CMPT    ,128,BURNABY   ,26,26,Janice Regan                                                                                                                                                                                                                                              ,LAB
1127,CMPT    ,225,BURNABY   ,26,27,David Mitchell                                                                                                                                                                                                                                            ,LAB
1177,CMPT    ,361,BURNABY   ,90,81,Thomas Shermer                                                                                                                                                                                                                                            ,LEC
1114,CMPT    ,225,BURNABY   ,26,26,Anne Lavergne                                                                                                                                                                                                                                             ,LAB
1141,CMPT    ,225,BURNABY   ,26,26,David Mitchell                                                                                                                                                                                                                                            ,LAB
1181,CMPT    ,120,BURNABY   ,26,26,Angelica Lim                                                                                                                                                                                                                                              ,LAB
1117,CMPT    ,120,BURNABY   ,180,173,Bradley Bart                                                                                                                                                                                                                                              ,LEC
1134,CMPT    ,120,BURNABY   ,26,26,Muntaseer Salahuddin                                                                                                                                                                                                                                      ,LAB
1114,CMPT    ,426,OFF       ,10,7,Harriet Chicoine                                                                                                                                                                                                                                          ,SEC
1174,CMPT    ,898,BURNABY   ,100,55,. Faculty                                                                                                                                                                                                                                                 ,SEC
1137,CMPT    ,150,BURNABY   ,104,104,Anthony Dixon                                                                                                                                                                                                                                             ,LEC
1137,MATH    ,150,SURREY    ,150,86,Chiaka Drakes                                                                                                                                                                                                                                             ,LEC
1154,MATH    ,150,BURNABY   ,95,50,Vijaykumar Singh                                                                                                                                                                                                                                          ,LEC
1107,CMPT    ,120,SURREY    ,101,101,Toby Donaldson                                                                                                                                                                                                                                            ,LEC
1117,CMPT    ,120,SURREY    ,42,41,John Edgar                                                                                                                                                                                                                                                ,LEC
1114,CMPT    ,125,BURNABY   ,26,20,Louis Hafer                                                                                                                                                                                                                                               ,LAB
1107,CMPT    ,120,BURNABY   ,25,25,Bradley Bart                                                                                                                                                                                                                                              ,LAB
1091,CMNS    ,488,HRBRCNTR  ,30,14,Janet Marontate                                                                                                                                                                                                                                           ,SEM
1157,CMPT    ,454,BURNABY   ,85,68,Ke Wang                                                                                                                                                                                                                                                   ,LEC
1141,CMPT    ,814,BURNABY   ,20,14,Pavol Hell                                                                                                                                                                                                                                                ,LEC
1177,ENSC    ,100W      ,BURNABY   ,173,164,Michael Sjoerdsma                                                                                                                                                                                                                                         ,LEC
1091,CMPT    ,365,BURNABY   ,50,45,Herbert Tsang                                                                                                                                                                                                                                             ,LEC
1131,CMPT    ,428,METRO     ,30,20,Harriet Chicoine                                                                                                                                                                                                                                          ,SEC
1141,CMPT    ,361,BURNABY   ,55,49,Hao Zhang                                                                                                                                                                                                                                                 ,LEC
1124,CMPT    ,318,SURREY    ,24,22,Arthur Kirkpatrick                                                                                                                                                                                                                                        ,LEC
1167,CMPT    ,361,BURNABY   ,75,74,Thomas Shermer                                                                                                                                                                                                                                            ,LEC
1147,CMPT    ,128,BURNABY   ,26,27,Janice Regan                                                                                                                                                                                                                                              ,LAB
1137,CMPT    ,225,BURNABY   ,26,26,Michael Evans                                                                                                                                                                                                                                             ,LAB
1097,CMPT    ,225,SURREY    ,54,48,John Edgar                                                                                                                                                                                                                                                ,LEC
1097,CMPT    ,225,SURREY    ,18,24,John Edgar                                                                                                                                                                                                                                                ,LAB
1121,CMPT    ,120,SURREY    ,19,18,John Edgar                                                                                                                                                                                                                                                ,LAB
1147,CMPT    ,120,BURNABY   ,26,26,Diana Cukierman                                                                                                                                                                                                                                           ,LAB
1134,MATH    ,150,BURNABY   ,0,0,<null>,OPL
1111,CMPT    ,125,SURREY    ,25,25,Brian Fraser                                                                                                                                                                                                                                              ,LAB
1181,CMPT    ,888,BURNABY   ,15,10,Yasutaka Furukawa                                                                                                                                                                                                                                         ,LEC
1174,CMPT    ,428,METRO     ,30,30,Harriet Chicoine                                                                                                                                                                                                                                          ,SEC
1094,CMNS    ,486,BURNABY   ,25,18,Shane Gunster                                                                                                                                                                                                                                             ,SEM
1167,CMPT    ,426,OFF       ,10,4,Harriet Chicoine                                                                                                                                                                                                                                          ,SEC
1167,CMPT    ,426,OFF       ,15,0,Harriet Chicoine                                                                                                                                                                                                                                          ,SEC
1141,CMPT    ,894,BURNABY   ,10,10,. Faculty                                                                                                                                                                                                                                                 ,SEC
1131,CMPT    ,898,BURNABY   ,130,60,. Faculty                                                                                                                                                                                                                                                 ,SEC
1114,ENSC    ,350,BURNABY   ,30,26,<null>,RQL
1091,CMNS    ,433,HRBRCNTR  ,15,9,Alison Beale                                                                                                                                                                                                                                              ,SEM
1087,CMNS    ,895,BURNABY   ,25,12,. Faculty                                                                                                                                                                                                                                                 ,SEC
1131,CMPT    ,320,HRBRCNTR  ,75,55,Christopher Bastone                                                                                                                                                                                                                                       ,LEC
1127,CMPT    ,429,METRO     ,5,1,"Harriet Chicoine, John McDonald                                                                                                                                                                                                                           ",SEC
1127,CMPT    ,429,OFF       ,2,0,"Harriet Chicoine, John McDonald                                                                                                                                                                                                                           ",SEC
1104,CMPT    ,826,BURNABY   ,20,12,Robert Hadley                                                                                                                                                                                                                                             ,LEC
1177,CMPT    ,813,BURNABY   ,20,6,Binay Bhattacharya                                                                                                                                                                                                                                        ,LEC
1094,CMNS    ,260,BURNABY   ,0,0,<null>,TUT
1171,CMPT    ,820,BURNABY   ,40,5,Mohamed Hefeeda                                                                                                                                                                                                                                           ,LEC
1164,ENSC    ,195,BURNABY   ,40,37,Harriet Chicoine                                                                                                                                                                                                                                          ,SEC
1091,CMNS    ,259,BURNABY   ,40,24,Barry Truax                                                                                                                                                                                                                                               ,SEC
1087,CMNS    ,882,BURNABY   ,15,1,. Faculty                                                                                                                                                                                                                                                 ,SEC
1091,CMPT    ,150,BURNABY   ,130,109,Anthony Dixon                                                                                                                                                                                                                                             ,LEC
1094,CMPT    ,150,SURREY    ,24,16,. TBD                                                                                                                                                                                                                                                     ,LAB
1081,CMPT    ,150,HRBRCNTR  ,25,9,Alicja Pierzynska                                                                                                                                                                                                                                         ,LAB
1094,CMPT    ,150,SURREY    ,24,23,. TBD                                                                                                                                                                                                                                                     ,LAB
1111,CMPT    ,320,HRBRCNTR  ,30,28,Christopher Bastone                                                                                                                                                                                                                                       ,LEC
1141,CMPT    ,250,BURNABY   ,26,26,Anthony Dixon                                                                                                                                                                                                                                             ,LAB
1104,CMPT    ,300,BURNABY   ,85,83,Janice Regan                                                                                                                                                                                                                                              ,LEC
1097,CMPT    ,300,BURNABY   ,85,85,Bradley Bart                                                                                                                                                                                                                                              ,LEC
1157,CMPT    ,470,BURNABY   ,80,79,Gregory Baker                                                                                                                                                                                                                                             ,LEC
1091,MATH    ,896,BURNABY   ,6,0,. Faculty                                                                                                                                                                                                                                                 ,SEC
1177,MATH    ,486,METRO     ,20,1,Stuart Billings                                                                                                                                                                                                                                           ,SEC
1174,MATH    ,892,BURNABY   ,20,0,Stuart Billings                                                                                                                                                                                                                                           ,SEC
1124,MATH    ,492,BURNABY   ,1,1,JF Williams                                                                                                                                                                                                                                               ,SEC
1084,KIN     ,142,BURNABY   ,54,52,Robert Asmundson                                                                                                                                                                                                                                          ,LEC
1091,KIN     ,207,BURNABY   ,72,74,Daniel Marigold                                                                                                                                                                                                                                           ,LEC
1107,ENSC    ,182,SURREY    ,24,22,<null>,LAB
1121,ENSC    ,182,SURREY    ,26,27,<null>,TUT
1091,CMNS    ,130W      ,BURNABY   ,16,16,<null>,TUT
1101,MATH    ,437,BURNABY   ,20,0,Faye Stefan                                                                                                                                                                                                                                               ,SEC
1164,MACM    ,101,BURNABY   ,24,21,Bradley Bart                                                                                                                                                                                                                                              ,TUT
1081,MACM    ,101,BURNABY   ,26,26,Andrei Bulatov                                                                                                                                                                                                                                            ,TUT
1164,CMPT    ,898,BURNABY   ,100,55,. Faculty                                                                                                                                                                                                                                                 ,SEC
1177,CMPT    ,475,HRBRCNTR  ,80,79,Danny Ridinger                                                                                                                                                                                                                                            ,LEC
1097,CMPT    ,471,SURREY    ,24,0,<null>,LEC
1087,CMNS    ,898,BURNABY   ,60,17,. Faculty                                                                                                                                                                                                                                                 ,SEC
1091,CMPT    ,150,BURNABY   ,25,20,Anthony Dixon                                                                                                                                                                                                                                             ,LAB
1091,CMPT    ,150,BURNABY   ,26,24,Anthony Dixon                                                                                                                                                                                                                                             ,LAB
1137,CMPT    ,310,BURNABY   ,75,73,James Delgrande                                                                                                                                                                                                                                           ,LEC
1121,CMPT    ,320,BURNABY   ,85,86,Steven Pearce                                                                                                                                                                                                                                             ,LEC
1181,CMPT    ,897,BURNABY   ,5,0,. Faculty                                                                                                                                                                                                                                                 ,SEC
1097,ENSC    ,100,BURNABY   ,57,48,John Jones                                                                                                                                                                                                                                                ,LEC
1137,ENSC    ,101,BURNABY   ,20,10,Michael Sjoerdsma                                                                                                                                                                                                                                         ,LEC
1087,ENSC    ,450,BURNABY   ,56,16,Richard Hobson                                                                                                                                                                                                                                            ,LEC
1127,ENSC    ,450,BURNABY   ,36,35,Lakshman One                                                                                                                                                                                                                                              ,TUT
1164,ENSC    ,320,BURNABY   ,140,136,Parvaneh Saeedi                                                                                                                                                                                                                                           ,LEC
1164,ENSC    ,296,BURNABY   ,30,7,Harriet Chicoine                                                                                                                                                                                                                                          ,SEC
1137,ENSC    ,327,BURNABY   ,110,85,Atousa Hajshirmohammadi                                                                                                                                                                                                                                   ,LEC
1147,ENSC    ,327,BURNABY   ,0,0,Jie Liang                                                                                                                                                                                                                                                 ,RQL
1167,ENSC    ,400,BURNABY   ,5,1,Marinko Sarunic                                                                                                                                                                                                                                           ,SEC
1087,ENSC    ,897,BURNABY   ,45,1,. Faculty                                                                                                                                                                                                                                                 ,SEC
1081,KIN     ,407,BURNABY   ,13,13,Robert Asmundson                                                                                                                                                                                                                                          ,LAB
1147,CMPT    ,897,BURNABY   ,10,2,. Faculty                                                                                                                                                                                                                                                 ,SEC
1164,ENSC    ,296,OFF       ,10,1,Harriet Chicoine                                                                                                                                                                                                                                          ,SEC
1174,ENSC    ,263,BURNABY   ,0,0,William Scratchley                                                                                                                                                                                                                                        ,LAB
1164,ENSC    ,220,BURNABY   ,100,0,<null>,LEC
1161,ENSC    ,427,BURNABY   ,48,5,Ljiljana Trajkovic                                                                                                                                                                                                                                        ,TUT
1174,ENSC    ,396,OFF       ,10,0,Harriet Chicoine                                                                                                                                                                                                                                          ,SEC
1137,ENSC    ,383,BURNABY   ,85,70,Carlo Menon                                                                                                                                                                                                                                               ,TUT
1171,ENSC    ,383,BURNABY   ,125,108,Parvaneh Saeedi                                                                                                                                                                                                                                           ,RQL
1174,ENSC    ,220,BURNABY   ,100,83,Atousa Hajshirmohammadi                                                                                                                                                                                                                                   ,TUT
1167,ENSC    ,220,BURNABY   ,54,53,Ljiljana Trajkovic                                                                                                                                                                                                                                        ,LAB
1137,ENSC    ,351,BURNABY   ,22,11,William Scratchley                                                                                                                                                                                                                                        ,TUT
1114,ENSC    ,220,BURNABY   ,30,29,John Bird                                                                                                                                                                                                                                                 ,LAB
1127,ENSC    ,220,BURNABY   ,33,35,. TBD                                                                                                                                                                                                                                                     ,LAB
1107,ENSC    ,100,BURNABY   ,3,2,Michael Sjoerdsma                                                                                                                                                                                                                                         ,TUT
1107,ENSC    ,100,BURNABY   ,0,0,Michael Sjoerdsma                                                                                                                                                                                                                                         ,TUT
1114,ENSC    ,400,BURNABY   ,5,2,"Lakshman One, Lesley Shannon                                                                                                                                                                                                                              ",SEC
1087,KIN     ,140,BURNABY   ,152,150,Penelope Deck                                                                                                                                                                                                                                             ,LEC
1087,MATH    ,486,OFF       ,10,0,Faye Stefan                                                                                                                                                                                                                                               ,SEC
1137,MATH    ,418,BURNABY   ,40,22,Weiran Sun                                                                                                                                                                                                                                                ,LEC
1147,CMPT    ,2XX       ,BURNABY   ,1,1,<null>,LEC
1131,MATH    ,1XX       ,BURNABY   ,8,2,<null>,LEC
1084,KIN     ,142,SURREY    ,36,30,Michael Walsh                                                                                                                                                                                                                                             ,LEC
1097,MATH    ,302,BURNABY   ,32,20,<null>,TUT
1124,MACM    ,101,BURNABY   ,25,22,Steven Pearce                                                                                                                                                                                                                                             ,TUT
1181,MACM    ,101,BURNABY   ,24,22,Steven Pearce                                                                                                                                                                                                                                             ,TUT
1164,MACM    ,101,BURNABY   ,24,23,Bradley Bart                                                                                                                                                                                                                                              ,TUT
1107,MACM    ,101,SURREY    ,25,22,Kay Wiese                                                                                                                                                                                                                                                 ,LAB
1111,MACM    ,401,BURNABY   ,25,21,Michael Monagan                                                                                                                                                                                                                                           ,LEC
1147,MACM    ,101,BURNABY   ,24,24,Andrei Bulatov                                                                                                                                                                                                                                            ,TUT
1157,MACM    ,101,BURNABY   ,25,25,Andrei Bulatov                                                                                                                                                                                                                                            ,TUT
1091,MACM    ,101,BURNABY   ,33,33,Andrei Bulatov                                                                                                                                                                                                                                            ,TUT
1124,MACM    ,101,BURNABY   ,25,22,Steven Pearce                                                                                                                                                                                                                                             ,TUT
1114,MACM    ,101,BURNABY   ,84,79,Anthony Dixon                                                                                                                                                                                                                                             ,SEC
1094,MACM    ,101,BURNABY   ,26,25,Steven Pearce                                                                                                                                                                                                                                             ,TUT
1171,MATH    ,152,BURNABY   ,504,460,Jamie Mulholland                                                                                                                                                                                                                                          ,LEC
1091,MATH    ,252,BURNABY   ,64,42,Michael Chapwanya                                                                                                                                                                                                                                         ,LEC
1137,MATH    ,154,BURNABY   ,504,488,Justin Gray                                                                                                                                                                                                                                               ,LEC
1137,MATH    ,154,SURREY    ,200,165,"Abraham Punnen, Daniela Marinescu                                                                                                                                                                                                                         ",LEC
1147,CMPT    ,373,SURREY    ,14,0,<null>,LEC
1087,KIN     ,303,HRBRCNTR  ,36,39,Richard Ward                                                                                                                                                                                                                                              ,LEC
1164,MSE     ,427,SURREY    ,76,38,<null>,RQL
1181,MSE     ,499,SURREY    ,5,0,<null>,SEC
1104,ENSC    ,215,BURNABY   ,18,17,<null>,LAB
1161,MACM    ,203,BURNABY   ,16,16,<null>,LAB
1171,MACM    ,203,BURNABY   ,16,15,<null>,LAB
1171,MACM    ,203,BURNABY   ,15,15,<null>,LAB
1121,ENSC    ,226,SURREY    ,41,37,<null>,LAB
1094,IAT     ,202,SURREY    ,24,23,<null>,STL
1181,MATH    ,150,BURNABY   ,60,0,<null>,OPL
1157,MACM    ,101,SURREY    ,25,25,Bradley Bart                                                                                                                                                                                                                                              ,TUT
1107,MACM    ,101,BURNABY   ,24,26,Evgenia Ternovska                                                                                                                                                                                                                                         ,LAB
1174,ENSC    ,406,BURNABY   ,131,129,Balbir Gill                                                                                                                                                                                                                                               ,LEC
1174,ENSC    ,406,BURNABY   ,19,19,Balbir Gill                                                                                                                                                                                                                                               ,TUT
1107,ENSC    ,100,BURNABY   ,4,2,Michael Sjoerdsma                                                                                                                                                                                                                                         ,TUT
1137,ENSC    ,488,BURNABY   ,60,52,Shahram Payandeh                                                                                                                                                                                                                                          ,LEC
1107,ENSC    ,100,BURNABY   ,4,2,Michael Sjoerdsma                                                                                                                                                                                                                                         ,TUT
1127,ENSC    ,402,BURNABY   ,10,1,. Faculty                                                                                                                                                                                                                                                 ,SEC
1121,ENSC    ,380,SURREY    ,96,66,Carlo Menon                                                                                                                                                                                                                                               ,TUT
1081,ENSC    ,428,BURNABY   ,50,24,Daniel Lee                                                                                                                                                                                                                                                ,LEC
1091,ENSC    ,428,BURNABY   ,30,23,Ivan Bajic                                                                                                                                                                                                                                                ,LEC
1084,KIN     ,304W      ,BURNABY   ,16,0,<null>,TUT
1081,MATH    ,437,BURNABY   ,20,1,Faye Stefan                                                                                                                                                                                                                                               ,SEC
1091,CMNS    ,130W      ,BURNABY   ,16,15,<null>,TUT
1121,ENSC    ,474,BURNABY   ,20,16,<null>,TUT
1147,MATH    ,150,BURNABY   ,60,0,<null>,OPL
1131,MACM    ,101,BURNABY   ,24,25,Bradley Bart                                                                                                                                                                                                                                              ,TUT
1161,MACM    ,101,BURNABY   ,25,22,Bradley Bart                                                                                                                                                                                                                                              ,TUT
1117,MACM    ,101,BURNABY   ,24,24,Andrei Bulatov                                                                                                                                                                                                                                            ,TUT
1147,MACM    ,101,BURNABY   ,24,24,Andrei Bulatov                                                                                                                                                                                                                                            ,TUT
1117,MACM    ,101,BURNABY   ,192,191,Andrei Bulatov                                                                                                                                                                                                                                            ,LEC
1081,MACM    ,101,BURNABY   ,30,31,Andrei Bulatov                                                                                                                                                                                                                                            ,TUT
1181,MACM    ,101,BURNABY   ,24,23,Binay Bhattacharya                                                                                                                                                                                                                                        ,TUT
1117,MATH    ,232,SURREY    ,90,73,Tamon Stephen                                                                                                                                                                                                                                             ,LEC
1121,MATH    ,337,BURNABY   ,20,2,"Faye Stefan, Stuart Billings                                                                                                                                                                                                                              ",SEC
1121,MATH    ,232,SURREY    ,100,83,Jan Manuch                                                                                                                                                                                                                                                ,LEC
1091,MATH    ,308,SURREY    ,64,18,Abraham Punnen                                                                                                                                                                                                                                            ,LEC
1177,MATH    ,322,BURNABY   ,64,58,Stephen Choi                                                                                                                                                                                                                                              ,LEC
1124,MATH    ,436,BURNABY   ,20,2,Stuart Billings                                                                                                                                                                                                                                           ,SEC
1131,MATH    ,895,BURNABY   ,6,1,Manfred Trummer                                                                                                                                                                                                                                           ,SEC
1087,CMNS    ,259,HRBRCNTR  ,18,16,<null>,LAB
1091,REM     ,647,BURNABY   ,15,5,Wolfgang Haider                                                                                                                                                                                                                                           ,SEM
1081,REM     ,613,BURNABY   ,18,6,Andrew Cooper                                                                                                                                                                                                                                             ,SEM
1087,KIN     ,140,BURNABY   ,19,19,<null>,TUT
1094,KIN     ,140,BURNABY   ,17,17,<null>,TUT
1157,MATH    ,154,BURNABY   ,60,0,<null>,OPL
1081,CMNS    ,110,BURNABY   ,18,18,<null>,TUT
1081,CMNS    ,210,HRBRCNTR  ,18,20,<null>,TUT
1087,CMNS    ,331,BURNABY   ,18,19,<null>,TUT
1107,ENSC    ,470,BURNABY   ,33,32,<null>,TUT
1081,CMNS    ,130W      ,BURNABY   ,0,0,<null>,TUT
1121,MACM    ,101,SURREY    ,24,23,Kay Wiese                                                                                                                                                                                                                                                 ,TUT
1171,MACM    ,101,SURREY    ,24,25,Kay Wiese                                                                                                                                                                                                                                                 ,TUT
1107,MACM    ,101,BURNABY   ,24,26,Evgenia Ternovska                                                                                                                                                                                                                                         ,LAB
1084,MATH    ,308,BURNABY   ,96,43,". TBD, Eric Fusy                                                                                                                                                                                                                                          ",LEC
1114,MATH    ,157,BURNABY   ,280,187,Jonathan Jedwab                                                                                                                                                                                                                                           ,LEC
1157,MATH    ,436,OFF       ,20,0,Stuart Billings                                                                                                                                                                                                                                           ,SEC
1084,MATH    ,337,BURNABY   ,20,0,Faye Stefan                                                                                                                                                                                                                                               ,SEC
1107,MATH    ,337,BURNABY   ,20,0,Faye Stefan                                                                                                                                                                                                                                               ,SEC
1164,MATH    ,337,BURNABY   ,20,2,Stuart Billings                                                                                                                                                                                                                                           ,SEC
1127,MATH    ,497,BURNABY   ,1,1,JF Williams                                                                                                                                                                                                                                               ,SEC
1171,MATH    ,152,SURREY    ,151,114,Abraham Punnen                                                                                                                                                                                                                                            ,LEC
1181,MATH    ,152,SURREY    ,150,105,Sepehr Foroushani                                                                                                                                                                                                                                         ,LEC
1097,MATH    ,157,SURREY    ,200,91,Ruonan Zhang                                                                                                                                                                                                                                              ,LEC
1131,MATH    ,337,OFF       ,20,0,Stuart Billings                                                                                                                                                                                                                                           ,SEC
1167,MATH    ,322,BURNABY   ,80,65,David Muraki                                                                                                                                                                                                                                              ,LEC
1177,MATH    ,899,BURNABY   ,35,21,Marni Mishna                                                                                                                                                                                                                                              ,SEC
1144,MATH    ,437,OFF       ,20,0,Stuart Billings                                                                                                                                                                                                                                           ,SEC
1181,MSE     ,496,SURREY    ,5,0,<null>,LAB
1161,MSE     ,496,SURREY    ,5,0,<null>,LAB
1171,MSE     ,496,SURREY    ,5,0,<null>,LAB
1171,MSE     ,496,SURREY    ,5,0,<null>,LAB
1117,CMPT    ,120,BURNABY   ,25,0,<null>,LAB
1094,KIN     ,351,OFF       ,15,4,<null>,PRA
1081,MATH    ,762,BURNABY   ,15,4,<null>,LEC
1107,MATH    ,895,BURNABY   ,5,0,<null>,SEC
1111,CMPT    ,225,BURNABY   ,0,0,<null>,LAB
1164,MATH    ,895,BURNABY   ,6,2,Nilima Nigam                                                                                                                                                                                                                                              ,SEC
1174,MATH    ,895,BURNABY   ,6,2,Nilima Nigam                                                                                                                                                                                                                                              ,SEC
1084,MATH    ,891,BURNABY   ,6,0,Faye Stefan                                                                                                                                                                                                                                               ,SEC
1141,ENSC    ,400,BURNABY   ,5,2,<null>,SEC
1097,ENSC    ,220,BURNABY   ,50,47,<null>,LAB
1094,ENSC    ,220,BURNABY   ,25,25,<null>,TUT
1111,ENSC    ,406,BURNABY   ,17,17,<null>,TUT
1101,ENSC    ,428,BURNABY   ,1,0,<null>,OPL
1097,ENSC    ,220,SURREY    ,28,26,<null>,LAB
1134,ENSC    ,196,OFF       ,10,4,<null>,SEC
1171,MSE     ,211,SURREY    ,105,82,Flavio Firmani                                                                                                                                                                                                                                            ,LEC
1171,CMPT    ,129,BURNABY   ,25,0,Janice Regan                                                                                                                                                                                                                                              ,LAB
1177,MSE     ,352,SURREY    ,40,16,Mohammad Narimani                                                                                                                                                                                                                                         ,LAB
1154,MSE     ,111,SURREY    ,18,16,Amr Marzouk                                                                                                                                                                                                                                               ,LEC
1157,ENSC    ,702,BURNABY   ,5,5,Harriet Chicoine                                                                                                                                                                                                                                          ,PRA
1084,MATH    ,895,BURNABY   ,6,0,. Faculty                                                                                                                                                                                                                                                 ,SEC
1084,CMNS    ,346,HRBRCNTR  ,18,18,<null>,TUT
1087,REM     ,100,BURNABY   ,180,180,Karen Kohfeld                                                                                                                                                                                                                                             ,LEC
1181,MATH    ,154,BURNABY   ,60,0,<null>,OPL
1134,MATH    ,896,BURNABY   ,6,0,<null>,SEC
1101,MATH    ,314,BURNABY   ,0,0,<null>,TUT
1111,MATH    ,314,BURNABY   ,32,18,<null>,TUT
1081,CMNS    ,260,BURNABY   ,18,19,<null>,TUT
1164,MSE     ,487,SURREY    ,5,0,<null>,SEM
1174,MSE     ,487,SURREY    ,5,0,<null>,SEM
1114,ENSC    ,311,SURREY    ,35,23,<null>,TUT
1081,MATH    ,341,BURNABY   ,32,11,<null>,TUT
1084,MATH    ,232,SURREY    ,70,36,<null>,OPL
1121,ENSC    ,451,SURREY    ,66,37,<null>,TUT
1097,ENSC    ,481,BURNABY   ,30,0,<null>,OPL
1081,KIN     ,497,BURNABY   ,5,3,<null>,SEC
1094,IAT     ,102,SURREY    ,24,24,<null>,STL
1094,IAT     ,102,SURREY    ,24,20,<null>,STL
1177,MATH    ,240,BURNABY   ,60,0,<null>,OPL
1167,MATH    ,240,BURNABY   ,0,0,<null>,OPL
1081,MATH    ,462,BURNABY   ,30,0,<null>,LEC
1157,MATH    ,154,SURREY    ,150,0,<null>,OPL
1131,CHIN    ,280,BURNABY   ,15,0,<null>,TUT
1141,CMPT    ,895,BURNABY   ,0,0,<null>,IND
1094,MATH    ,308,BURNABY   ,32,0,<null>,TUT
1127,CMPT    ,225,SURREY    ,0,0,<null>,LAB
1111,CMPT    ,225,BURNABY   ,0,0,<null>,LAB
1141,MSE     ,898,SURREY    ,35,32,<null>,SEC
1174,MSE     ,487,SURREY    ,5,0,<null>,SEM
1174,MSE     ,899,OFF       ,40,1,<null>,SEC
1081,IAT     ,431,SURREY    ,24,0,<null>,OPL
1081,MATH    ,341,BURNABY   ,32,1,<null>,TUT
1144,MATH    ,152,BURNABY   ,0,0,<null>,OPL
1137,MATH    ,340,BURNABY   ,32,27,<null>,TUT
1134,MACM    ,101,BURNABY   ,24,0,<null>,TUT
1117,CMPT    ,120,BURNABY   ,25,0,<null>,LAB
1107,CMPT    ,120,BURNABY   ,0,0,<null>,LAB
1084,MATH    ,254,BURNABY   ,35,27,<null>,TUT
1094,MATH    ,254,BURNABY   ,32,32,<null>,TUT
1174,MATH    ,254,BURNABY   ,32,26,<null>,TUT
1157,ENSC    ,100W      ,BURNABY   ,8,8,<null>,LAB
1137,ENSC    ,100W      ,BURNABY   ,8,8,<null>,TUT
1084,CMPT    ,120,BURNABY   ,33,32,<null>,LAB
1087,ENSC    ,100W      ,BURNABY   ,6,6,<null>,RQL
1087,ENSC    ,100W      ,BURNABY   ,7,6,<null>,RQL
1097,ENSC    ,100W      ,BURNABY   ,7,7,<null>,RQL
1157,ENSC    ,100W      ,BURNABY   ,8,8,<null>,LAB
1157,ENSC    ,100W      ,BURNABY   ,8,6,<null>,LAB
1087,ENSC    ,100W      ,BURNABY   ,6,6,<null>,RQL
1097,ENSC    ,100W      ,BURNABY   ,4,4,<null>,RQL
1174,MSE     ,884,SURREY    ,40,0,. TBD                                                                                                                                                                                                                                                     ,LEC
1171,CMPT    ,129,BURNABY   ,25,1,Janice Regan                                                                                                                                                                                                                                              ,LAB
1171,MSE     ,921,SURREY    ,8,8,Farid Golnaraghi                                                                                                                                                                                                                                          ,SEM
1164,MSE     ,405W      ,SURREY    ,115,105,Maureen Hindy                                                                                                                                                                                                                                             ,TUT
1171,CMPT    ,733,BURNABY   ,45,40,"Apala Guha, Jiannan Wang                                                                                                                                                                                                                                  ",LEC
1161,CMPT    ,733,BURNABY   ,25,20,"Apala Guha, Jiannan Wang                                                                                                                                                                                                                                  ",LAB
1161,MSE     ,426,SURREY    ,92,91,Gary Wang                                                                                                                                                                                                                                                 ,LEC
1171,ENSC    ,701,BURNABY   ,10,2,Harriet Chicoine                                                                                                                                                                                                                                          ,PRA
1154,MSE     ,793,OFF       ,25,0,Harriet Chicoine                                                                                                                                                                                                                                          ,PRA
1144,MSE     ,293,OFF       ,25,11,Harriet Chicoine                                                                                                                                                                                                                                          ,SEC
1154,MSE     ,293,OFF       ,20,15,Stephanie DeRapp                                                                                                                                                                                                                                          ,SEC
1124,CMPT    ,626,BURNABY   ,30,0,Cristina Eftenaru                                                                                                                                                                                                                                         ,PRA
1137,MSE     ,494,SURREY    ,10,0,Harriet Chicoine                                                                                                                                                                                                                                          ,SEC
1174,MSE     ,111,SURREY    ,6,6,Amr Marzouk                                                                                                                                                                                                                                               ,LAB
1147,MSE     ,821,SURREY    ,10,0,Majid Bahrami                                                                                                                                                                                                                                             ,LEC
1151,MSE     ,726,SURREY    ,15,14,Gary Wang                                                                                                                                                                                                                                                 ,LAB
1151,MSE     ,780,SURREY    ,6,6,Kevin Oldknow                                                                                                                                                                                                                                             ,TUT
1141,MSE     ,727,SURREY    ,20,21,Gary Wang                                                                                                                                                                                                                                                 ,LEC
1171,MSE     ,483,SURREY    ,80,34,Mehrdad Moallem                                                                                                                                                                                                                                           ,LEC
1134,MSE     ,894,SURREY    ,5,0,Krishna Vijayaraghavan                                                                                                                                                                                                                                    ,LAB
1167,MSE     ,321,SURREY    ,30,30,Majid Bahrami                                                                                                                                                                                                                                             ,LAB
1144,CMPT    ,895,BURNABY   ,5,1,. Faculty                                                                                                                                                                                                                                                 ,IND
1161,CMPT    ,135,SURREY    ,24,19,Scott Kristjanson                                                                                                                                                                                                                                         ,LAB
1154,CMPT    ,225,BURNABY   ,0,0,<null>,LAB
1177,ENSC    ,120,BURNABY   ,30,0,Atousa Hajshirmohammadi                                                                                                                                                                                                                                   ,LAB
1141,MSE     ,210,SURREY    ,65,63,Erik Kjeang                                                                                                                                                                                                                                               ,LAB
1151,MSE     ,491,SURREY    ,70,0,. TBD                                                                                                                                                                                                                                                     ,LEC
1144,MSE     ,311,SURREY    ,36,26,Behraad Bahreyni                                                                                                                                                                                                                                          ,LAB
1154,MSE     ,311,SURREY    ,30,28,Behraad Bahreyni                                                                                                                                                                                                                                          ,LAB
1154,MSE     ,411W      ,SURREY    ,33,0,Flavio Firmani                                                                                                                                                                                                                                            ,LAB
1171,CHIN    ,280,BURNABY   ,8,5,Cynthia Xie                                                                                                                                                                                                                                               ,SEM
1131,ENSC    ,893,SURREY    ,15,13,Majid Bahrami                                                                                                                                                                                                                                             ,LEC
1107,CMPT    ,373,SURREY    ,6,3,Thomas Shermer                                                                                                                                                                                                                                            ,TUT
1107,ENSC    ,452,BURNABY   ,13,12,Lesley Shannon                                                                                                                                                                                                                                            ,LEC
1107,CMPT    ,120,BURNABY   ,25,23,Bradley Bart                                                                                                                                                                                                                                              ,LAB
1081,MATH    ,495,BURNABY   ,40,10,Steven Ruuth                                                                                                                                                                                                                                              ,LEC
1121,MATH    ,380W      ,BURNABY   ,90,81,Tom Archibald                                                                                                                                                                                                                                             ,LEC
1111,ENSC    ,440W      ,BURNABY   ,55,53,Andrew Rawicz                                                                                                                                                                                                                                             ,LEC
1097,MATH    ,817,BURNABY   ,15,12,Karen Yeats                                                                                                                                                                                                                                               ,LEC
1081,MATH    ,819,BURNABY   ,10,3,Michael Monagan                                                                                                                                                                                                                                           ,LEC
1121,MATH    ,842,BURNABY   ,20,5,Imin Chen                                                                                                                                                                                                                                                 ,LEC
1164,MSE     ,894,SURREY    ,2,0,<null>,LAB
1174,MATH    ,495,BURNABY   ,20,2,Steven Ruuth                                                                                                                                                                                                                                              ,LEC
1107,ENSC    ,896,BURNABY   ,50,0,. Faculty                                                                                                                                                                                                                                                 ,SEC
1157,MATH    ,800,BURNABY   ,5,4,Petr Lisonek                                                                                                                                                                                                                                              ,LEC
1144,MSE     ,312,SURREY    ,33,33,"Farid Golnaraghi, Krishna Vijayaraghavan, Mehrdad Moallem, Siamak Arzanpour                                                                                                                                                                               ",LAB
1141,MATH    ,208W      ,SURREY    ,24,9,Randall Pyke                                                                                                                                                                                                                                              ,LEC
1181,CHIN    ,280,BURNABY   ,9,7,Cynthia Xie                                                                                                                                                                                                                                               ,SEM
1164,CMPT    ,896,BURNABY   ,20,9,. Faculty                                                                                                                                                                                                                                                 ,SEC
1154,CMPT    ,626,METRO     ,15,11,Harriet Chicoine                                                                                                                                                                                                                                          ,PRA
1111,MACM    ,203,BURNABY   ,18,16,Cedric Chauve                                                                                                                                                                                                                                             ,LEC
1091,IAT     ,267,SURREY    ,24,24,Helmine Serban                                                                                                                                                                                                                                            ,STL
1121,MATH    ,795,BURNABY   ,10,5,Ralf Wittenberg                                                                                                                                                                                                                                           ,LEC
1124,ENSC    ,331,SURREY    ,18,18,Behraad Bahreyni                                                                                                                                                                                                                                          ,LAB
1117,ENSC    ,182,SURREY    ,26,26,Amr Marzouk                                                                                                                                                                                                                                               ,LEC
1131,ENSC    ,432,SURREY    ,35,44,Kevin Oldknow                                                                                                                                                                                                                                             ,TUT
1167,CMPT    ,627,VAN       ,30,20,Harriet Chicoine                                                                                                                                                                                                                                          ,PRA
1144,CMPT    ,626,VAN       ,15,17,Harriet Chicoine                                                                                                                                                                                                                                          ,PRA
1154,CMPT    ,626,METRO     ,15,17,Harriet Chicoine                                                                                                                                                                                                                                          ,PRA
1117,ENSC    ,104,SURREY    ,35,35,Krishna Vijayaraghavan                                                                                                                                                                                                                                    ,LAB
1171,CHIN    ,281,BURNABY   ,8,2,Cynthia Xie                                                                                                                                                                                                                                               ,SEM
1117,CMPT    ,373,SURREY    ,7,6,Thomas Shermer                                                                                                                                                                                                                                            ,TUT
1144,ENSC    ,215,BURNABY   ,60,42,Fabio Campi                                                                                                                                                                                                                                               ,LAB
1131,ENSC    ,893,SURREY    ,10,7,Mehrdad Moallem                                                                                                                                                                                                                                           ,LEC
1101,CMPT    ,376W      ,BURNABY   ,75,75,Arthur Kirkpatrick                                                                                                                                                                                                                                        ,LEC
1157,CMPT    ,128,BURNABY   ,26,26,Janice Regan                                                                                                                                                                                                                                              ,LAB
1131,CMPT    ,120,BURNABY   ,26,26,Diana Cukierman                                                                                                                                                                                                                                           ,LAB
1084,CMPT    ,888,BURNABY   ,20,3,Hao Zhang                                                                                                                                                                                                                                                 ,LEC
1121,MATH    ,448,SURREY    ,30,22,Tamon Stephen                                                                                                                                                                                                                                             ,LEC
1081,IAT     ,410,SURREY    ,48,25,Yingchen Yang                                                                                                                                                                                                                                             ,LEC
1091,IAT     ,487,SURREY    ,1,3,Russell Taylor                                                                                                                                                                                                                                            ,LEC
1081,MATH    ,878,BURNABY   ,5,1,Ladislav Stacho                                                                                                                                                                                                                                           ,SEC
1147,ENSC    ,328,BURNABY   ,5,1,Jie Liang                                                                                                                                                                                                                                                 ,LEC
1081,CMPT    ,126,BURNABY   ,30,28,David Mitchell                                                                                                                                                                                                                                            ,LAB
1167,CMPT    ,128,BURNABY   ,156,145,Janice Regan                                                                                                                                                                                                                                              ,LEC
1181,MATH    ,800,BURNABY   ,10,5,Cedric Chauve                                                                                                                                                                                                                                             ,LEC
1121,ENSC    ,380,SURREY    ,96,0,<null>,TUT
1084,CMNS    ,483,BURNABY   ,5,3,. Faculty                                                                                                                                                                                                                                                 ,SEC
1091,CMPT    ,150,BURNABY   ,25,22,Anthony Dixon                                                                                                                                                                                                                                             ,LAB
1081,CMPT    ,150,BURNABY   ,25,25,Anthony Dixon                                                                                                                                                                                                                                             ,LAB
1094,CMPT    ,150,SURREY    ,48,39,Bobby Chan                                                                                                                                                                                                                                                ,LEC
1081,CMPT    ,102,BURNABY   ,69,56,Brian Funt                                                                                                                                                                                                                                                ,LEC
1091,CMPT    ,102,BURNABY   ,30,25,Brian Funt                                                                                                                                                                                                                                                ,LEC
1161,CMPT    ,102,BURNABY   ,39,33,Brian Funt                                                                                                                                                                                                                                                ,LEC
1127,CMPT    ,250,BURNABY   ,130,123,Anthony Dixon                                                                                                                                                                                                                                             ,LEC
1101,CMPT    ,300,SURREY    ,58,58,Harinder Khangura                                                                                                                                                                                                                                         ,LEC
1127,ENSC    ,182,SURREY    ,30,28,". TBD, Amr Marzouk                                                                                                                                                                                                                                        ",LAB
1084,ENSC    ,215,BURNABY   ,88,35,William Scratchley                                                                                                                                                                                                                                        ,LEC
1087,MATH    ,340,BURNABY   ,64,40,Michael Monagan                                                                                                                                                                                                                                           ,LEC
1117,CMPT    ,761,BURNABY   ,10,7,Torsten Moller                                                                                                                                                                                                                                            ,LEC
1127,ENSC    ,381,SURREY    ,70,68,Kevin Oldknow                                                                                                                                                                                                                                             ,TUT
1091,IAT     ,202,SURREY    ,24,23,Michael Filimowicz                                                                                                                                                                                                                                        ,STL
1147,MATH    ,880,BURNABY   ,3,0,. Faculty                                                                                                                                                                                                                                                 ,SEC
1181,MATH    ,880,BURNABY   ,5,0,. Faculty                                                                                                                                                                                                                                                 ,SEC
1091,CMNS    ,253W      ,HRBRCNTR  ,96,80,Richard Smith                                                                                                                                                                                                                                             ,LEC
1124,MATH    ,880,BURNABY   ,3,0,. Faculty                                                                                                                                                                                                                                                 ,SEC
1081,CMNS    ,130W      ,BURNABY   ,240,227,Ian Chunn                                                                                                                                                                                                                                                 ,LEC
1141,ENSC    ,372,BURNABY   ,20,0,Bonnie Gray                                                                                                                                                                                                                                               ,OPL
1121,ENSC    ,474,BURNABY   ,20,16,"John Jones, Parvaneh Saeedi                                                                                                                                                                                                                               ",LEC
1151,ENSC    ,305W      ,BURNABY   ,90,71,Stephen Whitmore                                                                                                                                                                                                                                          ,LEC
1087,MATH    ,402,BURNABY   ,0,1,JF Williams                                                                                                                                                                                                                                               ,SEC
1174,MATH    ,150,BURNABY   ,35,31,"Jamie Mulholland, Veselin Jungic                                                                                                                                                                                                                          ",SEC
1124,MATH    ,880,BURNABY   ,3,0,. Faculty                                                                                                                                                                                                                                                 ,SEC
1081,CMNS    ,253W      ,HRBRCNTR  ,75,77,Richard Smith                                                                                                                                                                                                                                             ,LEC
1147,MATH    ,880,BURNABY   ,3,1,Razvan Fetecau                                                                                                                                                                                                                                            ,SEC
1151,CMPT    ,225,BURNABY   ,26,26,David Mitchell                                                                                                                                                                                                                                            ,LAB
1167,CMPT    ,128,BURNABY   ,26,25,Janice Regan                                                                                                                                                                                                                                              ,LAB
1147,MATH    ,345,BURNABY   ,32,12,". Sessional, Sophie Burrill                                                                                                                                                                                                                               ",LEC
1114,CMPT    ,765,BURNABY   ,0,1,Ayse Ergun                                                                                                                                                                                                                                                ,LEC
1081,CMNS    ,855,HRBRCNTR  ,15,5,Kirsten McAllister                                                                                                                                                                                                                                        ,SEM
1091,CMNS    ,855,BURNABY   ,5,6,Richard Gruneau                                                                                                                                                                                                                                           ,SEM
1087,CMNS    ,395,OFF       ,25,3,Marcia Shimizu                                                                                                                                                                                                                                            ,PRA
1091,CMNS    ,480,OFF       ,15,0,. Faculty                                                                                                                                                                                                                                                 ,SEC
1081,CMNS    ,480,OFF       ,25,18,. Faculty                                                                                                                                                                                                                                                 ,SEC
1147,ENSC    ,895,BURNABY   ,5,3,Marinko Sarunic                                                                                                                                                                                                                                           ,TUT
1131,ENSC    ,895,BURNABY   ,10,4,Parvaneh Saeedi                                                                                                                                                                                                                                           ,LEC
1127,CMPT    ,250,SURREY    ,45,44,Brian Fraser                                                                                                                                                                                                                                              ,LEC
1137,CMPT    ,250,SURREY    ,24,23,Brian Fraser                                                                                                                                                                                                                                              ,LAB
1157,CMPT    ,320,BURNABY   ,85,83,Herbert Tsang                                                                                                                                                                                                                                             ,LEC
1141,CMPT    ,310,BURNABY   ,75,73,Mehrdad Oveisi-Fordoei                                                                                                                                                                                                                                    ,LEC
1127,CMPT    ,310,BURNABY   ,70,62,Frederick Popowich                                                                                                                                                                                                                                        ,LEC
1151,CMPT    ,250,BURNABY   ,26,26,Anthony Dixon                                                                                                                                                                                                                                             ,LAB
1127,CMPT    ,250,BURNABY   ,26,26,Anthony Dixon                                                                                                                                                                                                                                             ,LAB
1127,CMPT    ,250,BURNABY   ,26,21,Anthony Dixon                                                                                                                                                                                                                                             ,LAB
1107,CMPT    ,412,BURNABY   ,40,34,Brian Funt                                                                                                                                                                                                                                                ,LEC
1097,CMPT    ,429,OFF       ,10,1,Frances McLafferty                                                                                                                                                                                                                                        ,SEC
1144,CMPT    ,225,SURREY    ,26,26,John Edgar                                                                                                                                                                                                                                                ,LAB
1101,CMPT    ,225,HRBRCNTR  ,25,25,Gregory Mori                                                                                                                                                                                                                                              ,LAB
1111,CMPT    ,225,HRBRCNTR  ,23,22,Michael Evans                                                                                                                                                                                                                                             ,LAB
1174,CMPT    ,318,BURNABY   ,60,51,Uwe Glaesser                                                                                                                                                                                                                                              ,LEC
1127,CMPT    ,126,HRBRCNTR  ,38,30,Da Qing Yang                                                                                                                                                                                                                                              ,LEC
1157,CMPT    ,128,BURNABY   ,26,26,Janice Regan                                                                                                                                                                                                                                              ,LAB
1114,CMPT    ,225,BURNABY   ,26,24,Anne Lavergne                                                                                                                                                                                                                                             ,LAB
1141,CMPT    ,225,BURNABY   ,26,26,David Mitchell                                                                                                                                                                                                                                            ,LAB
1147,CMPT    ,128,BURNABY   ,26,26,Janice Regan                                                                                                                                                                                                                                              ,LAB
1151,CMPT    ,225,BURNABY   ,26,26,David Mitchell                                                                                                                                                                                                                                            ,LAB
1087,CMPT    ,225,BURNABY   ,33,33,David Mitchell                                                                                                                                                                                                                                            ,LAB
1117,ENSC    ,220,SURREY    ,100,87,Ahmad Rad                                                                                                                                                                                                                                                 ,LEC
1127,ENSC    ,220,BURNABY   ,33,35,. TBD                                                                                                                                                                                                                                                     ,LAB
1117,ENSC    ,100,BURNABY   ,3,3,. Faculty                                                                                                                                                                                                                                                 ,TUT
1101,ENSC    ,330,BURNABY   ,83,84,Bozena Kaminska                                                                                                                                                                                                                                           ,LEC
1144,ENSC    ,225,BURNABY   ,75,50,Sae Won Lee                                                                                                                                                                                                                                               ,TUT
1101,ENSC    ,400,BURNABY   ,3,3,. Faculty                                                                                                                                                                                                                                                 ,SEC
1124,ENSC    ,383,BURNABY   ,50,50,Carlo Menon                                                                                                                                                                                                                                               ,LEC
1167,ENSC    ,351,BURNABY   ,44,41,May Siksik                                                                                                                                                                                                                                                ,LAB
1124,ENSC    ,383,SURREY    ,90,70,Siamak Arzanpour                                                                                                                                                                                                                                          ,LEC
1081,CMNS    ,487,BURNABY   ,20,15,Kirsten McAllister                                                                                                                                                                                                                                        ,SEM
1164,ENSC    ,196,BURNABY   ,25,17,Harriet Chicoine                                                                                                                                                                                                                                          ,SEC
1107,ENSC    ,100,BURNABY   ,3,3,Michael Sjoerdsma                                                                                                                                                                                                                                         ,TUT
1127,ENSC    ,100,BURNABY   ,1,0,. Faculty                                                                                                                                                                                                                                                 ,TUT
1087,ENSC    ,491,BURNABY   ,10,0,. Faculty                                                                                                                                                                                                                                                 ,SEC
1131,ENSC    ,374,BURNABY   ,28,0,<null>,TUT
1081,IAT     ,410,SURREY    ,24,0,<null>,LAB
1087,MATH    ,150,SURREY    ,60,0,<null>,LEC
1087,CMNS    ,358,BURNABY   ,12,12,Barry Truax                                                                                                                                                                                                                                               ,LAB
1081,CMNS    ,472,HRBRCNTR  ,25,22,Maripili Lomonaco                                                                                                                                                                                                                                         ,SEM
1094,CMNS    ,855,BURNABY   ,0,1,<null>,SEM
1087,CMNS    ,453,HRBRCNTR  ,16,10,Linda Harasim                                                                                                                                                                                                                                             ,SEM
1121,MACM    ,300,BURNABY   ,40,0,<null>,LEC
1154,CMPT    ,275,BURNABY   ,99,99,Janice Regan                                                                                                                                                                                                                                              ,LEC
1104,CMPT    ,429,BURNABY   ,30,7,Harriet Chicoine                                                                                                                                                                                                                                          ,SEC
1141,CMPT    ,429,METRO     ,25,21,Harriet Chicoine                                                                                                                                                                                                                                          ,SEC
1151,CMPT    ,429,SURREY    ,5,0,Harriet Chicoine                                                                                                                                                                                                                                          ,SEC
1177,CMPT    ,429,METRO     ,24,1,Harriet Chicoine                                                                                                                                                                                                                                          ,SEC
1107,CMPT    ,820,SURREY    ,0,0,Mohamed Hefeeda                                                                                                                                                                                                                                           ,LEC
1131,CMPT    ,470,BURNABY   ,70,62,Ruiwen Chen                                                                                                                                                                                                                                               ,LEC
1081,CMPT    ,430,BURNABY   ,50,2,Harriet Chicoine                                                                                                                                                                                                                                          ,SEC
1117,CMPT    ,897,BURNABY   ,10,10,. Faculty                                                                                                                                                                                                                                                 ,SEC
1131,ENSC    ,380,SURREY    ,100,100,Amr Marzouk                                                                                                                                                                                                                                               ,LEC
1167,ENSC    ,351,BURNABY   ,44,42,May Siksik                                                                                                                                                                                                                                                ,LAB
1134,CMPT    ,120,BURNABY   ,182,174,Muntaseer Salahuddin                                                                                                                                                                                                                                      ,LEC
1124,CMPT    ,120,SURREY    ,20,18,Brian Fraser                                                                                                                                                                                                                                              ,LAB
1121,CMPT    ,120,SURREY    ,24,21,John Edgar                                                                                                                                                                                                                                                ,LAB
1181,CMPT    ,120,BURNABY   ,26,26,Angelica Lim                                                                                                                                                                                                                                              ,LAB
1107,ENSC    ,374,BURNABY   ,5,3,Mehdi Moradi                                                                                                                                                                                                                                              ,LEC
1141,ENSC    ,474,BURNABY   ,35,31,Mirza Beg                                                                                                                                                                                                                                                 ,LEC
1181,ENSC    ,474,BURNABY   ,45,29,Parvaneh Saeedi                                                                                                                                                                                                                                           ,RQL
1084,MATH    ,879,BURNABY   ,6,1,. Faculty                                                                                                                                                                                                                                                 ,SEC
1127,MATH    ,718,BURNABY   ,10,1,Weiran Sun                                                                                                                                                                                                                                                ,LEC
1081,CMPT    ,880,BURNABY   ,8,5,Qianping Gu                                                                                                                                                                                                                                               ,LEC
1167,ENSC    ,351,BURNABY   ,44,29,May Siksik                                                                                                                                                                                                                                                ,LAB
1094,ENSC    ,498,BURNABY   ,10,1,. Faculty                                                                                                                                                                                                                                                 ,SEC
1091,CMNS    ,226,BURNABY   ,20,20,David Murphy                                                                                                                                                                                                                                              ,LEC
1094,CMNS    ,454,HRBRCNTR  ,32,17,James Rennie                                                                                                                                                                                                                                              ,LEC
1121,ENSC    ,374,BURNABY   ,10,0,<null>,TUT
1127,CMPT    ,894,BURNABY   ,6,7,. Faculty                                                                                                                                                                                                                                                 ,SEC
1081,CMPT    ,898,BURNABY   ,80,63,. Faculty                                                                                                                                                                                                                                                 ,SEC
1157,ENSC    ,195,BURNABY   ,35,32,Harriet Chicoine                                                                                                                                                                                                                                          ,SEC
1181,ENSC    ,195,METRO     ,70,90,Harriet Chicoine                                                                                                                                                                                                                                          ,SEC
1124,ENSC    ,320,BURNABY   ,50,45,Ljiljana Trajkovic                                                                                                                                                                                                                                        ,LEC
1167,ENSC    ,263,BURNABY   ,1,2,William Scratchley                                                                                                                                                                                                                                        ,LEC
1111,CMPT    ,102,BURNABY   ,40,39,Brian Funt                                                                                                                                                                                                                                                ,LEC
1127,CMPT    ,102,BURNABY   ,50,46,Ghassan Hamarneh                                                                                                                                                                                                                                          ,LEC
1167,CMPT    ,275,BURNABY   ,60,47,Herbert Tsang                                                                                                                                                                                                                                             ,LEC
1167,CMPT    ,165,SURREY    ,4,3,Harinder Khangura                                                                                                                                                                                                                                         ,LAB
1177,CMPT    ,165,SURREY    ,24,17,Toby Donaldson                                                                                                                                                                                                                                            ,LAB
1151,CMPT    ,150,BURNABY   ,156,155,". Faculty, Bobby Chan                                                                                                                                                                                                                                     ",LEC
1167,MATH    ,154,BURNABY   ,500,436,Matthew DeVos                                                                                                                                                                                                                                             ,LEC
1114,CMPT    ,150,BURNABY   ,20,13,Louis Hafer                                                                                                                                                                                                                                               ,LAB
1127,MATH    ,151,BURNABY   ,400,272,Brenda Davison                                                                                                                                                                                                                                            ,LEC
1101,MATH    ,486,OFF       ,20,0,Faye Stefan                                                                                                                                                                                                                                               ,SEC
1117,ENSC    ,220,BURNABY   ,103,104,Meenakshinathan Parameswaran                                                                                                                                                                                                                              ,LEC
1117,ENSC    ,498,BURNABY   ,10,6,. Faculty                                                                                                                                                                                                                                                 ,SEC
1094,CMNS    ,851,HRBRCNTR  ,10,3,John zzzHolbrook                                                                                                                                                                                                                                          ,SEC
1094,CMNS    ,494,OFF       ,25,2,Marcia Shimizu                                                                                                                                                                                                                                            ,PRA
1141,CMPT    ,275,BURNABY   ,84,85,Janice Regan                                                                                                                                                                                                                                              ,LEC
1177,CMPT    ,165,SURREY    ,24,23,Toby Donaldson                                                                                                                                                                                                                                            ,LAB
1081,MATH    ,439,BURNABY   ,40,16,Michael Monagan                                                                                                                                                                                                                                           ,LEC
1111,CMPT    ,150,BURNABY   ,24,24,Anthony Dixon                                                                                                                                                                                                                                             ,LAB
1081,REM     ,412,BURNABY   ,18,5,. TBD                                                                                                                                                                                                                                                     ,LAB
1101,CMPT    ,361,BURNABY   ,50,46,Torsten Moller                                                                                                                                                                                                                                            ,LEC
1147,MATH    ,800,BURNABY   ,25,5,Bojan Mohar                                                                                                                                                                                                                                               ,LEC
1181,ENSC    ,450,BURNABY   ,40,0,<null>,RQL
1087,CMNS    ,428,BURNABY   ,10,0,. Faculty                                                                                                                                                                                                                                                 ,SEC
1091,ENSC    ,896,BURNABY   ,50,1,<null>,SEC
1147,MATH    ,345,BURNABY   ,32,0,<null>,TUT
1157,MATH    ,345,BURNABY   ,32,0,<null>,TUT
1087,CMNS    ,481,OFF       ,20,1,. Faculty                                                                                                                                                                                                                                                 ,SEC
1084,CMNS    ,496,BURNABY   ,20,1,Marcia Shimizu                                                                                                                                                                                                                                            ,PRA
1084,MATH    ,800,BURNABY   ,25,0,<null>,LEC
1087,KIN     ,352,BURNABY   ,15,10,Darleen Bemister                                                                                                                                                                                                                                          ,PRA
1084,KIN     ,451,BURNABY   ,10,7,Darleen Bemister                                                                                                                                                                                                                                          ,PRA
1137,MATH    ,151,SURREY    ,102,54,Zhaosong Lu                                                                                                                                                                                                                                               ,LEC
1164,MATH    ,152,BURNABY   ,253,182,Justin Gray                                                                                                                                                                                                                                               ,LEC
1144,CMPT    ,275,BURNABY   ,96,95,Janice Regan                                                                                                                                                                                                                                              ,LEC
1164,ENSC    ,263,BURNABY   ,5,3,William Scratchley                                                                                                                                                                                                                                        ,LAB
1174,ENSC    ,263,BURNABY   ,5,1,William Scratchley                                                                                                                                                                                                                                        ,LAB
1094,ENSC    ,204,BURNABY   ,130,124,Michael Sjoerdsma                                                                                                                                                                                                                                         ,LEC
1167,ENSC    ,380,BURNABY   ,126,125,Paul Ho                                                                                                                                                                                                                                                   ,LEC
1161,ENSC    ,350,BURNABY   ,45,0,Fabio Campi                                                                                                                                                                                                                                               ,RQL
1171,ENSC    ,350,BURNABY   ,32,28,Lesley Shannon                                                                                                                                                                                                                                            ,RQL
1107,ENSC    ,325,BURNABY   ,46,42,Marek Syrzycki                                                                                                                                                                                                                                            ,TUT
1174,MATH    ,880,BURNABY   ,3,0,<null>,SEC
1091,IART    ,898,SURREY    ,2,2,. TBD                                                                                                                                                                                                                                                     ,SEC
1081,KIN     ,142,BURNABY   ,190,183,Robert Asmundson                                                                                                                                                                                                                                          ,LEC
1094,KIN     ,343,BURNABY   ,36,36,James Carter                                                                                                                                                                                                                                              ,LEC
1084,ENSC    ,325,BURNABY   ,70,0,<null>,OPL
1121,MATH    ,896,BURNABY   ,6,0,. Faculty                                                                                                                                                                                                                                                 ,SEC
1087,CMPT    ,320,BURNABY   ,90,90,Robert Hadley                                                                                                                                                                                                                                             ,LEC
1101,CMPT    ,320,BURNABY   ,75,44,Christopher Bastone                                                                                                                                                                                                                                       ,LEC
1131,CMPT    ,365,BURNABY   ,70,55,Ze-Nian Li                                                                                                                                                                                                                                                ,LEC
1107,CMPT    ,363,BURNABY   ,65,60,Anne Lavergne                                                                                                                                                                                                                                             ,LEC
1124,CMPT    ,428,METRO     ,30,26,Cristina Eftenaru                                                                                                                                                                                                                                         ,SEC
1094,WKTM    ,100,OFF       ,50,1,Frances McLafferty                                                                                                                                                                                                                                        ,SEC
1154,ENSC    ,225,BURNABY   ,155,149,Meenakshinathan Parameswaran                                                                                                                                                                                                                              ,RQL
1177,ENSC    ,296,OFF       ,15,2,Harriet Chicoine                                                                                                                                                                                                                                          ,SEC
1084,ENSC    ,204,BURNABY   ,120,74,Michael Sjoerdsma                                                                                                                                                                                                                                         ,LEC
1181,CMPT    ,384,BURNABY   ,85,55,Robert Cameron                                                                                                                                                                                                                                            ,LEC
1134,CMPT    ,898,BURNABY   ,100,54,. Faculty                                                                                                                                                                                                                                                 ,SEC
1161,CMPT    ,898,BURNABY   ,100,62,. Faculty                                                                                                                                                                                                                                                 ,SEC
1161,CMPT    ,898,OFF       ,100,1,. Faculty                                                                                                                                                                                                                                                 ,SEC
1117,ENSC    ,220,BURNABY   ,100,0,<null>,TUT
1087,ENSC    ,327,BURNABY   ,80,67,Jie Liang                                                                                                                                                                                                                                                 ,LEC
1097,ENSC    ,327,BURNABY   ,80,55,Jie Liang                                                                                                                                                                                                                                                 ,LEC
1121,ENSC    ,320,BURNABY   ,100,105,John Bird                                                                                                                                                                                                                                                 ,TUT
1164,ENSC    ,320,BURNABY   ,140,136,Parvaneh Saeedi                                                                                                                                                                                                                                           ,TUT
1111,ENSC    ,150,BURNABY   ,192,192,Liila Torabi                                                                                                                                                                                                                                              ,LEC
1174,ENSC    ,483,BURNABY   ,80,59,Mehran Shirazi                                                                                                                                                                                                                                            ,LEC
1144,MATH    ,486,BURNABY   ,20,0,Stuart Billings                                                                                                                                                                                                                                           ,SEC
1167,MATH    ,418,BURNABY   ,45,30,Razvan Fetecau                                                                                                                                                                                                                                            ,LEC
1084,MATH    ,896,BURNABY   ,6,0,. Faculty                                                                                                                                                                                                                                                 ,SEC
1124,CMPT    ,428,OFF       ,15,8,Cristina Eftenaru                                                                                                                                                                                                                                         ,SEC
1157,CMPT    ,428,OFF       ,20,3,Harriet Chicoine                                                                                                                                                                                                                                          ,SEC
1171,CMPT    ,428,OFF       ,15,5,Harriet Chicoine                                                                                                                                                                                                                                          ,SEC
1124,CMPT    ,428,METRO     ,30,5,Frances McLafferty                                                                                                                                                                                                                                        ,SEC
1134,CMPT    ,428,METRO     ,10,7,Harriet Chicoine                                                                                                                                                                                                                                          ,SEC
1124,CMPT    ,428,OFF       ,15,0,Frances McLafferty                                                                                                                                                                                                                                        ,SEC
1134,CMPT    ,428,OFF       ,5,2,Harriet Chicoine                                                                                                                                                                                                                                          ,SEC
1124,ENSC    ,383,SURREY    ,100,0,<null>,TUT
1161,MACM    ,101,BURNABY   ,25,23,Bradley Bart                                                                                                                                                                                                                                              ,TUT
1161,MACM    ,101,SURREY    ,80,75,Steven Pearce                                                                                                                                                                                                                                             ,LEC
1171,MACM    ,101,SURREY    ,96,97,Kay Wiese                                                                                                                                                                                                                                                 ,LEC
1131,MACM    ,101,SURREY    ,25,24,Kay Wiese                                                                                                                                                                                                                                                 ,TUT
1107,MACM    ,101,HRBRCNTR  ,48,47,Yaroslav Litus                                                                                                                                                                                                                                            ,LEC
1087,MATH    ,152,BURNABY   ,200,182,Justin Gray                                                                                                                                                                                                                                               ,LEC
1167,MATH    ,100,SURREY    ,96,77,Pooja Pandey                                                                                                                                                                                                                                              ,LEC
1094,MACM    ,101,BURNABY   ,26,22,Steven Pearce                                                                                                                                                                                                                                             ,TUT
1081,MACM    ,101,BURNABY   ,30,30,Andrei Bulatov                                                                                                                                                                                                                                            ,TUT
1147,ENSC    ,383,BURNABY   ,0,0,Carlo Menon                                                                                                                                                                                                                                               ,RQL
1134,MACM    ,101,BURNABY   ,24,22,Steven Pearce                                                                                                                                                                                                                                             ,TUT
1171,MACM    ,101,SURREY    ,24,25,Kay Wiese                                                                                                                                                                                                                                                 ,TUT
1107,MACM    ,101,SURREY    ,25,24,Kay Wiese                                                                                                                                                                                                                                                 ,LAB
1081,MATH    ,158,BURNABY   ,150,75,Razvan Fetecau                                                                                                                                                                                                                                            ,LEC
1107,MATH    ,436,OFF       ,20,0,Faye Stefan                                                                                                                                                                                                                                               ,SEC
1117,MATH    ,436,OFF       ,20,0,Faye Stefan                                                                                                                                                                                                                                               ,SEC
1171,MATH    ,895,BURNABY   ,6,0,. Faculty                                                                                                                                                                                                                                                 ,SEC
1081,MATH    ,891,BURNABY   ,6,1,Faye Stefan                                                                                                                                                                                                                                               ,SEC
1081,MATH    ,895,BURNABY   ,6,1,Tom Archibald                                                                                                                                                                                                                                             ,SEC
1161,ENSC    ,406,BURNABY   ,144,147,Michael Sjoerdsma                                                                                                                                                                                                                                         ,LEC
1137,MATH    ,151,SURREY    ,0,0,<null>,OPL
1174,ENSC    ,406,BURNABY   ,18,17,Balbir Gill                                                                                                                                                                                                                                               ,TUT
1161,ENSC    ,406,BURNABY   ,18,19,Michael Sjoerdsma                                                                                                                                                                                                                                         ,TUT
1171,ENSC    ,427,BURNABY   ,40,25,Ljiljana Trajkovic                                                                                                                                                                                                                                        ,LEC
1161,ENSC    ,396,OFF       ,10,0,Harriet Chicoine                                                                                                                                                                                                                                          ,SEC
1147,ENSC    ,387,BURNABY   ,58,57,. Sessional                                                                                                                                                                                                                                               ,TUT
1117,ENSC    ,899,BURNABY   ,100,94,. Faculty                                                                                                                                                                                                                                                 ,SEC
1157,ENSC    ,802,BURNABY   ,20,7,Daniel Lee                                                                                                                                                                                                                                                ,LEC
1177,ENSC    ,801,BURNABY   ,50,27,Mirza Beg                                                                                                                                                                                                                                                 ,LEC
1087,KIN     ,143,BURNABY   ,120,118,". TBD, Anthony Leyland                                                                                                                                                                                                                                    ",SEC
1127,CMPT    ,426,METRO     ,28,29,"Cristina Eftenaru, Harriet Chicoine                                                                                                                                                                                                                       ",SEC
1137,CMPT    ,426,METRO     ,30,6,Harriet Chicoine                                                                                                                                                                                                                                          ,SEC
1154,CMPT    ,426,OFF       ,5,3,Harriet Chicoine                                                                                                                                                                                                                                          ,SEC
1154,CMPT    ,426,SURREY    ,15,14,Harriet Chicoine                                                                                                                                                                                                                                          ,SEC
1117,CMPT    ,405,BURNABY   ,32,26,Ramesh Krishnamurti                                                                                                                                                                                                                                       ,LEC
1091,CMPT    ,823,BURNABY   ,15,9,James Delgrande                                                                                                                                                                                                                                           ,LEC
1084,CMPT    ,454,BURNABY   ,40,30,Wo-Shun Luk                                                                                                                                                                                                                                               ,LEC
1177,CMPT    ,470,BURNABY   ,90,83,Gregory Baker                                                                                                                                                                                                                                             ,LEC
1134,CMPT    ,466,BURNABY   ,20,16,Hao Zhang                                                                                                                                                                                                                                                 ,LEC
1147,ENSC    ,195,OFF       ,25,15,Harriet Chicoine                                                                                                                                                                                                                                          ,SEC
1171,MATH    ,232,BURNABY   ,425,336,Simone Brugiapaglia                                                                                                                                                                                                                                       ,LEC
1161,MATH    ,150,SURREY    ,60,0,<null>,OPL
1117,MATH    ,880,BURNABY   ,3,0,<null>,SEC
1091,REM     ,311,BURNABY   ,54,19,. Sessional                                                                                                                                                                                                                                               ,LEC
1134,ENSC    ,225,BURNABY   ,80,80,<null>,RQL
1171,MSE     ,891,SURREY    ,10,2,<null>,SEC
1154,MSE     ,420,SURREY    ,0,0,<null>,OPL
1111,MATH    ,208W      ,SURREY    ,12,10,<null>,TUT
1124,ENSC    ,331,SURREY    ,18,9,<null>,LAB
1174,MSE     ,405W      ,SURREY    ,120,89,Maureen Hindy                                                                                                                                                                                                                                             ,LAB
1167,MATH    ,499W      ,BURNABY   ,5,3,Marni Mishna                                                                                                                                                                                                                                              ,LEC
1167,ENSC    ,254,BURNABY   ,10,0,William Scratchley                                                                                                                                                                                                                                        ,LAB
1164,ENSC    ,252,BURNABY   ,39,34,Lakshman One                                                                                                                                                                                                                                              ,LAB
1181,MSE     ,793,OFF       ,5,0,Harriet Chicoine                                                                                                                                                                                                                                          ,PRA
1161,CMPT    ,127,BURNABY   ,64,64,Richard Vaughan                                                                                                                                                                                                                                           ,LAB
1087,REM     ,690,OFF       ,10,0,. Faculty                                                                                                                                                                                                                                                 ,SEC
1124,ENSC    ,196,SURREY    ,50,12,<null>,SEC
1141,MSE     ,780,SURREY    ,16,4,<null>,TUT
1181,MATH    ,303,BURNABY   ,32,30,<null>,TUT
1081,CMNS    ,130W      ,BURNABY   ,16,16,<null>,TUT
1091,CMNS    ,130W      ,BURNABY   ,16,15,<null>,TUT
1091,MATH    ,252,BURNABY   ,32,12,<null>,TUT
1111,ENSC    ,441,SURREY    ,33,0,<null>,LAB
1084,ENSC    ,215,BURNABY   ,22,0,<null>,LAB
1181,ENSC    ,703,OFF       ,5,0,Harriet Chicoine                                                                                                                                                                                                                                          ,PRA
1177,ENSC    ,703,OFF       ,5,0,Harriet Chicoine                                                                                                                                                                                                                                          ,PRA
1177,ENSC    ,477,BURNABY   ,40,28,"Marinko Sarunic, Teresa Cheung                                                                                                                                                                                                                            ",LEC
1171,CMPT    ,295,BURNABY   ,26,26,Bradley Bart                                                                                                                                                                                                                                              ,LAB
1181,CMPT    ,295,BURNABY   ,26,26,Bradley Bart                                                                                                                                                                                                                                              ,LAB
1181,CMPT    ,127,BURNABY   ,64,58,Richard Vaughan                                                                                                                                                                                                                                           ,LAB
1154,CMPT    ,127,BURNABY   ,55,0,Anne Lavergne                                                                                                                                                                                                                                             ,LAB
1081,KIN     ,340,BURNABY   ,60,60,Stephen Brown                                                                                                                                                                                                                                             ,LEC
1101,MATH    ,157,SURREY    ,80,42,Natalia Kouzniak                                                                                                                                                                                                                                          ,LEC
1181,MATH    ,155,BURNABY   ,440,433,Jeremy Chiu                                                                                                                                                                                                                                               ,LEC
1171,MATH    ,155,SURREY    ,150,85,Jonathan Jedwab                                                                                                                                                                                                                                           ,LEC
1141,MATH    ,437,BURNABY   ,20,0,Stuart Billings                                                                                                                                                                                                                                           ,SEC
1161,MACM    ,101,BURNABY   ,175,132,Bradley Bart                                                                                                                                                                                                                                              ,LEC
1147,MACM    ,101,BURNABY   ,24,24,Andrei Bulatov                                                                                                                                                                                                                                            ,TUT
1131,MACM    ,101,BURNABY   ,24,19,Bradley Bart                                                                                                                                                                                                                                              ,TUT
1081,MACM    ,101,BURNABY   ,25,25,Andrei Bulatov                                                                                                                                                                                                                                            ,TUT
1091,MACM    ,101,BURNABY   ,25,24,Andrei Bulatov                                                                                                                                                                                                                                            ,TUT
1141,ENSC    ,351,BURNABY   ,21,21,William Scratchley                                                                                                                                                                                                                                        ,TUT
1087,CMNS    ,880,BURNABY   ,15,6,<null>,SEC
1094,CMPT    ,897,BURNABY   ,50,8,<null>,SEC
1084,KIN     ,431,BURNABY   ,18,13,<null>,TUT
1124,ENSC    ,332,SURREY    ,30,0,<null>,LAB
1081,CMNS    ,130W      ,BURNABY   ,0,0,<null>,TUT
1121,CMPT    ,120,SURREY    ,0,0,<null>,LAB
1107,ENSC    ,215,BURNABY   ,44,0,<null>,LEC
1177,MATH    ,846,BURNABY   ,15,7,Petr Lisonek                                                                                                                                                                                                                                              ,TUT
1154,MSE     ,411,SURREY    ,100,66,Flavio Firmani                                                                                                                                                                                                                                            ,SEM
1177,ENSC    ,324,BURNABY   ,140,132,Marek Syrzycki                                                                                                                                                                                                                                            ,RQL
1154,MSE     ,405W      ,SURREY    ,40,0,Maureen Hindy                                                                                                                                                                                                                                             ,TUT
1174,MSE     ,404,SURREY    ,40,18,Amr Marzouk                                                                                                                                                                                                                                               ,LEC
1167,ENSC    ,251,BURNABY   ,48,39,William Scratchley                                                                                                                                                                                                                                        ,LAB
1167,ENSC    ,251,BURNABY   ,48,46,William Scratchley                                                                                                                                                                                                                                        ,LAB
1167,MSE     ,110,SURREY    ,90,70,Amr Marzouk                                                                                                                                                                                                                                               ,LEC
1167,MSE     ,320,SURREY    ,90,91,Krishna Vijayaraghavan                                                                                                                                                                                                                                    ,TUT
1141,CMPT    ,130,SURREY    ,21,21,John Edgar                                                                                                                                                                                                                                                ,LAB
1167,CMPT    ,166,SURREY    ,26,26,Toby Donaldson                                                                                                                                                                                                                                            ,LAB
1177,CMPT    ,166,SURREY    ,24,24,Karol Swietlicki                                                                                                                                                                                                                                          ,LAB
1154,CMPT    ,166,SURREY    ,26,25,Toby Donaldson                                                                                                                                                                                                                                            ,LAB
1161,CMPT    ,626,METRO     ,30,6,Harriet Chicoine                                                                                                                                                                                                                                          ,PRA
1134,CMPT    ,626,OFF       ,5,1,Harriet Chicoine                                                                                                                                                                                                                                          ,PRA
1157,CMPT    ,626,METRO     ,30,0,Harriet Chicoine                                                                                                                                                                                                                                          ,PRA
1157,CMPT    ,626,OFF       ,15,0,Harriet Chicoine                                                                                                                                                                                                                                          ,PRA
1181,ENSC    ,702,VAN       ,5,3,Harriet Chicoine                                                                                                                                                                                                                                          ,PRA
1154,ENSC    ,701,OFF       ,10,1,Harriet Chicoine                                                                                                                                                                                                                                          ,PRA
1177,ENSC    ,702,OFF       ,5,0,Harriet Chicoine                                                                                                                                                                                                                                          ,PRA
1147,ENSC    ,252,BURNABY   ,41,42,Lakshman One                                                                                                                                                                                                                                              ,LAB
1164,MSE     ,725,SURREY    ,5,0,Woo Soo Kim                                                                                                                                                                                                                                               ,LEC
1151,ENSC    ,180,BURNABY   ,300,281,Ivan Bajic                                                                                                                                                                                                                                                ,LEC
1161,ENSC    ,180,BURNABY   ,318,282,William Scratchley                                                                                                                                                                                                                                        ,LAB
1171,CMPT    ,127,BURNABY   ,64,64,Anne Lavergne                                                                                                                                                                                                                                             ,LAB
1137,MSE     ,391,SURREY    ,90,78,Amr Marzouk                                                                                                                                                                                                                                               ,SEM
1181,MSE     ,193,METRO     ,10,1,Stephanie DeRapp                                                                                                                                                                                                                                          ,SEC
1151,MACM    ,401,BURNABY   ,25,19,Michael Monagan                                                                                                                                                                                                                                           ,LEC
1181,MACM    ,101,BURNABY   ,192,171,Binay Bhattacharya                                                                                                                                                                                                                                        ,LEC
1094,MATH    ,308,BURNABY   ,96,48,Jan Manuch                                                                                                                                                                                                                                                ,LEC
1181,MATH    ,158,BURNABY   ,326,275,Michael Monagan                                                                                                                                                                                                                                           ,LEC
1177,MATH    ,437,METRO     ,20,0,Stuart Billings                                                                                                                                                                                                                                           ,SEC
1117,MATH    ,436,BURNABY   ,20,1,Faye Stefan                                                                                                                                                                                                                                               ,SEC
1107,MATH    ,418,BURNABY   ,30,13,David Muraki                                                                                                                                                                                                                                              ,LEC
1137,MATH    ,322,BURNABY   ,72,66,Marni Mishna                                                                                                                                                                                                                                              ,LEC
1161,MATH    ,895,BURNABY   ,6,2,"JF Williams, Sandy Rutherford                                                                                                                                                                                                                             ",SEC
1124,MATH    ,895,BURNABY   ,5,0,. Faculty                                                                                                                                                                                                                                                 ,SEC
1154,MSE     ,353,SURREY    ,120,105,Jiacheng Wang                                                                                                                                                                                                                                             ,TUT
1171,CMPT    ,127,BURNABY   ,64,64,Anne Lavergne                                                                                                                                                                                                                                             ,LAB
1144,MSE     ,425,SURREY    ,60,39,Woo Soo Kim                                                                                                                                                                                                                                               ,TUT
1164,MSE     ,711,SURREY    ,1,0,Mohammad Amin Rasouli                                                                                                                                                                                                                                     ,LAB
1164,MSE     ,711,SURREY    ,1,0,Mohammad Amin Rasouli                                                                                                                                                                                                                                     ,LAB
1144,MSE     ,722,SURREY    ,10,9,Erik Kjeang                                                                                                                                                                                                                                               ,TUT
1144,MSE     ,725,SURREY    ,10,6,Woo Soo Kim                                                                                                                                                                                                                                               ,LEC
1147,ENSC    ,120,BURNABY   ,30,30,Meenakshinathan Parameswaran                                                                                                                                                                                                                              ,LAB
1164,MSE     ,311,SURREY    ,23,22,Mohammad Amin Rasouli                                                                                                                                                                                                                                     ,LAB
1134,MSE     ,311,SURREY    ,21,16,Behraad Bahreyni                                                                                                                                                                                                                                          ,LAB
1131,CMPT    ,627,METRO     ,30,0,Harriet Chicoine                                                                                                                                                                                                                                          ,PRA
1131,CMPT    ,627,OFF       ,0,0,Harriet Chicoine                                                                                                                                                                                                                                          ,PRA
1164,CMPT    ,627,METRO     ,15,0,Harriet Chicoine                                                                                                                                                                                                                                          ,PRA
1144,MATH    ,381W      ,SUR       ,25,12,JF Williams                                                                                                                                                                                                                                               ,SEM
1121,ENSC    ,808,BURNABY   ,30,7,Ivan Bajic                                                                                                                                                                                                                                                ,LEC
1087,ENSC    ,893,SURREY    ,15,6,Siamak Arzanpour                                                                                                                                                                                                                                          ,LEC
1114,ENSC    ,893,SURREY    ,15,2,Carolyn Sparrey                                                                                                                                                                                                                                           ,LEC
1127,CMPT    ,711,BURNABY   ,15,12,Suleyman Sahinalp                                                                                                                                                                                                                                         ,LEC
1107,MACM    ,101,BURNABY   ,0,0,<null>,TUT
1137,CMPT    ,726,BURNABY   ,65,56,Gregory Mori                                                                                                                                                                                                                                              ,LEC
1181,CMPT    ,276,BURNABY   ,80,79,Steven Pearce                                                                                                                                                                                                                                             ,LEC
1171,MSE     ,102,SURREY    ,120,81,Bruce Fingarson                                                                                                                                                                                                                                           ,TUT
1154,MSE     ,312,SURREY    ,96,87,"Farid Golnaraghi, Krishna Vijayaraghavan, Mehrdad Moallem, Siamak Arzanpour                                                                                                                                                                               ",TUT
1141,MSE     ,223,SURREY    ,57,47,Majid Bahrami                                                                                                                                                                                                                                             ,LAB
1134,MSE     ,312,SURREY    ,18,35,"Farid Golnaraghi, Krishna Vijayaraghavan, Mehrdad Moallem, Siamak Arzanpour                                                                                                                                                                               ",LAB
1167,MSE     ,221,SURREY    ,31,29,Gary Wang                                                                                                                                                                                                                                                 ,LAB
1174,MSE     ,381,SURREY    ,110,93,Siamak Arzanpour                                                                                                                                                                                                                                          ,TUT
1147,MSE     ,101W      ,SURREY    ,72,45,Maureen Hindy                                                                                                                                                                                                                                             ,LEC
1147,MSE     ,250,SURREY    ,114,99,Mohammad Narimani                                                                                                                                                                                                                                         ,LEC
1157,MSE     ,250,SURREY    ,108,114,Ahmad Rad                                                                                                                                                                                                                                                 ,LEC
1147,MSE     ,293,OFF       ,25,6,Stephanie DeRapp                                                                                                                                                                                                                                          ,SEC
1124,MATH    ,895,BURNABY   ,6,0,. Faculty                                                                                                                                                                                                                                                 ,SEC
1134,ENSC    ,897,BURNABY   ,3,0,<null>,SEC
1094,REM     ,664,BURNABY   ,10,8,. Faculty                                                                                                                                                                                                                                                 ,SEC
1181,MSE     ,489,SURREY    ,5,0,<null>,SEM
1144,MSE     ,894,SURREY    ,10,5,<null>,TUT
1161,MSE     ,489,SURREY    ,5,0,<null>,SEM
1081,CMNS    ,130W      ,BURNABY   ,16,15,<null>,TUT
1091,CMNS    ,130W      ,BURNABY   ,16,16,<null>,TUT
1087,CMNS    ,130W      ,BURNABY   ,16,15,<null>,TUT
1107,ENSC    ,382,SURREY    ,66,44,<null>,LAB
1081,CMNS    ,304W      ,BURNABY   ,15,13,<null>,TUT
1124,MATH    ,880,BURNABY   ,3,0,<null>,SEC
1114,ENSC    ,383,SURREY    ,30,21,<null>,LAB
1114,ENSC    ,383,SURREY    ,30,13,<null>,LAB
1131,ENSC    ,196,BURNABY   ,20,8,<null>,SEC
1137,ENSC    ,400,BURNABY   ,5,2,<null>,SEC
1111,ENSC    ,380,SURREY    ,55,52,<null>,OPL
1111,ENSC    ,380,SURREY    ,25,13,<null>,OPL
1117,ENSC    ,100,BURNABY   ,1,1,<null>,TUT
1117,ENSC    ,100,BURNABY   ,2,3,<null>,TUT
1117,ENSC    ,100,BURNABY   ,2,1,<null>,TUT
1107,ENSC    ,426,BURNABY   ,1,0,<null>,OPL
1117,ENSC    ,196,BURNABY   ,25,14,<null>,SEC
1111,ENSC    ,406,BURNABY   ,17,16,<null>,TUT
1151,ENSC    ,491,BURNABY   ,2,0,<null>,SEC
1094,KIN     ,431,BURNABY   ,18,17,<null>,TUT
1111,MATH    ,314,BURNABY   ,32,0,<null>,TUT
1151,MSE     ,402,SURREY    ,110,103,Maureen Hindy                                                                                                                                                                                                                                             ,LEC
1134,MSE     ,893,SURREY    ,10,7,Carolyn Sparrey                                                                                                                                                                                                                                           ,LEC
1144,MSE     ,294,OFF       ,25,0,Harriet Chicoine                                                                                                                                                                                                                                          ,SEC
1154,MSE     ,294,OFF       ,50,0,Stephanie DeRapp                                                                                                                                                                                                                                          ,SEC
1141,MSE     ,410,SURREY    ,72,57,Farid Golnaraghi                                                                                                                                                                                                                                          ,SEM
1151,MSE     ,393,SURREY    ,10,21,Stephanie DeRapp                                                                                                                                                                                                                                          ,SEC
1161,MSE     ,410,SURREY    ,32,0,Farid Golnaraghi                                                                                                                                                                                                                                          ,OPL
1177,CMPT    ,130,SURREY    ,24,24,Toby Donaldson                                                                                                                                                                                                                                            ,LAB
1127,CMPT    ,130,SURREY    ,14,8,Brian Fraser                                                                                                                                                                                                                                              ,LAB
1181,MSE     ,410,SURREY    ,0,0,Flavio Firmani                                                                                                                                                                                                                                            ,OPL
1164,MSE     ,394,SURREY    ,30,7,Stephanie DeRapp                                                                                                                                                                                                                                          ,SEC
1174,MSE     ,394,SURREY    ,30,8,Stephanie DeRapp                                                                                                                                                                                                                                          ,SEC
1177,MSE     ,293,OFF       ,10,0,Stephanie DeRapp                                                                                                                                                                                                                                          ,SEC
1144,MSE     ,493,SURREY    ,20,12,Harriet Chicoine                                                                                                                                                                                                                                          ,SEC
1154,MSE     ,493,SURREY    ,20,14,Stephanie DeRapp                                                                                                                                                                                                                                          ,SEC
1174,MSE     ,493,OFF       ,1,0,Stephanie DeRapp                                                                                                                                                                                                                                          ,SEC
1154,MSE     ,490,SURREY    ,22,22,Jiacheng Wang                                                                                                                                                                                                                                             ,LAB
1161,MSE     ,494,OFF       ,10,4,Stephanie DeRapp                                                                                                                                                                                                                                          ,SEC
1134,MSE     ,492,SURREY    ,22,21,Krishna Vijayaraghavan                                                                                                                                                                                                                                    ,LAB
1177,MSE     ,494,OFF       ,10,1,Stephanie DeRapp                                                                                                                                                                                                                                          ,SEC
1157,MSE     ,293,SURREY    ,25,9,"Harriet Chicoine, Stephanie DeRapp                                                                                                                                                                                                                        ",SEC
1107,ENSC    ,104,SURREY    ,100,85,Neda Parnian                                                                                                                                                                                                                                              ,LEC
1141,CMPT    ,322W      ,SURREY    ,60,54,Harinder Khangura                                                                                                                                                                                                                                         ,LEC
1181,CMPT    ,431,SURREY    ,50,31,Arrvindh Shriraman                                                                                                                                                                                                                                        ,LEC
1107,MACM    ,101,BURNABY   ,0,0,<null>,TUT
1091,CMPT    ,170,SURREY    ,36,31,Toby Donaldson                                                                                                                                                                                                                                            ,LEC
1174,CMPT    ,276,BURNABY   ,85,85,Steven Pearce                                                                                                                                                                                                                                             ,LEC
1164,CMPT    ,373,SURREY    ,16,16,Brian Fraser                                                                                                                                                                                                                                              ,TUT
1091,CMPT    ,431,BURNABY   ,30,25,Alexandra Fedorova                                                                                                                                                                                                                                        ,LEC
1084,MATH    ,308,BURNABY   ,32,0,<null>,TUT
1144,CMPT    ,496,BURNABY   ,1,1,Gregory Baker                                                                                                                                                                                                                                             ,SEM
1134,MATH    ,895,BURNABY   ,5,0,<null>,SEC
1081,MATH    ,252,BURNABY   ,32,26,<null>,TUT
1174,CMPT    ,627,VAN       ,5,0,Harriet Chicoine                                                                                                                                                                                                                                          ,PRA
1174,CMPT    ,627,OFF       ,5,0,Harriet Chicoine                                                                                                                                                                                                                                          ,PRA
1104,DDP     ,310,OFF       ,30,6,Qianping Gu                                                                                                                                                                                                                                               ,SEC
1097,ENSC    ,281,SURREY    ,72,71,Gary Wang                                                                                                                                                                                                                                                 ,TUT
1151,CMPT    ,464,BURNABY   ,15,12,Hao Zhang                                                                                                                                                                                                                                                 ,LEC
1111,MATH    ,155,BURNABY   ,60,0,<null>,OPL
1167,MATH    ,340,BURNABY   ,87,81,Imin Chen                                                                                                                                                                                                                                                 ,LEC
1117,ENSC    ,498,SURREY    ,2,0,<null>,SEC
1084,IAT     ,202,SURREY    ,24,26,Lorna Boschman                                                                                                                                                                                                                                            ,INS
1081,IAT     ,202,SURREY    ,23,0,Alexander Mateesco                                                                                                                                                                                                                                        ,STL
1114,CMPT    ,498,BURNABY   ,1,1,Gregory Mori                                                                                                                                                                                                                                              ,SEC
1157,MSE     ,352,SURREY    ,129,0,<null>,TUT
1151,MSE     ,390,SURREY    ,43,24,Flavio Firmani                                                                                                                                                                                                                                            ,LAB
1181,CMPT    ,135,SURREY    ,26,24,John Edgar                                                                                                                                                                                                                                                ,LAB
1177,MSE     ,110,SURREY    ,70,61,"Amr Marzouk, Mohammad Narimani                                                                                                                                                                                                                            ",LEC
1147,MSE     ,321,SURREY    ,120,103,Majid Bahrami                                                                                                                                                                                                                                             ,LEC
1137,CMPT    ,130,SURREY    ,148,125,Brian Fraser                                                                                                                                                                                                                                              ,LEC
1154,CMPT    ,130,SURREY    ,35,33,Brian Fraser                                                                                                                                                                                                                                              ,LEC
1154,CMPT    ,166,SURREY    ,78,75,Toby Donaldson                                                                                                                                                                                                                                            ,LEC
1167,CMPT    ,628,METRO     ,30,2,Harriet Chicoine                                                                                                                                                                                                                                          ,PRA
1151,CMPT    ,166,SURREY    ,25,25,Toby Donaldson                                                                                                                                                                                                                                            ,LAB
1137,CMPT    ,166,SURREY    ,26,25,John Edgar                                                                                                                                                                                                                                                ,LAB
1167,CMPT    ,477,BURNABY   ,40,18,Evgenia Ternovska                                                                                                                                                                                                                                         ,LEC
1137,MATH    ,348,SURREY    ,34,25,Scott Pai                                                                                                                                                                                                                                                 ,LEC
1091,IAT     ,486,SURREY    ,1,6,Jim Bizzocchi                                                                                                                                                                                                                                             ,LEC
1151,ENSC    ,350,BURNABY   ,90,0,<null>,TUT
1127,ENSC    ,328,BURNABY   ,5,1,Jie Liang                                                                                                                                                                                                                                                 ,LEC
1081,ENSC    ,370,BURNABY   ,25,13,Andrew Rawicz                                                                                                                                                                                                                                             ,SEM
1091,ENSC    ,370,BURNABY   ,20,5,Andrew Rawicz                                                                                                                                                                                                                                             ,SEM
1117,ENSC    ,472,BURNABY   ,20,5,"Andrew Rawicz, Stephen Robinovitch                                                                                                                                                                                                                        ",LAB
1091,IAT     ,333,SURREY    ,24,23,"James Budd, Ronald Wakkary                                                                                                                                                                                                                                ",STL
1151,MATH    ,740,BURNABY   ,10,2,Nathan Ilten                                                                                                                                                                                                                                              ,LEC
1117,ENSC    ,381,SURREY    ,90,55,Ahmad Rad                                                                                                                                                                                                                                                 ,LEC
1124,ENSC    ,384,SURREY    ,100,57,"Farid Golnaraghi, Krishna Vijayaraghavan, Mehrdad Moallem, Siamak Arzanpour                                                                                                                                                                               ",LEC
1137,MACM    ,442,BURNABY   ,30,8,Petr Lisonek                                                                                                                                                                                                                                              ,LEC
1131,ENSC    ,474,BURNABY   ,20,16,Parvaneh Saeedi                                                                                                                                                                                                                                           ,LEC
1151,MATH    ,232,SURREY    ,60,0,<null>,OPL
1081,MATH    ,152,SURREY    ,0,0,<null>,OPL
1087,MATH    ,150,SURREY    ,60,54,Youssef Qranfal                                                                                                                                                                                                                                           ,LEC
1127,ENSC    ,100W      ,BURNABY   ,5,5,. Faculty                                                                                                                                                                                                                                                 ,TUT
1127,ENSC    ,100W      ,BURNABY   ,150,176,John Jones                                                                                                                                                                                                                                                ,LEC
1167,ENSC    ,100W      ,BURNABY   ,9,8,Michael Sjoerdsma                                                                                                                                                                                                                                         ,LAB
1097,ENSC    ,305W      ,BURNABY   ,50,22,Stephen Whitmore                                                                                                                                                                                                                                          ,LEC
1081,KIN     ,885,BURNABY   ,25,0,<null>,SEC
1091,IAT     ,100,SURREY    ,24,27,Patrick Chan                                                                                                                                                                                                                                              ,STL
1181,CMPT    ,626,METRO     ,30,4,Harriet Chicoine                                                                                                                                                                                                                                          ,PRA
1087,IAT     ,490,SURREY    ,2,2,Russell Taylor                                                                                                                                                                                                                                            ,LEC
1141,ENSC    ,474,BURNABY   ,35,0,Mirza Beg                                                                                                                                                                                                                                                 ,OPL
1091,IAT     ,352,SURREY    ,48,46,Yingchen Yang                                                                                                                                                                                                                                             ,LEC
1091,IAT     ,352,SURREY    ,24,26,Yingchen Yang                                                                                                                                                                                                                                             ,LAB
1121,MATH    ,882,BURNABY   ,10,1,Nilima Nigam                                                                                                                                                                                                                                              ,SEC
1091,MATH    ,495,BURNABY   ,25,11,Paul Tupper                                                                                                                                                                                                                                               ,LEC
1181,ENSC    ,895,BURNABY   ,6,8,Bernhard Rabus                                                                                                                                                                                                                                            ,LAB
1171,ENSC    ,895,BURNABY   ,5,2,Peter Hallschmid                                                                                                                                                                                                                                          ,LAB
1177,ENSC    ,895,BURNABY   ,10,9,"Marinko Sarunic, Teresa Cheung                                                                                                                                                                                                                            ",LEC
1111,MATH    ,761,BURNABY   ,15,4,JF Williams                                                                                                                                                                                                                                               ,LEC
1181,MATH    ,762,BURNABY   ,5,3,Mary Catherine Kropinski                                                                                                                                                                                                                                  ,LEC
1171,MATH    ,767,BURNABY   ,10,3,Steven Ruuth                                                                                                                                                                                                                                              ,LEC
1117,MATH    ,817,BURNABY   ,20,12,Jason Bell                                                                                                                                                                                                                                                ,LEC
1167,MATH    ,818,BURNABY   ,25,7,Nils Bruin                                                                                                                                                                                                                                                ,LEC
1091,IAT     ,899,SURREY    ,35,32,. TBD                                                                                                                                                                                                                                                     ,SEC
1124,MATH    ,398,BURNABY   ,2,2,Matthew DeVos                                                                                                                                                                                                                                             ,SEM
1091,KIN     ,885,BURNABY   ,25,0,<null>,SEC
1087,IAT     ,201,SURREY    ,180,180,"Bernhard Riecke, Helmine Serban                                                                                                                                                                                                                           ",LEC
1087,IAT     ,201,SURREY    ,45,45,"Bernhard Riecke, Helmine Serban                                                                                                                                                                                                                           ",TUT
1087,IAT     ,244,SURREY    ,24,23,Michael Filimowicz                                                                                                                                                                                                                                        ,LAB
1091,IAT     ,100,SURREY    ,24,24,Jack Stockholm III                                                                                                                                                                                                                                        ,STL
1087,IAT     ,208,SURREY    ,27,29,Kenneth Zupan                                                                                                                                                                                                                                             ,STL
1124,CMPT    ,418,BURNABY   ,9,8,Robert Hadley                                                                                                                                                                                                                                             ,LEC
1097,CMPT    ,126,BURNABY   ,78,42,Michael Evans                                                                                                                                                                                                                                             ,LEC
1107,CMPT    ,128,BURNABY   ,26,25,Janice Regan                                                                                                                                                                                                                                              ,LAB
1124,CMPT    ,128,SURREY    ,8,8,Brian Fraser                                                                                                                                                                                                                                              ,LAB
1124,CMPT    ,128,SURREY    ,2,2,Brian Fraser                                                                                                                                                                                                                                              ,LAB
1164,CMPT    ,120,BURNABY   ,26,23,Diana Cukierman                                                                                                                                                                                                                                           ,LAB
1141,CMPT    ,125,BURNABY   ,32,33,Bradley Bart                                                                                                                                                                                                                                              ,LAB
1114,ENSC    ,896,BURNABY   ,5,0,. Faculty                                                                                                                                                                                                                                                 ,SEC
1121,ENSC    ,283,SURREY    ,96,92,Peyman zzzTaheri Bonab                                                                                                                                                                                                                                    ,LEC
1087,IAT     ,334,SURREY    ,24,24,Victoria Moulder                                                                                                                                                                                                                                          ,LAB
1081,IAT     ,337,SURREY    ,24,24,Halil Erhan                                                                                                                                                                                                                                               ,LAB
1091,IAT     ,235,SURREY    ,24,23,. TBD                                                                                                                                                                                                                                                     ,STL
1104,CMPT    ,882,BURNABY   ,20,9,Veronica Dahl                                                                                                                                                                                                                                             ,LEC
1151,CMPT    ,882,BURNABY   ,10,8,Anoop Sarkar                                                                                                                                                                                                                                              ,LEC
1121,ENSC    ,462,SURREY    ,30,13,Gary Wang                                                                                                                                                                                                                                                 ,LEC
1124,ENSC    ,462,SURREY    ,40,17,Woo Soo Kim                                                                                                                                                                                                                                               ,TUT
1157,ENSC    ,802,BURNABY   ,50,0,<null>,LEC
1137,MATH    ,232,SURREY    ,48,0,<null>,OPL
1181,ENSC    ,701,VAN       ,5,6,Harriet Chicoine                                                                                                                                                                                                                                          ,PRA
1144,MSE     ,425,SURREY    ,30,15,Woo Soo Kim                                                                                                                                                                                                                                               ,LAB
1177,ENSC    ,895,BURNABY   ,58,33,Ivan Bajic                                                                                                                                                                                                                                                ,LEC
1081,IAT     ,343,SURREY    ,24,0,<null>,STL
1091,CMNS    ,240,BURNABY   ,90,95,Abu Jafar Md Shafiul A Bhuiyan                                                                                                                                                                                                                            ,LEC
1091,CMNS    ,221,SURREY    ,100,102,Stuart Poyntz                                                                                                                                                                                                                                             ,LEC
1177,ENSC    ,120,BURNABY   ,30,30,Atousa Hajshirmohammadi                                                                                                                                                                                                                                   ,LAB
1177,ENSC    ,120,BURNABY   ,30,0,Atousa Hajshirmohammadi                                                                                                                                                                                                                                   ,LAB
1171,MSE     ,426,SURREY    ,83,71,Gary Wang                                                                                                                                                                                                                                                 ,LEC
1164,MSE     ,425,SURREY    ,42,33,Woo Soo Kim                                                                                                                                                                                                                                               ,LEC
1157,MSE     ,250,SURREY    ,36,38,Ahmad Rad                                                                                                                                                                                                                                                 ,LAB
1134,MSE     ,411W      ,SURREY    ,92,72,"Farid Golnaraghi, Maureen Hindy                                                                                                                                                                                                                           ",TUT
1151,MSE     ,210,SURREY    ,43,24,Flavio Firmani                                                                                                                                                                                                                                            ,LAB
1111,MATH    ,800,BURNABY   ,25,6,Bojan Mohar                                                                                                                                                                                                                                               ,LEC
1171,CMPT    ,129,BURNABY   ,25,0,Janice Regan                                                                                                                                                                                                                                              ,LAB
1161,ENSC    ,475,BURNABY   ,25,17,Bonnie Gray                                                                                                                                                                                                                                               ,RQL
1171,ENSC    ,475,BURNABY   ,24,24,Bonnie Gray                                                                                                                                                                                                                                               ,RQL
1157,ENSC    ,701,OFF       ,5,1,Harriet Chicoine                                                                                                                                                                                                                                          ,PRA
1141,MSE     ,410,SURREY    ,24,0,Farid Golnaraghi                                                                                                                                                                                                                                          ,LAB
1137,MSE     ,293,SURREY    ,25,6,Harriet Chicoine                                                                                                                                                                                                                                          ,SEC
1144,MSE     ,494,SURREY    ,50,1,Harriet Chicoine                                                                                                                                                                                                                                          ,SEC
1154,MSE     ,300,SURREY    ,0,0,Kevin Oldknow                                                                                                                                                                                                                                             ,TUT
1171,CMPT    ,166,SURREY    ,96,79,Karol Swietlicki                                                                                                                                                                                                                                          ,LEC
1171,MSE     ,210,SURREY    ,84,78,Flavio Firmani                                                                                                                                                                                                                                            ,LEC
1154,MSE     ,411W      ,SURREY    ,33,0,Flavio Firmani                                                                                                                                                                                                                                            ,LAB
1157,MSE     ,221,SURREY    ,112,111,Flavio Firmani                                                                                                                                                                                                                                            ,TUT
1087,CMNS    ,438,BURNABY   ,10,0,. Faculty                                                                                                                                                                                                                                                 ,SEC
1137,MSE     ,293,OFF       ,10,3,Harriet Chicoine                                                                                                                                                                                                                                          ,SEC
1137,MSE     ,494,SURREY    ,10,2,Harriet Chicoine                                                                                                                                                                                                                                          ,SEC
1144,MSE     ,494,OFF       ,25,0,Harriet Chicoine                                                                                                                                                                                                                                          ,SEC
1091,CMNS    ,489,OFF       ,5,0,. Faculty                                                                                                                                                                                                                                                 ,SEC
1161,CMPT    ,213,SURREY    ,60,54,Karol Swietlicki                                                                                                                                                                                                                                          ,LEC
1181,CMPT    ,165,SURREY    ,96,36,". Faculty, Sayyedhassan Shavarani                                                                                                                                                                                                                         ",LEC
1087,CMNS    ,494,BURNABY   ,25,19,Marcia Shimizu                                                                                                                                                                                                                                            ,PRA
1137,CMPT    ,305,BURNABY   ,65,27,Joseph Peters                                                                                                                                                                                                                                             ,LEC
1134,CMPT    ,212,BURNABY   ,55,46,Hong Ying (Amy) Gu                                                                                                                                                                                                                                        ,LEC
1111,CMPT    ,363,BURNABY   ,75,75,Arthur Kirkpatrick                                                                                                                                                                                                                                        ,LEC
1167,CMPT    ,363,HRBRCNTR  ,85,85,Paul Hibbitts                                                                                                                                                                                                                                             ,LEC
1144,CMPT    ,428,VAN       ,30,31,Harriet Chicoine                                                                                                                                                                                                                                          ,SEC
1111,CMPT    ,428,OFF       ,5,4,Harriet Chicoine                                                                                                                                                                                                                                          ,SEC
1111,CMPT    ,428,SURREY    ,5,3,"Frances McLafferty, Navinder Chima                                                                                                                                                                                                                        ",SEC
1144,CMPT    ,428,VAN       ,5,4,Harriet Chicoine                                                                                                                                                                                                                                          ,SEC
1154,CMPT    ,428,OFF       ,5,3,Harriet Chicoine                                                                                                                                                                                                                                          ,SEC
1171,CMPT    ,130,SURREY    ,24,1,John Edgar                                                                                                                                                                                                                                                ,LAB
1117,ENSC    ,494,SURREY    ,5,0,<null>,SEC
1121,ENSC    ,494,BURNABY   ,10,0,<null>,SEC
1121,ENSC    ,893,SURREY    ,15,9,Majid Bahrami                                                                                                                                                                                                                                             ,LEC
1157,CMPT    ,721,BURNABY   ,20,6,James Delgrande                                                                                                                                                                                                                                           ,LEC
1124,ENSC    ,224,BURNABY   ,112,103,Meenakshinathan Parameswaran                                                                                                                                                                                                                              ,LEC
1174,ENSC    ,264,BURNABY   ,5,3,Peter Hallschmid                                                                                                                                                                                                                                          ,LAB
1147,ENSC    ,264,BURNABY   ,0,0,Lakshman One                                                                                                                                                                                                                                              ,LAB
1154,ENSC    ,225,BURNABY   ,155,149,Meenakshinathan Parameswaran                                                                                                                                                                                                                              ,LEC
1174,ENSC    ,263,BURNABY   ,7,3,William Scratchley                                                                                                                                                                                                                                        ,LEC
1144,ENSC    ,195,BURNABY   ,25,25,Harriet Chicoine                                                                                                                                                                                                                                          ,SEC
1167,ENSC    ,194,BURNABY   ,10,0,Harriet Chicoine                                                                                                                                                                                                                                          ,SEC
1151,CMPT    ,126,BURNABY   ,25,17,Diana Cukierman                                                                                                                                                                                                                                           ,LAB
1087,CMPT    ,126,BURNABY   ,75,57,Anne Lavergne                                                                                                                                                                                                                                             ,LEC
1107,CMPT    ,128,BURNABY   ,26,26,Janice Regan                                                                                                                                                                                                                                              ,LAB
1094,CMPT    ,128,SURREY    ,48,44,Toby Donaldson                                                                                                                                                                                                                                            ,LEC
1094,CMPT    ,120,BURNABY   ,26,26,Steven Pearce                                                                                                                                                                                                                                             ,LAB
1144,CMPT    ,880,BURNABY   ,30,15,Robert Geigerich                                                                                                                                                                                                                                          ,LEC
1137,MATH    ,800,BURNABY   ,25,7,Karen Yeats                                                                                                                                                                                                                                               ,LEC
1137,MATH    ,304,BURNABY   ,25,25,<null>,TUT
1117,ENSC    ,388,SURREY    ,30,29,<null>,LAB
1107,ENSC    ,388,SURREY    ,22,21,<null>,LAB
1147,ENSC    ,100W      ,BURNABY   ,262,262,John Jones                                                                                                                                                                                                                                                ,LEC
1087,CMNS    ,322,HRBRCNTR  ,18,18,<null>,TUT
1144,MATH    ,719,BURNABY   ,10,2,Paul Tupper                                                                                                                                                                                                                                               ,LEC
1164,CMPT    ,165,SURREY    ,24,22,Harinder Khangura                                                                                                                                                                                                                                         ,LAB
1164,CMPT    ,165,SURREY    ,24,19,Harinder Khangura                                                                                                                                                                                                                                         ,LAB
1124,CMPT    ,150,BURNABY   ,26,26,Bobby Chan                                                                                                                                                                                                                                                ,LAB
1117,CMPT    ,150,BURNABY   ,20,14,Bradley Bart                                                                                                                                                                                                                                              ,LAB
1131,CMPT    ,150,SURREY    ,0,0,Louis Hafer                                                                                                                                                                                                                                               ,LAB
1121,CMPT    ,150,BURNABY   ,26,24,Anthony Dixon                                                                                                                                                                                                                                             ,LAB
1121,CMPT    ,150,SURREY    ,40,39,Louis Hafer                                                                                                                                                                                                                                               ,LEC
1081,CMPT    ,275,SURREY    ,48,24,Toby Donaldson                                                                                                                                                                                                                                            ,LEC
1154,CMPT    ,626,OFF       ,5,3,Harriet Chicoine                                                                                                                                                                                                                                          ,PRA
1174,CMPT    ,166,SURREY    ,26,25,Harinder Khangura                                                                                                                                                                                                                                         ,LAB
1161,CMPT    ,426,METRO     ,15,4,Harriet Chicoine                                                                                                                                                                                                                                          ,SEC
1124,CMPT    ,426,METRO     ,30,8,Frances McLafferty                                                                                                                                                                                                                                        ,SEC
1171,CMPT    ,426,OFF       ,20,2,Harriet Chicoine                                                                                                                                                                                                                                          ,SEC
1091,CMPT    ,411,BURNABY   ,20,15,James Delgrande                                                                                                                                                                                                                                           ,LEC
1104,CMPT    ,405,BURNABY   ,20,14,Petra Berenbrink                                                                                                                                                                                                                                          ,LEC
1147,MACM    ,204,BURNABY   ,22,7,Michael Monagan                                                                                                                                                                                                                                           ,LAB
1081,CMPT    ,401,BURNABY   ,30,26,Alexandra Fedorova                                                                                                                                                                                                                                        ,LEC
1087,CMPT    ,383,BURNABY   ,30,25,Frank Burton                                                                                                                                                                                                                                              ,LEC
1087,CMPT    ,371,BURNABY   ,50,51,Jiangchuan Liu                                                                                                                                                                                                                                            ,LEC
1171,CHIN    ,281,BURNABY   ,8,5,Cynthia Xie                                                                                                                                                                                                                                               ,SEM
1147,ENSC    ,383,BURNABY   ,50,43,Carlo Menon                                                                                                                                                                                                                                               ,LEC
1104,ENSC    ,320,BURNABY   ,32,30,John Bird                                                                                                                                                                                                                                                 ,TUT
1164,ENSC    ,429,BURNABY   ,35,28,Daniel Lee                                                                                                                                                                                                                                                ,LEC
1164,ENSC    ,320,BURNABY   ,140,136,Parvaneh Saeedi                                                                                                                                                                                                                                           ,RQL
1121,ENSC    ,801,BURNABY   ,40,20,Carlo Menon                                                                                                                                                                                                                                               ,LEC
1091,ENSC    ,832,BURNABY   ,25,8,Daniel Lee                                                                                                                                                                                                                                                ,SEM
1107,ENSC    ,488,BURNABY   ,36,34,Kamal Gupta                                                                                                                                                                                                                                               ,LEC
1147,ENSC    ,488,BURNABY   ,45,39,Shahram Payandeh                                                                                                                                                                                                                                          ,TUT
1154,ENSC    ,396,BURNABY   ,10,2,Harriet Chicoine                                                                                                                                                                                                                                          ,SEC
1137,ENSC    ,396,OFF       ,25,1,Harriet Chicoine                                                                                                                                                                                                                                          ,SEC
1084,IAT     ,871,SURREY    ,1,1,"John Dill, Thomas Calvert                                                                                                                                                                                                                                 ",SEM
1124,ENSC    ,224,BURNABY   ,112,103,<null>,TUT
1174,MATH    ,342,BURNABY   ,32,0,<null>,TUT
1091,IAT     ,208,SURREY    ,27,25,Kenneth Zupan                                                                                                                                                                                                                                             ,STL
1111,CMPT    ,128,SURREY    ,25,25,John Edgar                                                                                                                                                                                                                                                ,LAB
1167,CMPT    ,128,BURNABY   ,26,26,Janice Regan                                                                                                                                                                                                                                              ,LAB
1167,CMPT    ,128,BURNABY   ,26,25,Janice Regan                                                                                                                                                                                                                                              ,LAB
1157,MATH    ,345,BURNABY   ,27,12,Cedric Chauve                                                                                                                                                                                                                                             ,LEC
1087,CMPT    ,765,BURNABY   ,22,12,Ayse Ergun                                                                                                                                                                                                                                                ,LEC
1084,ENSC    ,896,BURNABY   ,50,2,. Faculty                                                                                                                                                                                                                                                 ,SEC
1081,KIN     ,111,BURNABY   ,50,49,. Sessional                                                                                                                                                                                                                                               ,LEC
1157,ENSC    ,895,BURNABY   ,8,5,"Marinko Sarunic, Teresa Cheung                                                                                                                                                                                                                            ",LAB
1137,CMPT    ,626,METRO     ,30,3,Harriet Chicoine                                                                                                                                                                                                                                          ,PRA
1171,CMPT    ,426,OFF       ,15,6,Harriet Chicoine                                                                                                                                                                                                                                          ,SEC
1174,CMPT    ,379,BURNABY   ,85,80,Apala Guha                                                                                                                                                                                                                                                ,LEC
1177,CMPT    ,825,OFF       ,0,8,Anoop Sarkar                                                                                                                                                                                                                                              ,LEC
1107,CMPT    ,822,BURNABY   ,15,10,Brian Funt                                                                                                                                                                                                                                                ,LEC
1141,CMPT    ,454,BURNABY   ,45,40,Wo-Shun Luk                                                                                                                                                                                                                                               ,LEC
1147,CMPT    ,894,BURNABY   ,0,4,. Faculty                                                                                                                                                                                                                                                 ,SEC
1141,CMPT    ,276,SURREY    ,50,47,Brian Fraser                                                                                                                                                                                                                                              ,LEC
1151,CMPT    ,276,SURREY    ,65,59,William Sumner                                                                                                                                                                                                                                            ,LEC
1091,TECH    ,124,SURREY    ,48,41,Joel Flynn                                                                                                                                                                                                                                                ,LAB
1141,CMPT    ,454,SURREY    ,70,63,John Edgar                                                                                                                                                                                                                                                ,LEC
1171,CMPT    ,894,BURNABY   ,1,1,Martin Ester                                                                                                                                                                                                                                              ,SEC
1137,CMPT    ,898,BURNABY   ,130,64,. Faculty                                                                                                                                                                                                                                                 ,SEC
1151,CHIN    ,191,BURNABY   ,25,17,Cynthia Xie                                                                                                                                                                                                                                               ,TUT
1117,ENSC    ,328,BURNABY   ,10,0,Paul Ho                                                                                                                                                                                                                                                   ,TUT
1121,ENSC    ,476,BURNABY   ,20,10,Marinko Sarunic                                                                                                                                                                                                                                           ,TUT
1141,MSE     ,490,SURREY    ,40,27,<null>,TUT
1134,MATH    ,338,BURNABY   ,32,12,<null>,TUT
1091,CMNS    ,253W      ,HRBRCNTR  ,16,16,<null>,LAB
1161,MATH    ,879,BURNABY   ,6,1,<null>,SEC
1157,ENSC    ,100W      ,BURNABY   ,8,7,<null>,LAB
1157,ENSC    ,100W      ,BURNABY   ,8,8,<null>,LAB
1157,ENSC    ,100W      ,BURNABY   ,8,8,<null>,LAB
1091,MATH    ,345,BURNABY   ,32,27,<null>,TUT
1081,IAT     ,801,SURREY    ,20,7,Ronald Wakkary                                                                                                                                                                                                                                            ,SEM
1114,ENSC    ,895,SURREY    ,3,1,<null>,LAB
1084,ENSC    ,892,BURNABY   ,30,0,. Faculty                                                                                                                                                                                                                                                 ,SEC
1117,ENSC    ,892,BURNABY   ,80,7,. Faculty                                                                                                                                                                                                                                                 ,SEC
1131,ENSC    ,892,SURREY    ,15,1,Farid Golnaraghi                                                                                                                                                                                                                                          ,SEC
1147,ENSC    ,100W      ,BURNABY   ,8,9,<null>,TUT
1144,MATH    ,398,BURNABY   ,20,2,Karen Yeats                                                                                                                                                                                                                                               ,SEM
1154,MATH    ,398,BURNABY   ,20,0,JF Williams                                                                                                                                                                                                                                               ,SEM
1114,ENSC    ,462,SURREY    ,40,6,<null>,TUT
1121,ENSC    ,462,SURREY    ,30,13,<null>,LAB
1147,CMPT    ,125,BURNABY   ,120,113,John Edgar                                                                                                                                                                                                                                                ,LEC
1171,CMPT    ,125,BURNABY   ,192,188,Bobby Chan                                                                                                                                                                                                                                                ,LEC
1181,CMPT    ,125,BURNABY   ,192,194,Bobby Chan                                                                                                                                                                                                                                                ,LEC
1161,ENSC    ,428,BURNABY   ,35,0,<null>,RQL
1131,ENSC    ,895,SURREY    ,15,11,Gary Wang                                                                                                                                                                                                                                                 ,LEC
1091,MATH    ,380W      ,BURNABY   ,25,0,<null>,TUT
1167,MACM    ,101,BURNABY   ,25,25,Andrei Bulatov                                                                                                                                                                                                                                            ,TUT
1177,MACM    ,101,BURNABY   ,25,25,Andrei Bulatov                                                                                                                                                                                                                                            ,TUT
1104,MACM    ,101,BURNABY   ,24,22,Binay Bhattacharya                                                                                                                                                                                                                                        ,TUT
1141,MACM    ,101,BURNABY   ,24,23,Binay Bhattacharya                                                                                                                                                                                                                                        ,TUT
1094,MATH    ,437,BURNABY   ,20,1,Faye Stefan                                                                                                                                                                                                                                               ,SEC
1131,MATH    ,437,BURNABY   ,20,0,Stuart Billings                                                                                                                                                                                                                                           ,SEC
1101,MACM    ,101,SURREY    ,98,94,Thomas Shermer                                                                                                                                                                                                                                            ,LEC
1111,MACM    ,101,BURNABY   ,150,148,Evgenia Ternovska                                                                                                                                                                                                                                         ,LEC
1137,MACM    ,101,SURREY    ,100,99,Kay Wiese                                                                                                                                                                                                                                                 ,LEC
1081,IAT     ,343,SURREY    ,24,24,Jay Page                                                                                                                                                                                                                                                  ,STL
1147,ENSC    ,264,BURNABY   ,3,2,Lakshman One                                                                                                                                                                                                                                              ,LAB
1164,ENSC    ,263,BURNABY   ,1,1,"Glenn Chapman, Marinko Sarunic                                                                                                                                                                                                                            ",SEC
1154,ENSC    ,263,BURNABY   ,5,0,Fabio Campi                                                                                                                                                                                                                                               ,LAB
1144,ENSC    ,220,BURNABY   ,33,33,Balbir Gill                                                                                                                                                                                                                                               ,LAB
1137,ENSC    ,195,BURNABY   ,35,29,Harriet Chicoine                                                                                                                                                                                                                                          ,SEC
1084,ENSC    ,380,BURNABY   ,50,45,Paul Ho                                                                                                                                                                                                                                                   ,LEC
1147,ENSC    ,481,BURNABY   ,32,33,Andrew Rawicz                                                                                                                                                                                                                                             ,LEC
1181,ENSC    ,350,BURNABY   ,133,110,Ameer Abdelhadi                                                                                                                                                                                                                                           ,TUT
1144,ENSC    ,320,BURNABY   ,100,93,John Bird                                                                                                                                                                                                                                                 ,LEC
1154,ENSC    ,396,OFF       ,10,0,Harriet Chicoine                                                                                                                                                                                                                                          ,SEC
1091,IAT     ,208,SURREY    ,27,28,Kenneth Zupan                                                                                                                                                                                                                                             ,STL
1091,CMNS    ,445,HRBRCNTR  ,25,16,Yuezhi Zhao                                                                                                                                                                                                                                               ,SEM
1101,CMPT    ,701,BURNABY   ,10,7,David Mitchell                                                                                                                                                                                                                                            ,LEC
1171,CMPT    ,880,BURNABY   ,45,48,Oliver Schulte                                                                                                                                                                                                                                            ,LEC
1081,CMPT    ,880,BURNABY   ,10,11,Ghassan Hamarneh                                                                                                                                                                                                                                          ,LEC
1081,CMPT    ,880,BURNABY   ,8,0,Evgenia Ternovska                                                                                                                                                                                                                                         ,LEC
1117,CMPT    ,882,BURNABY   ,20,13,Anoop Sarkar                                                                                                                                                                                                                                              ,LEC
1181,ENSC    ,462,BURNABY   ,4,0,Bernhard Rabus                                                                                                                                                                                                                                            ,LAB
1154,MSE     ,311,SURREY    ,30,0,<null>,LAB
1137,MSE     ,221,SURREY    ,0,0,<null>,LAB
1127,MATH    ,408,SURREY    ,20,0,<null>,LEC
1117,MATH    ,345,BURNABY   ,32,0,<null>,TUT
1111,CMPT    ,701,BURNABY   ,0,0,<null>,LEC
1111,MATH    ,155,BURNABY   ,150,122,Jessica McDonald                                                                                                                                                                                                                                          ,LEC
1121,ENSC    ,895,BURNABY   ,8,0,<null>,LEC
1137,ENSC    ,895,BURNABY   ,9,8,Marinko Sarunic                                                                                                                                                                                                                                           ,LAB
1091,KIN     ,111,BURNABY   ,55,55,. Sessional                                                                                                                                                                                                                                               ,SEC
1081,TECH    ,124,SURREY    ,48,0,<null>,LEC
1094,MATH    ,338,BURNABY   ,32,0,<null>,TUT
1087,KIN     ,481,BURNABY   ,56,45,Anne-Kristina Arnold                                                                                                                                                                                                                                      ,LEC
1124,ENSC    ,895,SURREY    ,8,0,<null>,TUT
1081,CMNS    ,362,BURNABY   ,54,56,Roman Onufrijchuk                                                                                                                                                                                                                                         ,LEC
1087,CMNS    ,334,HRBRCNTR  ,42,35,Alison Beale                                                                                                                                                                                                                                              ,LEC
1087,CMNS    ,428,BURNABY   ,25,11,David Murphy                                                                                                                                                                                                                                              ,SEM
1094,CMNS    ,851,BURNABY   ,15,0,. Faculty                                                                                                                                                                                                                                                 ,SEC
1091,CMNS    ,857,HRBRCNTR  ,15,3,Alison Beale                                                                                                                                                                                                                                              ,SEC
1084,CMNS    ,851,BURNABY   ,20,0,John zzzHolbrook                                                                                                                                                                                                                                          ,SEC
1097,ENSC    ,100,BURNABY   ,0,0,<null>,RQL
1154,MACM    ,101,BURNABY   ,24,24,Ramesh Krishnamurti                                                                                                                                                                                                                                       ,TUT
1104,MACM    ,101,SURREY    ,24,22,Harinder Khangura                                                                                                                                                                                                                                         ,TUT
1151,MACM    ,101,BURNABY   ,24,24,Binay Bhattacharya                                                                                                                                                                                                                                        ,TUT
1137,MACM    ,101,SURREY    ,25,25,Kay Wiese                                                                                                                                                                                                                                                 ,TUT
1144,MACM    ,101,BURNABY   ,24,24,Steven Pearce                                                                                                                                                                                                                                             ,TUT
1101,MACM    ,101,BURNABY   ,24,24,Andrei Bulatov                                                                                                                                                                                                                                            ,TUT
1111,MACM    ,101,SURREY    ,100,99,Thomas Shermer                                                                                                                                                                                                                                            ,LEC
1127,MACM    ,101,HRBRCNTR  ,24,21,Evgenia Ternovska                                                                                                                                                                                                                                         ,TUT
1167,MACM    ,101,SURREY    ,24,23,Kay Wiese                                                                                                                                                                                                                                                 ,TUT
1091,CMNS    ,230,BURNABY   ,18,19,<null>,TUT
1144,MACM    ,101,BURNABY   ,144,133,Steven Pearce                                                                                                                                                                                                                                             ,LEC
1091,CMNS    ,230,BURNABY   ,18,19,<null>,TUT
1127,ENSC    ,387,BURNABY   ,50,25,Reza Sabzehgar                                                                                                                                                                                                                                            ,TUT
1094,CMNS    ,496,BURNABY   ,25,3,Marcia Shimizu                                                                                                                                                                                                                                            ,PRA
1167,CMPT    ,165,SURREY    ,22,19,Harinder Khangura                                                                                                                                                                                                                                         ,LAB
1127,CMPT    ,150,BURNABY   ,26,22,Bradley Bart                                                                                                                                                                                                                                              ,LAB
1154,CMPT    ,150,BURNABY   ,25,25,Anthony Dixon                                                                                                                                                                                                                                             ,LAB
1114,CMPT    ,150,BURNABY   ,90,65,Louis Hafer                                                                                                                                                                                                                                               ,LEC
1111,CMPT    ,212,SURREY    ,48,38,John Edgar                                                                                                                                                                                                                                                ,LEC
1101,CMPT    ,411,BURNABY   ,30,27,James Delgrande                                                                                                                                                                                                                                           ,LEC
1127,CMPT    ,411,BURNABY   ,38,33,James Delgrande                                                                                                                                                                                                                                           ,LEC
1104,CMPT    ,407,BURNABY   ,30,19,Gabor Tardos                                                                                                                                                                                                                                              ,LEC
1087,MATH    ,436,BURNABY   ,20,1,Faye Stefan                                                                                                                                                                                                                                               ,SEC
1151,MATH    ,436,BURNABY   ,20,1,Stuart Billings                                                                                                                                                                                                                                           ,SEC
1177,MATH    ,436,METRO     ,20,3,Stuart Billings                                                                                                                                                                                                                                           ,SEC
1087,MATH    ,436,OFF       ,10,0,Faye Stefan                                                                                                                                                                                                                                               ,SEC
1151,MATH    ,436,OFF       ,20,0,Stuart Billings                                                                                                                                                                                                                                           ,SEC
1104,MATH    ,342,BURNABY   ,64,44,Jessica McDonald                                                                                                                                                                                                                                          ,LEC
1087,CMNS    ,334,HRBRCNTR  ,12,15,<null>,TUT
1167,MATH    ,436,OFF       ,20,0,Stuart Billings                                                                                                                                                                                                                                           ,SEC
1131,MATH    ,890,BURNABY   ,20,0,Stuart Billings                                                                                                                                                                                                                                           ,SEC
1087,CMNS    ,334,HRBRCNTR  ,12,14,<null>,TUT
1101,MATH    ,895,BURNABY   ,6,1,Robert Russell                                                                                                                                                                                                                                            ,SEC
1094,CMPT    ,898,BURNABY   ,80,75,<null>,SEC
1094,ENSC    ,296,OFF       ,10,1,<null>,SEC
1144,ENSC    ,892,OFF       ,40,0,<null>,SEC
1097,ENSC    ,100,BURNABY   ,1,1,<null>,RQL
1094,ENSC    ,296,BURNABY   ,30,6,<null>,SEC
1107,ENSC    ,296,BURNABY   ,5,3,<null>,SEC
1081,ENSC    ,406,BURNABY   ,15,15,<null>,TUT
1141,ENSC    ,495,BURNABY   ,6,5,<null>,LAB
1134,ENSC    ,899,BURNABY   ,120,57,<null>,SEC
1157,ENSC    ,899,OFF       ,20,2,<null>,SEC
1141,ENSC    ,897,BURNABY   ,45,1,<null>,SEC
1121,ENSC    ,396,OFF       ,10,0,<null>,SEC
1137,ENSC    ,892,BURNABY   ,80,3,<null>,SEC
1144,ENSC    ,250,BURNABY   ,127,117,Lakshman One                                                                                                                                                                                                                                              ,LEC
1134,ENSC    ,220,BURNABY   ,39,39,Meenakshinathan Parameswaran                                                                                                                                                                                                                              ,LAB
1101,ENSC    ,150,BURNABY   ,217,215,Atousa Hajshirmohammadi                                                                                                                                                                                                                                   ,LEC
1081,KIN     ,142,SURREY    ,15,15,<null>,LAB
1081,KIN     ,110,BURNABY   ,18,18,<null>,TUT
1181,ENSC    ,350,BURNABY   ,45,45,Ameer Abdelhadi                                                                                                                                                                                                                                           ,RQL
1094,KIN     ,142,SURREY    ,17,11,<null>,LAB
1081,KIN     ,207,BURNABY   ,17,12,<null>,TUT
1094,KIN     ,110,HRBRCNTR  ,18,17,<null>,TUT
1114,MACM    ,101,BURNABY   ,24,15,Steven Pearce                                                                                                                                                                                                                                             ,TUT
1151,MACM    ,101,BURNABY   ,24,23,Binay Bhattacharya                                                                                                                                                                                                                                        ,TUT
1111,MATH    ,158,BURNABY   ,253,153,Michael Monagan                                                                                                                                                                                                                                           ,LEC
1084,CMNS    ,230,BURNABY   ,18,11,<null>,TUT
1094,CMNS    ,230,BURNABY   ,18,18,<null>,TUT
1174,MATH    ,890,OFF       ,20,0,Stuart Billings                                                                                                                                                                                                                                           ,SEC
1111,MATH    ,895,BURNABY   ,6,0,. Faculty                                                                                                                                                                                                                                                 ,SEC
1127,MATH    ,895,BURNABY   ,6,3,Paul Tupper                                                                                                                                                                                                                                               ,SEC
1131,MATH    ,893,OFF       ,6,0,Stuart Billings                                                                                                                                                                                                                                           ,SEC
1081,MATH    ,877,BURNABY   ,5,0,. Faculty                                                                                                                                                                                                                                                 ,SEC
1171,MATH    ,877,BURNABY   ,5,0,. Faculty                                                                                                                                                                                                                                                 ,SEC
1121,CMPT    ,405,BURNABY   ,35,19,Ayse Ergun                                                                                                                                                                                                                                                ,LEC
1174,CMPT    ,405,BURNABY   ,60,39,Ramesh Krishnamurti                                                                                                                                                                                                                                       ,LEC
1084,CMPT    ,371,BURNABY   ,50,25,Abhijit Sen                                                                                                                                                                                                                                               ,LEC
1107,CMPT    ,365,BURNABY   ,65,60,Mark Drew                                                                                                                                                                                                                                                 ,LEC
1181,CMPT    ,428,METRO     ,50,30,Harriet Chicoine                                                                                                                                                                                                                                          ,SEC
1161,CMPT    ,428,OFF       ,15,2,Harriet Chicoine                                                                                                                                                                                                                                          ,SEC
1147,CMPT    ,428,METRO     ,5,3,Harriet Chicoine                                                                                                                                                                                                                                          ,SEC
1161,CMPT    ,428,METRO     ,15,3,Harriet Chicoine                                                                                                                                                                                                                                          ,SEC
1171,CMPT    ,428,METRO     ,20,13,Harriet Chicoine                                                                                                                                                                                                                                          ,SEC
1147,CMPT    ,428,OFF       ,5,0,Harriet Chicoine                                                                                                                                                                                                                                          ,SEC
1081,CMNS    ,226,BURNABY   ,20,17,David Murphy                                                                                                                                                                                                                                              ,LEC
1081,REM     ,100,BURNABY   ,18,18,. TBD                                                                                                                                                                                                                                                     ,TUT
1091,REM     ,100,BURNABY   ,18,18,. TBD                                                                                                                                                                                                                                                     ,TUT
1151,CMPT    ,150,BURNABY   ,26,26,Bobby Chan                                                                                                                                                                                                                                                ,LAB
1111,CMPT    ,150,BURNABY   ,26,26,Anthony Dixon                                                                                                                                                                                                                                             ,LAB
1151,CMPT    ,150,BURNABY   ,26,26,Bobby Chan                                                                                                                                                                                                                                                ,LAB
1137,CMPT    ,150,BURNABY   ,26,26,Anthony Dixon                                                                                                                                                                                                                                             ,LAB
1111,CMPT    ,150,HRBRCNTR  ,26,26,Bobby Chan                                                                                                                                                                                                                                                ,LEC
1141,CMPT    ,150,SURREY    ,70,66,Harinder Khangura                                                                                                                                                                                                                                         ,LEC
1111,CMPT    ,275,BURNABY   ,75,76,Anne Lavergne                                                                                                                                                                                                                                             ,LEC
1161,ENSC    ,483,BURNABY   ,75,83,Mehran Shirazi                                                                                                                                                                                                                                            ,TUT
1081,ENSC    ,406,BURNABY   ,90,91,Michael Sjoerdsma                                                                                                                                                                                                                                         ,LEC
1174,ENSC    ,406,BURNABY   ,19,19,Balbir Gill                                                                                                                                                                                                                                               ,TUT
1091,MACM    ,101,SURREY    ,24,24,<null>,TUT
1117,MATH    ,895,BURNABY   ,6,0,<null>,SEC
1174,MATH    ,895,BURNABY   ,6,0,<null>,SEC
1117,MATH    ,895,BURNABY   ,6,0,<null>,SEC
1177,MATH    ,232,BURNABY   ,60,0,<null>,OPL
1117,MATH    ,895,BURNABY   ,6,0,<null>,SEC
1127,MATH    ,322,BURNABY   ,40,38,<null>,TUT
1137,MATH    ,322,BURNABY   ,36,33,<null>,TUT
1161,ENSC    ,406,BURNABY   ,18,18,Michael Sjoerdsma                                                                                                                                                                                                                                         ,TUT
1157,ENSC    ,489,BURNABY   ,75,91,Michael Henrey                                                                                                                                                                                                                                            ,TUT
1174,ENSC    ,406,BURNABY   ,18,0,Balbir Gill                                                                                                                                                                                                                                               ,TUT
1157,ENSC    ,396,BURNABY   ,25,0,Harriet Chicoine                                                                                                                                                                                                                                          ,SEC
1137,MATH    ,895,BURNABY   ,6,7,Paul Tupper                                                                                                                                                                                                                                               ,SEC
1087,CMNS    ,428,BURNABY   ,13,13,Stephen Kline                                                                                                                                                                                                                                             ,SEM
1154,ENSC    ,892,BURNABY   ,40,1,<null>,SEC
1117,ENSC    ,396,SURREY    ,10,2,<null>,SEC
1081,KIN     ,142,BURNABY   ,19,18,<null>,LAB
1091,KIN     ,142,BURNABY   ,19,17,<null>,LAB
1091,KIN     ,142,BURNABY   ,19,18,<null>,LAB
1081,KIN     ,110,HRBRCNTR  ,18,14,<null>,TUT
1181,ENSC    ,350,BURNABY   ,45,21,Ameer Abdelhadi                                                                                                                                                                                                                                           ,RQL
1127,ENSC    ,450,BURNABY   ,36,35,Lakshman One                                                                                                                                                                                                                                              ,LEC
1161,ENSC    ,350,BURNABY   ,45,45,Fabio Campi                                                                                                                                                                                                                                               ,RQL
1127,CMPT    ,361,BURNABY   ,75,0,<null>,LEC
1087,KIN     ,142,BURNABY   ,19,19,<null>,LAB
1084,KIN     ,142,BURNABY   ,18,19,<null>,LAB
1091,ENSC    ,483,BURNABY   ,55,49,Mehrdad Saif                                                                                                                                                                                                                                              ,LEC
1161,MATH    ,100,BURNABY   ,60,0,<null>,OPL
1091,MACM    ,101,SURREY    ,24,22,<null>,TUT
1091,MACM    ,101,SURREY    ,24,17,<null>,TUT
1121,MATH    ,157,BURNABY   ,60,0,<null>,OPL
1084,CMPT    ,429,BURNABY   ,50,13,Harriet Chicoine                                                                                                                                                                                                                                          ,SEC
1131,ENSC    ,396,SURREY    ,20,0,<null>,SEC
1107,ENSC    ,396,SURREY    ,10,2,<null>,SEC
1121,ENSC    ,396,OFF       ,10,0,<null>,SEC
1131,ENSC    ,296,SURREY    ,20,3,<null>,SEC
1107,ENSC    ,296,OFF       ,10,1,<null>,SEC
1124,ENSC    ,364,SURREY    ,34,12,Martin Ordonez                                                                                                                                                                                                                                            ,LAB
1101,ENSC    ,351,BURNABY   ,50,48,Patrick Leung                                                                                                                                                                                                                                             ,LEC
1141,ENSC    ,351,BURNABY   ,22,20,William Scratchley                                                                                                                                                                                                                                        ,TUT
1171,ENSC    ,296,OFF       ,10,0,Harriet Chicoine                                                                                                                                                                                                                                          ,SEC
1104,ENSC    ,250,BURNABY   ,95,94,Lakshman One                                                                                                                                                                                                                                              ,TUT
1147,ENSC    ,195,BURNABY   ,35,40,Harriet Chicoine                                                                                                                                                                                                                                          ,SEC
1171,ENSC    ,195,BURNABY   ,45,61,Harriet Chicoine                                                                                                                                                                                                                                          ,SEC
1114,CMPT    ,275,HRBRCNTR  ,56,53,Herbert Tsang                                                                                                                                                                                                                                             ,LEC
1161,CMPT    ,165,BURNABY   ,75,75,Gregory Baker                                                                                                                                                                                                                                             ,SEC
1171,CMPT    ,165,BURNABY   ,75,69,". Faculty, Christopher Schmidt                                                                                                                                                                                                                            ",SEC
1171,CMPT    ,165,BURNABY   ,75,72,Christopher Schmidt                                                                                                                                                                                                                                       ,SEC
1154,CMPT    ,165,SURREY    ,24,23,Brian Fraser                                                                                                                                                                                                                                              ,LAB
1154,CMPT    ,165,SURREY    ,24,22,Brian Fraser                                                                                                                                                                                                                                              ,LAB
1167,CMPT    ,165,SURREY    ,24,24,Harinder Khangura                                                                                                                                                                                                                                         ,LAB
1144,CMPT    ,426,METRO     ,30,32,Harriet Chicoine                                                                                                                                                                                                                                          ,SEC
1111,CMPT    ,426,OFF       ,5,3,Harriet Chicoine                                                                                                                                                                                                                                          ,SEC
1127,CMPT    ,426,OFF       ,12,10,"Cristina Eftenaru, Harriet Chicoine                                                                                                                                                                                                                       ",SEC
1131,ENSC    ,835,BURNABY   ,40,6,Ljiljana Trajkovic                                                                                                                                                                                                                                        ,LEC
1151,ENSC    ,495,BURNABY   ,8,8,Glenn Chapman                                                                                                                                                                                                                                             ,LAB
1081,CMPT    ,305,SURREY    ,24,0,<null>,LEC
1131,MATH    ,819,BURNABY   ,5,0,<null>,LEC
1121,MATH    ,158,BURNABY   ,152,0,<null>,LEC
1111,MATH    ,158,BURNABY   ,60,0,<null>,OPL
1087,MATH    ,151,SURREY    ,150,0,<null>,OPL
1124,MACM    ,101,BURNABY   ,25,21,Steven Pearce                                                                                                                                                                                                                                             ,TUT
1161,MATH    ,443,BURNABY   ,25,7,Cedric Chauve                                                                                                                                                                                                                                             ,LEC
1181,MATH    ,443,BURNABY   ,27,20,Marni Mishna                                                                                                                                                                                                                                              ,LEC
1147,MACM    ,101,SURREY    ,96,93,Kay Wiese                                                                                                                                                                                                                                                 ,LEC
1121,MACM    ,101,SURREY    ,25,25,Kay Wiese                                                                                                                                                                                                                                                 ,TUT
1131,MACM    ,101,SURREY    ,24,21,Kay Wiese                                                                                                                                                                                                                                                 ,TUT
1111,MATH    ,157,BURNABY   ,430,380,Luis Goddyn                                                                                                                                                                                                                                               ,LEC
1174,ENSC    ,406,BURNABY   ,19,18,Balbir Gill                                                                                                                                                                                                                                               ,TUT
1154,CMPT    ,426,METRO     ,0,0,<null>,SEC
1091,MACM    ,101,SURREY    ,96,86,Kay Wiese                                                                                                                                                                                                                                                 ,LEC
1137,CMPT    ,898,OFF       ,1,1,<null>,SEC
1181,MACM    ,101,BURNABY   ,24,21,Steven Pearce                                                                                                                                                                                                                                             ,TUT
1124,MACM    ,101,BURNABY   ,25,23,Steven Pearce                                                                                                                                                                                                                                             ,TUT
1181,MACM    ,101,BURNABY   ,24,21,Binay Bhattacharya                                                                                                                                                                                                                                        ,TUT
1117,MACM    ,101,BURNABY   ,24,24,Andrei Bulatov                                                                                                                                                                                                                                            ,TUT
1167,MATH    ,437,BURNABY   ,20,0,Stuart Billings                                                                                                                                                                                                                                           ,SEC
1104,MATH    ,437,OFF       ,20,0,Faye Stefan                                                                                                                                                                                                                                               ,SEC
1121,MATH    ,436,BURNABY   ,20,0,"Faye Stefan, Stuart Billings                                                                                                                                                                                                                              ",SEC
1131,MATH    ,436,BURNABY   ,20,0,Stuart Billings                                                                                                                                                                                                                                           ,SEC
1137,CMPT    ,426,OFF       ,15,9,Harriet Chicoine                                                                                                                                                                                                                                          ,SEC
1127,CMPT    ,426,OFF       ,5,1,"Harriet Chicoine, John McDonald                                                                                                                                                                                                                           ",SEC
1137,CMPT    ,426,OFF       ,15,0,Harriet Chicoine                                                                                                                                                                                                                                          ,SEC
1127,CMPT    ,426,METRO     ,12,8,"Harriet Chicoine, John McDonald                                                                                                                                                                                                                           ",SEC
1081,REM     ,801,BURNABY   ,40,30,Wolfgang Haider                                                                                                                                                                                                                                           ,SEM
1157,CMPT    ,898,BURNABY   ,100,67,. Faculty                                                                                                                                                                                                                                                 ,SEC
1094,REM     ,648,HRBRCNTR  ,15,8,Peter Williams                                                                                                                                                                                                                                            ,SEC
1171,ENSC    ,494,BURNABY   ,10,2,<null>,SEC
1084,ENSC    ,195,BURNABY   ,50,31,<null>,SEC
1094,ENSC    ,195,OFF       ,10,2,<null>,SEC
1107,ENSC    ,195,OFF       ,8,7,<null>,SEC
1154,ENSC    ,892,OFF       ,40,0,<null>,SEC
1081,ENSC    ,320,BURNABY   ,25,3,<null>,TUT
1097,ENSC    ,100,BURNABY   ,3,3,<null>,RQL
1087,ENSC    ,100,BURNABY   ,2,2,<null>,RQL
1097,ENSC    ,100,BURNABY   ,3,2,<null>,RQL
1101,ENSC    ,150,BURNABY   ,56,56,<null>,TUT
1081,MATH    ,151,BURNABY   ,200,163,"Luis Goddyn, Nils Bruin                                                                                                                                                                                                                                   ",LEC
1097,MATH    ,152,BURNABY   ,98,79,". TBD, Kevin Doerksen                                                                                                                                                                                                                                     ",LEC
1141,MATH    ,100,BURNABY   ,200,180,Chiaka Drakes                                                                                                                                                                                                                                             ,LEC
1157,MACM    ,101,BURNABY   ,174,172,Andrei Bulatov                                                                                                                                                                                                                                            ,LEC
1161,MATH    ,337,OFF       ,20,0,Stuart Billings                                                                                                                                                                                                                                           ,SEC
1127,MATH    ,322,BURNABY   ,80,76,David Muraki                                                                                                                                                                                                                                              ,LEC
1147,MATH    ,232,SURREY    ,90,78,Kirill Gostaf                                                                                                                                                                                                                                             ,LEC
1161,MATH    ,232,SURREY    ,102,81,JF Williams                                                                                                                                                                                                                                               ,LEC
1181,MATH    ,232,SURREY    ,102,80,Randall Pyke                                                                                                                                                                                                                                              ,LEC
1147,MATH    ,337,BURNABY   ,20,3,Stuart Billings                                                                                                                                                                                                                                           ,SEC
1164,MATH    ,436,BURNABY   ,20,2,Stuart Billings                                                                                                                                                                                                                                           ,SEC
1131,MATH    ,436,OFF       ,20,0,Stuart Billings                                                                                                                                                                                                                                           ,SEC
1164,MATH    ,436,OFF       ,20,1,Stuart Billings                                                                                                                                                                                                                                           ,SEC
1081,MATH    ,337,BURNABY   ,20,2,Faye Stefan                                                                                                                                                                                                                                               ,SEC
1164,MATH    ,342,BURNABY   ,120,93,Imin Chen                                                                                                                                                                                                                                                 ,LEC
1091,MATH    ,895,BURNABY   ,6,0,. Faculty                                                                                                                                                                                                                                                 ,SEC
1091,MATH    ,895,BURNABY   ,5,0,. Faculty                                                                                                                                                                                                                                                 ,SEC
1161,MATH    ,895,BURNABY   ,5,0,. Faculty                                                                                                                                                                                                                                                 ,SEC
1101,MATH    ,877,BURNABY   ,5,0,. Faculty                                                                                                                                                                                                                                                 ,SEC
1154,MATH    ,877,BURNABY   ,5,0,. Faculty                                                                                                                                                                                                                                                 ,SEC
1081,ENSC    ,406,BURNABY   ,15,15,<null>,TUT
1157,MACM    ,101,SURREY    ,25,25,Bradley Bart                                                                                                                                                                                                                                              ,TUT
1131,MACM    ,101,SURREY    ,25,24,Kay Wiese                                                                                                                                                                                                                                                 ,TUT
1107,MACM    ,101,SURREY    ,25,24,Kay Wiese                                                                                                                                                                                                                                                 ,LAB
1094,MACM    ,101,BURNABY   ,26,26,Steven Pearce                                                                                                                                                                                                                                             ,TUT
1117,MACM    ,101,BURNABY   ,24,23,Andrei Bulatov                                                                                                                                                                                                                                            ,TUT
1171,MACM    ,101,BURNABY   ,175,173,Bobby Chan                                                                                                                                                                                                                                                ,LEC
1161,MACM    ,101,BURNABY   ,25,22,Bradley Bart                                                                                                                                                                                                                                              ,TUT
1094,MACM    ,101,BURNABY   ,26,24,Steven Pearce                                                                                                                                                                                                                                             ,TUT
1124,MACM    ,101,BURNABY   ,25,24,Steven Pearce                                                                                                                                                                                                                                             ,TUT
1181,MACM    ,101,BURNABY   ,24,23,Binay Bhattacharya                                                                                                                                                                                                                                        ,TUT
1147,ENSC    ,396,OFF       ,25,0,Harriet Chicoine                                                                                                                                                                                                                                          ,SEC
1091,KIN     ,142,SURREY    ,51,44,Michael Walsh                                                                                                                                                                                                                                             ,LEC
1101,MATH    ,398,BURNABY   ,20,0,<null>,SEM
1091,CMNS    ,324,BURNABY   ,18,19,<null>,TUT
1137,MSE     ,487,SURREY    ,5,4,. TBD                                                                                                                                                                                                                                                     ,SEM
1177,MSE     ,489,SURREY    ,5,1,Siamak Arzanpour                                                                                                                                                                                                                                          ,SEM
1167,MSE     ,220,SURREY    ,27,27,Woo Soo Kim                                                                                                                                                                                                                                               ,LAB
1154,CMPT    ,135,SURREY    ,20,18,Toby Donaldson                                                                                                                                                                                                                                            ,LEC
1157,CMPT    ,628,OFF       ,15,2,Harriet Chicoine                                                                                                                                                                                                                                          ,PRA
1164,CMPT    ,895,BURNABY   ,10,0,. Faculty                                                                                                                                                                                                                                                 ,IND
1174,CMPT    ,895,BURNABY   ,5,0,. Faculty                                                                                                                                                                                                                                                 ,IND
1124,CMPT    ,166,SURREY    ,24,24,Toby Donaldson                                                                                                                                                                                                                                            ,LAB
1081,CMNS    ,230,BURNABY   ,18,20,<null>,TUT
1081,MATH    ,895,BURNABY   ,6,2,Stephen Choi                                                                                                                                                                                                                                              ,SEC
1171,MATH    ,895,BURNABY   ,6,0,. Faculty                                                                                                                                                                                                                                                 ,SEC
1141,ENSC    ,495,BURNABY   ,6,0,<null>,LAB
1161,ENSC    ,386,BURNABY   ,50,17,Shahram Payandeh                                                                                                                                                                                                                                          ,LEC
1177,ENSC    ,324,BURNABY   ,140,132,Marek Syrzycki                                                                                                                                                                                                                                            ,LEC
1177,CMPT    ,295,BURNABY   ,26,26,Bradley Bart                                                                                                                                                                                                                                              ,LAB
1177,MSE     ,352,SURREY    ,120,78,Mohammad Narimani                                                                                                                                                                                                                                         ,TUT
1144,MSE     ,899,SURREY    ,70,59,. TBD                                                                                                                                                                                                                                                     ,SEC
1154,MSE     ,899,OFF       ,70,1,Mehrdad Moallem                                                                                                                                                                                                                                           ,SEC
1164,MSE     ,422,SURREY    ,11,9,Erik Kjeang                                                                                                                                                                                                                                               ,LAB
1167,MSE     ,220,SURREY    ,0,0,Woo Soo Kim                                                                                                                                                                                                                                               ,LAB
1147,MATH    ,895,BURNABY   ,6,4,Paul Tupper                                                                                                                                                                                                                                               ,SEC
1091,ENSC    ,263,SURREY    ,24,0,<null>,LAB
1177,ENSC    ,703,OFF       ,5,0,Harriet Chicoine                                                                                                                                                                                                                                          ,PRA
1167,CMPT    ,295,BURNABY   ,156,145,Bradley Bart                                                                                                                                                                                                                                              ,LEC
1171,ENSC    ,410,BURNABY   ,150,113,Hsiu-Yang Tseng                                                                                                                                                                                                                                           ,TUT
1181,ENSC    ,386,BURNABY   ,50,32,Shahram Payandeh                                                                                                                                                                                                                                          ,LEC
1174,MSE     ,884,SURREY    ,0,0,. TBD                                                                                                                                                                                                                                                     ,LAB
1181,MSE     ,223,SURREY    ,34,31,Ghasem Behfarshad                                                                                                                                                                                                                                         ,LAB
1171,MSE     ,480,SURREY    ,45,42,Kevin Oldknow                                                                                                                                                                                                                                             ,LAB
1161,MSE     ,480,SURREY    ,47,44,Kevin Oldknow                                                                                                                                                                                                                                             ,LAB
1171,MSE     ,480,SURREY    ,49,36,Kevin Oldknow                                                                                                                                                                                                                                             ,LAB
1171,MACM    ,101,BURNABY   ,25,25,Bobby Chan                                                                                                                                                                                                                                                ,TUT
1181,MACM    ,101,BURNABY   ,24,22,Steven Pearce                                                                                                                                                                                                                                             ,TUT
1124,MATH    ,895,BURNABY   ,6,2,Sandy Rutherford                                                                                                                                                                                                                                          ,SEC
1171,MATH    ,895,BURNABY   ,6,0,. Faculty                                                                                                                                                                                                                                                 ,SEC
1147,MATH    ,895,BURNABY   ,6,1,Mary Catherine Kropinski                                                                                                                                                                                                                                  ,SEC
1087,REM     ,445,BURNABY   ,18,12,. Sessional                                                                                                                                                                                                                                               ,LEC
1081,REM     ,311,BURNABY   ,54,26,Sean Cox                                                                                                                                                                                                                                                  ,LEC
1171,MSE     ,211,SURREY    ,24,23,Flavio Firmani                                                                                                                                                                                                                                            ,LAB
1171,MSE     ,211,SURREY    ,18,16,Flavio Firmani                                                                                                                                                                                                                                            ,LAB
1167,ENSC    ,385,BURNABY   ,60,49,Farshid Bagheri                                                                                                                                                                                                                                           ,TUT
1171,MSE     ,393,SURREY    ,25,20,Stephanie DeRapp                                                                                                                                                                                                                                          ,SEC
1157,MSE     ,486,SURREY    ,5,1,Gary Wang                                                                                                                                                                                                                                                 ,SEM
1177,MSE     ,193,OFF       ,10,0,Stephanie DeRapp                                                                                                                                                                                                                                          ,SEC
1177,MSE     ,110,SURREY    ,30,0,"Amr Marzouk, Mohammad Narimani                                                                                                                                                                                                                            ",OPL
1141,MSE     ,110,SURREY    ,30,0,Amr Marzouk                                                                                                                                                                                                                                               ,LAB
1157,MSE     ,110,SURREY    ,30,24,Amr Marzouk                                                                                                                                                                                                                                               ,LEC
1147,MSE     ,321,SURREY    ,40,36,Majid Bahrami                                                                                                                                                                                                                                             ,LAB
1161,MSE     ,410,SURREY    ,98,103,"Farid Golnaraghi, Kevin Oldknow                                                                                                                                                                                                                           ",SEM
1157,CMPT    ,628,METRO     ,30,0,Harriet Chicoine                                                                                                                                                                                                                                          ,PRA
1177,CMPT    ,628,OFF       ,0,0,Harriet Chicoine                                                                                                                                                                                                                                          ,PRA
1084,CMNS    ,362,HRBRCNTR  ,22,8,<null>,TUT
1167,MSE     ,221,SURREY    ,32,31,Gary Wang                                                                                                                                                                                                                                                 ,LAB
1167,MSE     ,221,SURREY    ,42,1,Gary Wang                                                                                                                                                                                                                                                 ,LAB
1177,MSE     ,221,SURREY    ,42,41,Gary Wang                                                                                                                                                                                                                                                 ,LAB
1161,MSE     ,450,SURREY    ,34,36,Jiacheng Wang                                                                                                                                                                                                                                             ,LAB
1141,MSE     ,893,SURREY    ,10,4,Ahmad Rad                                                                                                                                                                                                                                                 ,LEC
1157,CMPT    ,130,SURREY    ,26,26,Brian Fraser                                                                                                                                                                                                                                              ,LAB
1134,MSE     ,400,SURREY    ,100,78,Maureen Hindy                                                                                                                                                                                                                                             ,LEC
1161,MSE     ,390,SURREY    ,24,23,Flavio Firmani                                                                                                                                                                                                                                            ,LAB
1137,MSE     ,391,SURREY    ,30,23,Amr Marzouk                                                                                                                                                                                                                                               ,LAB
1177,MSE     ,110,SURREY    ,20,20,"Amr Marzouk, Mohammad Narimani                                                                                                                                                                                                                            ",LAB
1167,ENSC    ,702,BURNABY   ,5,2,Harriet Chicoine                                                                                                                                                                                                                                          ,PRA
1167,ENSC    ,702,OFF       ,5,0,Harriet Chicoine                                                                                                                                                                                                                                          ,PRA
1177,ENSC    ,702,OFF       ,5,0,Harriet Chicoine                                                                                                                                                                                                                                          ,PRA
1177,ENSC    ,252,BURNABY   ,45,45,Ameer Abdelhadi                                                                                                                                                                                                                                           ,LAB
1157,ENSC    ,251,BURNABY   ,0,0,Lesley Shannon                                                                                                                                                                                                                                            ,LAB
1174,ENSC    ,254,BURNABY   ,40,28,William Scratchley                                                                                                                                                                                                                                        ,LAB
1164,ENSC    ,254,BURNABY   ,40,0,William Scratchley                                                                                                                                                                                                                                        ,LAB
1154,ENSC    ,254,BURNABY   ,118,58,Fabio Campi                                                                                                                                                                                                                                               ,TUT
1151,ENSC    ,180,BURNABY   ,300,281,Ivan Bajic                                                                                                                                                                                                                                                ,LAB
1137,ENSC    ,120,BURNABY   ,30,29,Meenakshinathan Parameswaran                                                                                                                                                                                                                              ,LAB
1171,MSE     ,110,SURREY    ,48,45,Amr Marzouk                                                                                                                                                                                                                                               ,LEC
1151,MSE     ,251,SURREY    ,130,96,Behraad Bahreyni                                                                                                                                                                                                                                          ,TUT
1087,IAT     ,102,SURREY    ,192,192,Gilly Mah                                                                                                                                                                                                                                                 ,LEC
1124,DDP     ,310,OFF       ,30,3,Qianping Gu                                                                                                                                                                                                                                               ,SEC
1157,DDP     ,310,OFF       ,30,6,Ze-Nian Li                                                                                                                                                                                                                                                ,SEC
1117,ENSC    ,215,BURNABY   ,22,21,William Scratchley                                                                                                                                                                                                                                        ,LAB
1117,ENSC    ,281,SURREY    ,94,96,Woo Soo Kim                                                                                                                                                                                                                                               ,LEC
1117,ENSC    ,215,BURNABY   ,22,22,William Scratchley                                                                                                                                                                                                                                        ,LAB
1097,CMPT    ,771,SURREY    ,12,12,Mohamed Hefeeda                                                                                                                                                                                                                                           ,LEC
1107,ENSC    ,215,BURNABY   ,22,22,Kourosh Khosraviani                                                                                                                                                                                                                                       ,LAB
1161,CMPT    ,166,SURREY    ,26,26,Toby Donaldson                                                                                                                                                                                                                                            ,LAB
1121,CMPT    ,764,BURNABY   ,15,7,Hao Zhang                                                                                                                                                                                                                                                 ,LEC
1107,ENSC    ,281,SURREY    ,80,78,Gary Wang                                                                                                                                                                                                                                                 ,LEC
1131,ENSC    ,282,SURREY    ,115,115,Carolyn Sparrey                                                                                                                                                                                                                                           ,TUT
1131,ENSC    ,283,SURREY    ,39,38,. TBD                                                                                                                                                                                                                                                     ,LAB
1097,ENSC    ,329,SURREY    ,72,30,Lakshman One                                                                                                                                                                                                                                              ,LEC
1087,TECH    ,106,SURREY    ,24,23,Michael Sjoerdsma                                                                                                                                                                                                                                         ,LAB
1081,ENSC    ,803,BURNABY   ,30,16,Stephen Whitmore                                                                                                                                                                                                                                          ,LEC
1104,ENSC    ,331,SURREY    ,18,18,Behraad Bahreyni                                                                                                                                                                                                                                          ,LAB
1127,ENSC    ,215,BURNABY   ,88,93,William Scratchley                                                                                                                                                                                                                                        ,LEC
1121,CMPT    ,166,SURREY    ,13,10,Toby Donaldson                                                                                                                                                                                                                                            ,LAB
1181,MATH    ,208W      ,SURREY    ,24,12,Tamon Stephen                                                                                                                                                                                                                                             ,LEC
1104,MACM    ,203,BURNABY   ,22,10,JF Williams                                                                                                                                                                                                                                               ,LEC
1101,CMPT    ,375,BURNABY   ,50,6,Uwe Glaesser                                                                                                                                                                                                                                              ,LEC
1154,CMPT    ,896,BURNABY   ,40,7,. Faculty                                                                                                                                                                                                                                                 ,SEC
1127,CMPT    ,373,SURREY    ,4,3,Thomas Shermer                                                                                                                                                                                                                                            ,TUT
1157,CMPT    ,433,SURREY    ,45,43,Brian Fraser                                                                                                                                                                                                                                              ,LEC
1167,CMPT    ,373,SURREY    ,32,32,William Sumner                                                                                                                                                                                                                                            ,LEC
1101,ENSC    ,182,SURREY    ,24,24,Lakshman One                                                                                                                                                                                                                                              ,LEC
1157,MATH    ,340,BURNABY   ,72,59,Nathan Ilten                                                                                                                                                                                                                                              ,LEC
1177,MSE     ,893,SURREY    ,50,0,Maureen Hindy                                                                                                                                                                                                                                             ,LEC
1171,MSE     ,726,SURREY    ,8,7,Gary Wang                                                                                                                                                                                                                                                 ,LAB
1161,MSE     ,726,SURREY    ,3,4,Gary Wang                                                                                                                                                                                                                                                 ,LAB
1167,ENSC    ,120,BURNABY   ,35,34,Meenakshinathan Parameswaran                                                                                                                                                                                                                              ,LAB
1167,ENSC    ,120,BURNABY   ,35,31,Meenakshinathan Parameswaran                                                                                                                                                                                                                              ,LAB
1167,MSE     ,220,SURREY    ,27,27,Woo Soo Kim                                                                                                                                                                                                                                               ,LAB
1181,MSE     ,223,SURREY    ,34,32,Ghasem Behfarshad                                                                                                                                                                                                                                         ,LAB
1134,MSE     ,381,SURREY    ,34,33,Siamak Arzanpour                                                                                                                                                                                                                                          ,LAB
1161,MSE     ,402,SURREY    ,102,90,Maureen Hindy                                                                                                                                                                                                                                             ,LEC
1161,MSE     ,483,SURREY    ,40,17,Mehrdad Moallem                                                                                                                                                                                                                                           ,LAB
1124,ENSC    ,803,BURNABY   ,40,22,Stephen Whitmore                                                                                                                                                                                                                                          ,LEC
1131,ENSC    ,859,BURNABY   ,40,15,Bonnie Gray                                                                                                                                                                                                                                               ,LEC
1101,ENSC    ,182,SURREY    ,24,24,Lakshman One                                                                                                                                                                                                                                              ,LEC
1124,ENSC    ,384,SURREY    ,33,32,"Farid Golnaraghi, Krishna Vijayaraghavan, Mehrdad Moallem, Siamak Arzanpour                                                                                                                                                                               ",LAB
1124,ENSC    ,195,OFF       ,20,18,<null>,SEC
1084,ENSC    ,320,BURNABY   ,35,28,<null>,TUT
1084,ENSC    ,320,BURNABY   ,35,0,<null>,TUT
1084,ENSC    ,295,BURNABY   ,50,34,<null>,SEC
1091,CMNS    ,130W      ,HRBRCNTR  ,27,25,Anil Narine                                                                                                                                                                                                                                               ,LEC
1097,ENSC    ,100,BURNABY   ,0,0,<null>,RQL
1154,ENSC    ,897,BURNABY   ,10,0,<null>,SEC
1141,ENSC    ,892,BURNABY   ,80,1,<null>,SEC
1107,MATH    ,160W      ,KAM       ,6,0,Ping Ding                                                                                                                                                                                                                                                 ,SEC
1107,ENSC    ,327,BURNABY   ,1,0,<null>,OPL
1091,ENSC    ,296,OFF       ,10,0,<null>,SEC
1107,MATH    ,197,HRBRCNTR  ,32,32,Keshav Mukunda                                                                                                                                                                                                                                            ,LEC
1174,ENSC    ,494,BURNABY   ,10,1,<null>,SEC
1167,ENSC    ,402,BURNABY   ,10,0,<null>,SEC
1121,ENSC    ,483,BURNABY   ,55,37,<null>,TUT
1097,ENSC    ,100,BURNABY   ,3,3,<null>,RQL
1087,ENSC    ,100,BURNABY   ,2,1,<null>,RQL
1097,ENSC    ,100,BURNABY   ,1,1,<null>,RQL
1094,CMNS    ,223W      ,BURNABY   ,96,82,Benjamin Woo                                                                                                                                                                                                                                              ,LEC
1134,ENSC    ,396,BURNABY   ,10,4,<null>,SEC
1084,KIN     ,142,SURREY    ,12,11,<null>,LAB
1177,MATH    ,322,BURNABY   ,32,31,<null>,TUT
1114,CMPT    ,477,BURNABY   ,25,21,Evgenia Ternovska                                                                                                                                                                                                                                         ,LEC
1134,MATH    ,342,BURNABY   ,40,36,<null>,TUT
1091,CMPT    ,898,BURNABY   ,80,73,<null>,SEC
1147,MATH    ,150,BURNABY   ,326,257,Brenda Davison                                                                                                                                                                                                                                            ,LEC
1087,IAT     ,100,SURREY    ,24,27,David Botta                                                                                                                                                                                                                                               ,STL
1127,CMPT    ,128,BURNABY   ,130,121,Janice Regan                                                                                                                                                                                                                                              ,LEC
1091,CMPT    ,225,BURNABY   ,26,16,Michael Evans                                                                                                                                                                                                                                             ,LAB
1097,CMPT    ,128,BURNABY   ,26,24,Janice Regan                                                                                                                                                                                                                                              ,LAB
1091,IAT     ,455,SURREY    ,24,22,Helmine Serban                                                                                                                                                                                                                                            ,LAB
1131,ENSC    ,194,BURNABY   ,10,0,<null>,SEC
1134,ENSC    ,195,BURNABY   ,25,12,<null>,SEC
1091,ENSC    ,396,OFF       ,10,2,<null>,SEC
1151,ENSC    ,402,BURNABY   ,2,0,<null>,SEC
1087,ENSC    ,100,BURNABY   ,4,4,<null>,RQL
1101,CMPT    ,441,SURREY    ,12,2,Kay Wiese                                                                                                                                                                                                                                                 ,LEC
1081,ENSC    ,406,BURNABY   ,15,15,<null>,TUT
1084,ENSC    ,194,BURNABY   ,10,0,<null>,SEC
1097,ENSC    ,100,BURNABY   ,4,4,<null>,RQL
1097,ENSC    ,100,BURNABY   ,1,1,<null>,RQL
1094,ENSC    ,899,BURNABY   ,75,54,<null>,SEC
1151,ENSC    ,892,OFF       ,10,0,<null>,SEC
1081,KIN     ,343,BURNABY   ,18,18,<null>,LAB
1091,KIN     ,143,BURNABY   ,40,42,<null>,LAB
1081,MACM    ,101,SURREY    ,24,22,<null>,TUT
1084,KIN     ,898,BURNABY   ,30,17,<null>,SEC
1091,IAT     ,445,SURREY    ,24,24,Stephen Dipaola                                                                                                                                                                                                                                           ,STL
1154,MATH    ,895,BURNABY   ,5,0,<null>,SEC
1157,MATH    ,100,SURREY    ,80,0,<null>,OPL
1127,MATH    ,232,BURNABY   ,60,0,<null>,OPL
1111,MATH    ,157,SURREY    ,60,0,<null>,OPL
1181,MSE     ,483,SURREY    ,45,17,Mehrdad Moallem                                                                                                                                                                                                                                           ,LAB
1164,MSE     ,493,OFF       ,30,2,Stephanie DeRapp                                                                                                                                                                                                                                          ,SEC
1161,MSE     ,498,SURREY    ,5,1,Gary Wang                                                                                                                                                                                                                                                 ,SEC
1137,MSE     ,391,SURREY    ,30,25,Amr Marzouk                                                                                                                                                                                                                                               ,LAB
1167,MSE     ,110,SURREY    ,30,0,Amr Marzouk                                                                                                                                                                                                                                               ,OPL
1161,MSE     ,110,SURREY    ,30,13,Amr Marzouk                                                                                                                                                                                                                                               ,LEC
1157,MSE     ,393,SURREY    ,25,25,"Harriet Chicoine, Stephanie DeRapp                                                                                                                                                                                                                        ",SEC
1087,CMNS    ,334,HRBRCNTR  ,18,6,<null>,TUT
1087,CMNS    ,240,BURNABY   ,18,20,<null>,TUT
1127,CMPT    ,627,OFF       ,5,3,"Cristina Eftenaru, Harriet Chicoine                                                                                                                                                                                                                       ",PRA
1171,CMPT    ,628,METRO     ,30,2,Harriet Chicoine                                                                                                                                                                                                                                          ,PRA
1124,CMPT    ,166,SURREY    ,11,9,Toby Donaldson                                                                                                                                                                                                                                            ,LAB
1087,CMNS    ,130W      ,BURNABY   ,256,251,Ian Chunn                                                                                                                                                                                                                                                 ,LEC
1081,KIN     ,142,BURNABY   ,19,17,<null>,LAB
1087,KIN     ,898,BURNABY   ,30,21,<null>,SEC
1154,MATH    ,899,BURNABY   ,35,25,<null>,SEC
1144,MATH    ,895,BURNABY   ,5,0,<null>,SEC
1134,ENSC    ,224,BURNABY   ,80,77,Bonnie Gray                                                                                                                                                                                                                                               ,TUT
1141,ENSC    ,372,BURNABY   ,20,10,Bonnie Gray                                                                                                                                                                                                                                               ,TUT
1117,ENSC    ,472,BURNABY   ,20,5,"Andrew Rawicz, Stephen Robinovitch                                                                                                                                                                                                                        ",LEC
1134,MATH    ,895,BURNABY   ,6,0,<null>,SEC
1087,IAT     ,312,SURREY    ,72,72,Magy Seif El-Nasr                                                                                                                                                                                                                                         ,LEC
1157,MATH    ,150,SURREY    ,108,47,Ping Ding                                                                                                                                                                                                                                                 ,LEC
1107,ENSC    ,100W      ,BURNABY   ,4,6,Michael Sjoerdsma                                                                                                                                                                                                                                         ,TUT
1107,ENSC    ,100W      ,BURNABY   ,176,195,John Jones                                                                                                                                                                                                                                                ,LEC
1174,CMPT    ,225,BURNABY   ,208,204,Anne Lavergne                                                                                                                                                                                                                                             ,LEC
1177,CMPT    ,128,BURNABY   ,24,0,Liaqat Ali                                                                                                                                                                                                                                                ,LAB
1147,CMPT    ,225,BURNABY   ,26,26,David Mitchell                                                                                                                                                                                                                                            ,LAB
1157,CMPT    ,225,BURNABY   ,26,26,David Mitchell                                                                                                                                                                                                                                            ,LAB
1171,CMPT    ,225,BURNABY   ,26,26,Thomas Shermer                                                                                                                                                                                                                                            ,LAB
1134,CMPT    ,225,BURNABY   ,25,14,Anne Lavergne                                                                                                                                                                                                                                             ,LAB
1147,CMPT    ,225,BURNABY   ,26,26,David Mitchell                                                                                                                                                                                                                                            ,LAB
1161,CMPT    ,225,BURNABY   ,25,26,Geoffrey Tien                                                                                                                                                                                                                                             ,LAB
1177,CMPT    ,128,BURNABY   ,24,17,Liaqat Ali                                                                                                                                                                                                                                                ,LAB
1171,CMPT    ,225,BURNABY   ,26,26,Thomas Shermer                                                                                                                                                                                                                                            ,LAB
1124,CMPT    ,477,BURNABY   ,40,34,Evgenia Ternovska                                                                                                                                                                                                                                         ,LEC
1091,MATH    ,157,BURNABY   ,60,0,<null>,OPL
1147,MATH    ,895,OFF       ,5,0,<null>,SEC
1147,MATH    ,895,BURNABY   ,6,0,<null>,SEC
1091,CMNS    ,324,BURNABY   ,18,18,<null>,TUT
1081,CMNS    ,230,BURNABY   ,14,19,<null>,TUT
1091,CMNS    ,230,BURNABY   ,18,19,<null>,TUT
1127,ENSC    ,101W      ,BURNABY   ,160,174,Stephen Whitmore                                                                                                                                                                                                                                          ,LEC
1084,CMNS    ,362,HRBRCNTR  ,0,0,<null>,TUT
1167,ENSC    ,100W      ,BURNABY   ,9,9,Michael Sjoerdsma                                                                                                                                                                                                                                         ,LAB
1147,ENSC    ,305W      ,BURNABY   ,80,65,Stephen Whitmore                                                                                                                                                                                                                                          ,LEC
1151,MATH    ,880,BURNABY   ,3,0,. Faculty                                                                                                                                                                                                                                                 ,SEC
1091,IAT     ,897,SURREY    ,30,9,. TBD                                                                                                                                                                                                                                                     ,SEC
1091,MATH    ,198,SURREY    ,16,15,Christine Stewart                                                                                                                                                                                                                                         ,LEC
1081,MATH    ,130,SURREY    ,90,72,Kseniya Garaschuk                                                                                                                                                                                                                                         ,LEC
1157,CMPT    ,166,SURREY    ,26,25,Karol Swietlicki                                                                                                                                                                                                                                          ,LAB
1151,MACM    ,203,BURNABY   ,32,32,Mary Catherine Kropinski                                                                                                                                                                                                                                  ,LEC
1121,ENSC    ,280,SURREY    ,105,106,Erik Kjeang                                                                                                                                                                                                                                               ,LEC
1131,ENSC    ,280,SURREY    ,100,102,Erik Kjeang                                                                                                                                                                                                                                               ,LEC
1127,ENSC    ,470,BURNABY   ,33,34,Glenn Chapman                                                                                                                                                                                                                                             ,LEC
1177,ENSC    ,470,BURNABY   ,40,39,Glenn Chapman                                                                                                                                                                                                                                             ,TUT
1157,ENSC    ,470,BURNABY   ,17,16,Glenn Chapman                                                                                                                                                                                                                                             ,LAB
1127,CMPT    ,373,SURREY    ,5,4,Thomas Shermer                                                                                                                                                                                                                                            ,TUT
1087,CMPT    ,404,BURNABY   ,20,9,Andrei Bulatov                                                                                                                                                                                                                                            ,LEC
1117,ENSC    ,452,BURNABY   ,26,20,Lesley Shannon                                                                                                                                                                                                                                            ,LAB
1117,ENSC    ,100W      ,BURNABY   ,161,147,John Jones                                                                                                                                                                                                                                                ,LEC
1177,ENSC    ,100W      ,BURNABY   ,8,8,Michael Sjoerdsma                                                                                                                                                                                                                                         ,LAB
1177,ENSC    ,100W      ,BURNABY   ,8,8,Michael Sjoerdsma                                                                                                                                                                                                                                         ,LAB
1107,ENSC    ,100W      ,BURNABY   ,6,6,Michael Sjoerdsma                                                                                                                                                                                                                                         ,TUT
1117,ENSC    ,100W      ,BURNABY   ,6,6,. Faculty                                                                                                                                                                                                                                                 ,TUT
1127,ENSC    ,100W      ,BURNABY   ,5,8,. Faculty                                                                                                                                                                                                                                                 ,TUT
1104,MATH    ,880,BURNABY   ,3,0,Faye Stefan                                                                                                                                                                                                                                               ,SEC
1094,IAT     ,898,SURREY    ,50,38,. TBD                                                                                                                                                                                                                                                     ,SEC
1157,MATH    ,725,BURNABY   ,10,4,Weiran Sun                                                                                                                                                                                                                                                ,LEC
1097,MATH    ,767,BURNABY   ,15,4,Rustum Choksi                                                                                                                                                                                                                                             ,LEC
1134,CMPT    ,225,SURREY    ,26,26,John Edgar                                                                                                                                                                                                                                                ,LAB
1134,CMPT    ,225,SURREY    ,26,24,John Edgar                                                                                                                                                                                                                                                ,LAB
1157,CMPT    ,225,SURREY    ,24,22,Arthur Kirkpatrick                                                                                                                                                                                                                                        ,LAB
1107,CMPT    ,225,SURREY    ,22,20,John Edgar                                                                                                                                                                                                                                                ,LAB
1087,CMPT    ,418,BURNABY   ,15,8,Robert Hadley                                                                                                                                                                                                                                             ,LEC
1084,CMPT    ,125,BURNABY   ,50,48,"Diana Cukierman, Gregory Baker                                                                                                                                                                                                                            ",LEC
1164,CMPT    ,125,BURNABY   ,128,102,Bobby Chan                                                                                                                                                                                                                                                ,LEC
1081,CMPT    ,125,BURNABY   ,25,22,David Mitchell                                                                                                                                                                                                                                            ,LAB
1127,CMPT    ,128,BURNABY   ,150,141,Janice Regan                                                                                                                                                                                                                                              ,LEC
1084,CMNS    ,262,HRBRCNTR  ,72,69,Fiona Jeffries                                                                                                                                                                                                                                            ,LEC
1181,MATH    ,130,SURREY    ,80,70,Randall Pyke                                                                                                                                                                                                                                              ,LEC
1147,CMPT    ,225,SURREY    ,24,20,Geoffrey Tien                                                                                                                                                                                                                                             ,LAB
1121,CMPT    ,225,HRBRCNTR  ,25,11,David Mitchell                                                                                                                                                                                                                                            ,LAB
1111,CMPT    ,120,SURREY    ,26,25,. Sessional                                                                                                                                                                                                                                               ,LAB
1127,CMPT    ,120,BURNABY   ,26,25,Diana Cukierman                                                                                                                                                                                                                                           ,LAB
1151,CMPT    ,120,BURNABY   ,26,26,Diana Cukierman                                                                                                                                                                                                                                           ,LAB
1167,CMPT    ,120,BURNABY   ,26,26,Diana Cukierman                                                                                                                                                                                                                                           ,LAB
1091,CMPT    ,125,BURNABY   ,16,9,Diana Cukierman                                                                                                                                                                                                                                           ,LAB
1131,CMPT    ,126,BURNABY   ,26,20,Muntaseer Salahuddin                                                                                                                                                                                                                                      ,LAB
1161,CMPT    ,126,BURNABY   ,25,0,Ali Madooei                                                                                                                                                                                                                                               ,LAB
1091,IAT     ,405,SURREY    ,74,40,"Kenneth Zupan, Thecla Schiphorst, Yingchen Yang                                                                                                                                                                                                           ",STL
1084,CMNS    ,386,HRBRCNTR  ,72,68,Roman Onufrijchuk                                                                                                                                                                                                                                         ,LEC
1151,CMPT    ,886,BURNABY   ,40,35,Alexandra Fedorova                                                                                                                                                                                                                                        ,SEM
1121,ENSC    ,460,SURREY    ,15,0,Majid Bahrami                                                                                                                                                                                                                                             ,LEC
1131,ENSC    ,460,SURREY    ,20,7,Majid Bahrami                                                                                                                                                                                                                                             ,LEC
1161,ENSC    ,460,BURNABY   ,10,0,"Bozena Kaminska, Pierre Lane                                                                                                                                                                                                                              ",LEC
1124,ENSC    ,460,SURREY    ,20,13,Ehsan Asadi                                                                                                                                                                                                                                               ,LEC
1127,ENSC    ,894,BURNABY   ,8,4,Glenn Chapman                                                                                                                                                                                                                                             ,LEC
1137,ENSC    ,894,BURNABY   ,7,6,Glenn Chapman                                                                                                                                                                                                                                             ,LEC
1111,ENSC    ,894,SURREY    ,10,8,Siamak Arzanpour                                                                                                                                                                                                                                          ,LEC
1091,IAT     ,881,SURREY    ,18,0,Diane Gromala                                                                                                                                                                                                                                             ,SEM
1087,IAT     ,800,SURREY    ,24,18,Christopher Shaw                                                                                                                                                                                                                                          ,SEM
1087,IAT     ,265,SURREY    ,168,142,Yingchen Yang                                                                                                                                                                                                                                             ,LEC
1087,IAT     ,265,SURREY    ,24,23,Yingchen Yang                                                                                                                                                                                                                                             ,LAB
1167,CMPT    ,120,BURNABY   ,26,26,Diana Cukierman                                                                                                                                                                                                                                           ,LAB
1097,CMPT    ,120,BURNABY   ,26,21,Bradley Bart                                                                                                                                                                                                                                              ,LAB
1137,CMPT    ,128,BURNABY   ,156,155,Janice Regan                                                                                                                                                                                                                                              ,LEC
1097,CMPT    ,128,SURREY    ,16,14,John Edgar                                                                                                                                                                                                                                                ,LAB
1097,CMPT    ,128,SURREY    ,24,24,John Edgar                                                                                                                                                                                                                                                ,LAB
1141,CMPT    ,120,BURNABY   ,26,25,Jeremie Lumbroso                                                                                                                                                                                                                                          ,LAB
1164,CMPT    ,885,BURNABY   ,40,8,Arrvindh Shriraman                                                                                                                                                                                                                                        ,LEC
1107,CMPT    ,705,SURREY    ,0,0,Joseph Peters                                                                                                                                                                                                                                             ,LEC
1094,CMPT    ,705,BURNABY   ,10,7,Petra Berenbrink                                                                                                                                                                                                                                          ,LEC
1121,CMPT    ,705,BURNABY   ,30,14,Ayse Ergun                                                                                                                                                                                                                                                ,LEC
1131,ENSC    ,494,BURNABY   ,10,2,<null>,SEC
1084,REM     ,664,BURNABY   ,10,3,<null>,SEC
1087,ENSC    ,100,BURNABY   ,2,2,<null>,RQL
1097,ENSC    ,100,BURNABY   ,1,1,<null>,RQL
1087,REM     ,100,BURNABY   ,18,19,<null>,TUT
1087,REM     ,100,SURREY    ,18,19,<null>,TUT
1177,ENSC    ,892,BURNABY   ,10,2,<null>,SEC
1167,ENSC    ,892,OFF       ,10,0,<null>,SEC
1094,ENSC    ,325,BURNABY   ,33,34,<null>,TUT
1094,ENSC    ,325,BURNABY   ,33,33,<null>,TUT
1111,ENSC    ,320,BURNABY   ,1,0,<null>,OPL
1117,ENSC    ,327,BURNABY   ,85,84,<null>,RQL
1101,ENSC    ,263,SURREY    ,70,66,<null>,TUT
1091,ENSC    ,195,OFF       ,25,5,<null>,SEC
1087,KIN     ,142,BURNABY   ,19,18,<null>,LAB
1087,KIN     ,142,BURNABY   ,19,19,<null>,LAB
1091,KIN     ,343,BURNABY   ,18,18,<null>,LAB
1084,KIN     ,142,BURNABY   ,18,16,<null>,LAB
1091,MACM    ,101,SURREY    ,24,23,<null>,TUT
1131,MATH    ,100,BURNABY   ,60,0,<null>,OPL
1084,MACM    ,101,SURREY    ,24,23,<null>,TUT
1087,CMPT    ,128,BURNABY   ,32,32,Janice Regan                                                                                                                                                                                                                                              ,LAB
1117,CMPT    ,225,BURNABY   ,26,26,David Mitchell                                                                                                                                                                                                                                            ,LAB
1087,CMPT    ,120,BURNABY   ,33,33,Diana Cukierman                                                                                                                                                                                                                                           ,LAB
1144,CMPT    ,120,BURNABY   ,26,24,Steven Pearce                                                                                                                                                                                                                                             ,LAB
1167,CMPT    ,120,BURNABY   ,25,25,Diana Cukierman                                                                                                                                                                                                                                           ,LAB
1104,CMPT    ,120,BURNABY   ,169,154,Colin Stewart                                                                                                                                                                                                                                             ,LEC
1177,CMPT    ,120,BURNABY   ,208,205,Diana Cukierman                                                                                                                                                                                                                                           ,LEC
1101,CMPT    ,120,SURREY    ,24,24,John Edgar                                                                                                                                                                                                                                                ,LAB
1127,CMPT    ,120,BURNABY   ,26,26,Diana Cukierman                                                                                                                                                                                                                                           ,LAB
1104,CMPT    ,120,BURNABY   ,26,18,Colin Stewart                                                                                                                                                                                                                                             ,LAB
1117,ENSC    ,894,BURNABY   ,4,3,Lesley Shannon                                                                                                                                                                                                                                            ,LAB
1091,KIN     ,110,BURNABY   ,18,18,<null>,TUT
1091,KIN     ,110,BURNABY   ,18,18,<null>,TUT
1091,KIN     ,110,HRBRCNTR  ,18,18,<null>,TUT
1081,KIN     ,110,BURNABY   ,18,17,<null>,TUT
1091,KIN     ,142,SURREY    ,17,14,<null>,LAB
1081,KIN     ,142,BURNABY   ,19,17,<null>,LAB
1084,CMNS    ,110,BURNABY   ,120,112,Donald Gutstein                                                                                                                                                                                                                                           ,SEC
1094,CMNS    ,110,BURNABY   ,120,108,Donald Gutstein                                                                                                                                                                                                                                           ,SEC
1094,CMNS    ,478,OFF       ,10,0,. TBD                                                                                                                                                                                                                                                     ,SEC
1111,CMPT    ,165,BURNABY   ,26,26,Gregory Baker                                                                                                                                                                                                                                             ,LAB
1127,CMPT    ,165,BURNABY   ,26,26,Anne Lavergne                                                                                                                                                                                                                                             ,LAB
1107,CMPT    ,165,BURNABY   ,175,164,Anne Lavergne                                                                                                                                                                                                                                             ,SEC
1101,CMPT    ,165,BURNABY   ,26,25,Gregory Baker                                                                                                                                                                                                                                             ,LAB
1101,CMPT    ,888,BURNABY   ,20,16,Ghassan Hamarneh                                                                                                                                                                                                                                          ,LEC
1081,CMPT    ,889,BURNABY   ,15,8,Richard Vaughan                                                                                                                                                                                                                                           ,LEC
1161,CMPT    ,881,BURNABY   ,45,22,Joseph Peters                                                                                                                                                                                                                                             ,LEC
1081,CMPT    ,881,BURNABY   ,20,7,". Faculty, Gabor Simonyi, Gabor Tardos                                                                                                                                                                                                                    ",LEC
1167,MSE     ,221,SURREY    ,0,0,<null>,LAB
1101,CMPT    ,427,OFF       ,10,8,Frances McLafferty                                                                                                                                                                                                                                        ,SEC
1144,CMPT    ,427,OFF       ,10,5,Harriet Chicoine                                                                                                                                                                                                                                          ,SEC
1101,CMPT    ,427,SURREY    ,15,5,Frances McLafferty                                                                                                                                                                                                                                        ,SEC
1181,CMPT    ,310,BURNABY   ,90,84,James Delgrande                                                                                                                                                                                                                                           ,LEC
1127,CMPT    ,308,BURNABY   ,32,29,Valentine Kabanets                                                                                                                                                                                                                                        ,LEC
1094,CMNS    ,347,BURNABY   ,54,45,"Robert Anderson, Terry Neiman                                                                                                                                                                                                                             ",LEC
1084,CMNS    ,371,BURNABY   ,40,35,Maureen Gillis                                                                                                                                                                                                                                            ,SEC
1107,CMPT    ,110,BURNABY   ,80,62,Mark Drew                                                                                                                                                                                                                                                 ,LEC
1081,CMNS    ,840,HRBRCNTR  ,20,0,Yuezhi Zhao                                                                                                                                                                                                                                               ,SEM
1091,CMNS    ,840,HRBRCNTR  ,15,6,Yuezhi Zhao                                                                                                                                                                                                                                               ,SEM
1121,CMPT    ,250,BURNABY   ,108,104,Anthony Dixon                                                                                                                                                                                                                                             ,LEC
1081,CMPT    ,250,BURNABY   ,30,17,Louis Hafer                                                                                                                                                                                                                                               ,LAB
1137,CMPT    ,165,BURNABY   ,26,25,Gregory Baker                                                                                                                                                                                                                                             ,LAB
1104,CMPT    ,165,SURREY    ,24,23,Harinder Khangura                                                                                                                                                                                                                                         ,LAB
1164,CMPT    ,165,SURREY    ,24,0,<null>,LAB
1181,MSE     ,495,SURREY    ,5,0,<null>,LAB
1174,MSE     ,498,SURREY    ,5,0,<null>,SEC
1144,MSE     ,411W      ,SURREY    ,0,0,<null>,OPL
1127,CMPT    ,120,BURNABY   ,26,25,Diana Cukierman                                                                                                                                                                                                                                           ,LAB
1114,CMPT    ,120,BURNABY   ,26,25,Gregory Baker                                                                                                                                                                                                                                             ,LAB
1177,ENSC    ,402,BURNABY   ,10,0,<null>,SEC
1081,ENSC    ,320,BURNABY   ,25,25,<null>,TUT
1134,ENSC    ,296,BURNABY   ,30,7,<null>,SEC
1094,ENSC    ,194,OFF       ,10,0,<null>,SEC
1107,ENSC    ,194,SURREY    ,5,0,<null>,SEC
1091,ENSC    ,195,SURREY    ,50,1,<null>,SEC
1117,ENSC    ,194,BURNABY   ,10,1,<null>,SEC
1111,ENSC    ,483,BURNABY   ,1,0,<null>,OPL
1087,ENSC    ,100,BURNABY   ,3,3,<null>,RQL
1137,ENSC    ,897,BURNABY   ,5,1,<null>,SEC
1141,ENSC    ,892,OFF       ,10,0,<null>,SEC
1091,ENSC    ,396,BURNABY   ,10,2,<null>,SEC
1164,ENSC    ,899,OFF       ,10,1,<null>,SEC
1081,ENSC    ,296,BURNABY   ,20,2,<null>,SEC
1174,ENSC    ,425,BURNABY   ,40,0,<null>,RQL
1167,MSE     ,320,SURREY    ,40,0,<null>,LAB
1091,IAT     ,344,SURREY    ,0,0,<null>,OPL
1094,KIN     ,142,SURREY    ,17,16,<null>,LAB
1131,MATH    ,819,BURNABY   ,5,0,<null>,TUT
1114,MATH    ,437,OFF       ,20,0,<null>,SEC
1087,REM     ,100,BURNABY   ,18,17,<null>,TUT
1087,REM     ,100,BURNABY   ,18,18,<null>,TUT
1087,REM     ,100,BURNABY   ,18,18,<null>,TUT
1104,CMPT    ,165,BURNABY   ,25,25,Bobby Chan                                                                                                                                                                                                                                                ,LAB
1154,CMPT    ,165,SURREY    ,26,23,Brian Fraser                                                                                                                                                                                                                                              ,LAB
1137,CMPT    ,165,SURREY    ,26,26,Bobby Chan                                                                                                                                                                                                                                                ,LAB
1151,CMPT    ,307,BURNABY   ,85,85,Pavol Hell                                                                                                                                                                                                                                                ,LEC
1131,CMPT    ,250,BURNABY   ,26,26,Anthony Dixon                                                                                                                                                                                                                                             ,LAB
1117,CMPT    ,300,BURNABY   ,85,79,Michael Evans                                                                                                                                                                                                                                             ,LEC
1097,CMPT    ,419,BURNABY   ,20,8,Gregory Mori                                                                                                                                                                                                                                              ,LEC
1127,CMPT    ,419,HRBRCNTR  ,18,15,Ghassan Hamarneh                                                                                                                                                                                                                                          ,LEC
1154,MATH    ,232,SURREY    ,0,0,<null>,OPL
1171,CMPT    ,416,BURNABY   ,5,1,John Edgar                                                                                                                                                                                                                                                ,SEC
1181,CMPT    ,416,BURNABY   ,1,1,Parmit Chilana                                                                                                                                                                                                                                            ,SEC
1101,CMPT    ,427,BURNABY   ,30,24,Frances McLafferty                                                                                                                                                                                                                                        ,SEC
1144,MATH    ,232,SURREY    ,0,0,<null>,OPL
1141,CMPT    ,307,BURNABY   ,70,73,Valentine Kabanets                                                                                                                                                                                                                                        ,LEC
1081,CMPT    ,250,BURNABY   ,30,25,Louis Hafer                                                                                                                                                                                                                                               ,LAB
1121,CMPT    ,300,BURNABY   ,85,83,Steven Pearce                                                                                                                                                                                                                                             ,LEC
1164,CMPT    ,300,BURNABY   ,100,129,Janice Regan                                                                                                                                                                                                                                              ,LEC
1174,CMPT    ,415,BURNABY   ,8,8,John Edgar                                                                                                                                                                                                                                                ,SEC
1151,ENSC    ,350,BURNABY   ,90,0,<null>,LEC
1137,CMPT    ,379,BURNABY   ,50,35,Anoop Sarkar                                                                                                                                                                                                                                              ,LEC
1111,MATH    ,232,BURNABY   ,60,0,<null>,OPL
1091,CMPT    ,481,BURNABY   ,0,0,<null>,LEC
1104,CMPT    ,430,BURNABY   ,30,4,Harriet Chicoine                                                                                                                                                                                                                                          ,SEC
1114,CMPT    ,430,OFF       ,5,0,Frances McLafferty                                                                                                                                                                                                                                        ,SEC
1147,CMPT    ,471,BURNABY   ,45,43,Qianping Gu                                                                                                                                                                                                                                               ,LEC
1164,ENSC    ,2XX       ,BURNABY   ,0,2,<null>,LEC
1141,MACM    ,203,BURNABY   ,22,21,<null>,LAB
1084,MATH    ,338,BURNABY   ,32,13,<null>,TUT
1094,MATH    ,338,BURNABY   ,32,9,<null>,TUT
1094,CMNS    ,253W      ,BURNABY   ,16,15,<null>,LAB
1091,MATH    ,380W      ,BURNABY   ,25,23,<null>,TUT
1181,ENSC    ,495,BURNABY   ,9,9,Michael Adachi                                                                                                                                                                                                                                            ,LEC
1087,ENSC    ,805,BURNABY   ,30,1,Paul Ho                                                                                                                                                                                                                                                   ,LEC
1157,ENSC    ,100W      ,BURNABY   ,8,8,<null>,LAB
1157,ENSC    ,100W      ,BURNABY   ,8,8,<null>,LAB
1114,ENSC    ,895,SURREY    ,2,0,<null>,LAB
1087,KIN     ,452,OFF       ,15,1,Darleen Bemister                                                                                                                                                                                                                                          ,PRA
1097,MATH    ,336,BURNABY   ,20,1,Faye Stefan                                                                                                                                                                                                                                               ,SEC
1114,MATH    ,336,OFF       ,20,0,Faye Stefan                                                                                                                                                                                                                                               ,SEC
1087,MATH    ,310,SURREY    ,72,51,Natalia Kouzniak                                                                                                                                                                                                                                          ,LEC
1131,MATH    ,314,BURNABY   ,64,37,Nilima Nigam                                                                                                                                                                                                                                              ,LEC
1111,CMPT    ,165,BURNABY   ,26,25,Gregory Baker                                                                                                                                                                                                                                             ,LAB
1161,CMPT    ,300,BURNABY   ,100,98,Steven Pearce                                                                                                                                                                                                                                             ,LEC
1181,CMPT    ,218,BURNABY   ,24,20,Bobby Chan                                                                                                                                                                                                                                                ,LAB
1181,CMPT    ,218,BURNABY   ,24,0,Bobby Chan                                                                                                                                                                                                                                                ,LAB
1131,CMPT    ,250,BURNABY   ,26,26,Anthony Dixon                                                                                                                                                                                                                                             ,LAB
1084,CMPT    ,165,BURNABY   ,125,116,"Frederick Popowich, Steven Pearce                                                                                                                                                                                                                         ",SEC
1107,CMPT    ,415,BURNABY   ,9,9,"Alexandra Fedorova, Arthur Kirkpatrick, James Delgrande, Martin Ester, Richard Vaughan                                                                                                                                                                    ",SEC
1131,CMPT    ,415,BURNABY   ,9,9,"Arrvindh Shriraman, Jiangchuan Liu, Richard Vaughan                                                                                                                                                                                                       ",SEC
1174,CMPT    ,415,BURNABY   ,1,1,William Sumner                                                                                                                                                                                                                                            ,SEC
1171,CMPT    ,371,BURNABY   ,85,72,Qianping Gu                                                                                                                                                                                                                                               ,LEC
1154,CMPT    ,470,BURNABY   ,90,92,Mehrdad Oveisi-Fordoei                                                                                                                                                                                                                                    ,LEC
1157,ENSC    ,220,BURNABY   ,50,53,Meenakshinathan Parameswaran                                                                                                                                                                                                                              ,LAB
1117,ENSC    ,201,BURNABY   ,122,120,John Jones                                                                                                                                                                                                                                                ,LAB
1094,ENSC    ,320,BURNABY   ,50,34,R Hardy                                                                                                                                                                                                                                                   ,LEC
1114,ENSC    ,429,BURNABY   ,35,32,". Faculty, Daniel Lee                                                                                                                                                                                                                                     ",LEC
1171,ENSC    ,295,OFF       ,10,12,Harriet Chicoine                                                                                                                                                                                                                                          ,SEC
1157,ENSC    ,295,BURNABY   ,25,28,Harriet Chicoine                                                                                                                                                                                                                                          ,SEC
1171,ENSC    ,295,BURNABY   ,40,39,Harriet Chicoine                                                                                                                                                                                                                                          ,SEC
1117,ENSC    ,426,BURNABY   ,30,23,Shawn Stapleton                                                                                                                                                                                                                                           ,TUT
1097,ENSC    ,383,BURNABY   ,70,37,Kamal Gupta                                                                                                                                                                                                                                               ,LEC
1134,CMPT    ,899,BURNABY   ,100,92,. Faculty                                                                                                                                                                                                                                                 ,SEC
1117,MACM    ,204,BURNABY   ,19,19,<null>,LAB
1137,MATH    ,304,BURNABY   ,25,21,<null>,TUT
1121,MATH    ,380W      ,BURNABY   ,28,23,<null>,TUT
1081,CMNS    ,253W      ,HRBRCNTR  ,12,12,<null>,LAB
1141,ENSC    ,350,BURNABY   ,48,52,Lakshman One                                                                                                                                                                                                                                              ,TUT
1141,ENSC    ,230,BURNABY   ,49,0,Shahram Payandeh                                                                                                                                                                                                                                          ,OPL
1121,ENSC    ,225,BURNABY   ,90,65,. Sessional                                                                                                                                                                                                                                               ,TUT
1181,ENSC    ,395,OFF       ,10,0,Harriet Chicoine                                                                                                                                                                                                                                          ,SEC
1117,ENSC    ,387,BURNABY   ,50,20,. Sessional                                                                                                                                                                                                                                               ,TUT
1141,ENSC    ,395,BURNABY   ,20,19,Harriet Chicoine                                                                                                                                                                                                                                          ,SEC
1167,ENSC    ,395,OFF       ,25,10,Harriet Chicoine                                                                                                                                                                                                                                          ,SEC
1141,ENSC    ,351,BURNABY   ,22,0,<null>,TUT
1091,ENSC    ,810,BURNABY   ,25,4,Rodney Vaughan                                                                                                                                                                                                                                            ,LEC
1181,CMPT    ,371,BURNABY   ,85,81,Balbir Gill                                                                                                                                                                                                                                               ,LEC
1167,CMPT    ,430,OFF       ,3,0,Harriet Chicoine                                                                                                                                                                                                                                          ,SEC
1177,CMPT    ,430,METRO     ,15,2,Harriet Chicoine                                                                                                                                                                                                                                          ,SEC
1097,CMPT    ,430,OFF       ,10,3,Frances McLafferty                                                                                                                                                                                                                                        ,SEC
1154,CMPT    ,427,SURREY    ,10,10,Harriet Chicoine                                                                                                                                                                                                                                          ,SEC
1181,CMPT    ,899,OFF       ,10,3,. Faculty                                                                                                                                                                                                                                                 ,SEC
1171,CMPT    ,740,BURNABY   ,20,13,Wo-Shun Luk                                                                                                                                                                                                                                               ,LEC
1137,ENSC    ,4XX       ,BURNABY   ,1,1,<null>,LEC
1181,MSE     ,496,SURREY    ,5,0,<null>,LAB
1111,MATH    ,302,BURNABY   ,32,27,<null>,TUT
1141,MSE     ,391,SURREY    ,100,0,<null>,TUT
1167,MSE     ,486,SURREY    ,5,0,<null>,SEM
1171,MSE     ,496,SURREY    ,5,0,<null>,LAB
1144,MATH    ,1XX       ,BURNABY   ,1,3,<null>,LEC
1134,MACM    ,201,BURNABY   ,0,1,Ladislav Stacho                                                                                                                                                                                                                                           ,SEC
1141,ENSC    ,380,BURNABY   ,150,134,Atousa Hajshirmohammadi                                                                                                                                                                                                                                   ,TUT
1094,MATH    ,879,BURNABY   ,6,0,<null>,SEC
1084,KIN     ,453,BURNABY   ,5,2,Darleen Bemister                                                                                                                                                                                                                                          ,PRA
1164,MSE     ,487,SURREY    ,5,0,<null>,SEM
1164,MSE     ,892,SURREY    ,15,0,<null>,SEC
1084,IAT     ,102,SURREY    ,24,25,<null>,TUT
1091,MATH    ,154,BURNABY   ,250,198,Cedric Chauve                                                                                                                                                                                                                                             ,LEC
1127,MATH    ,152,BURNABY   ,333,267,Jamie Mulholland                                                                                                                                                                                                                                          ,LEC
1087,MATH    ,343,BURNABY   ,64,17,Luis Goddyn                                                                                                                                                                                                                                               ,LEC
1087,MATH    ,336,OFF       ,10,0,Faye Stefan                                                                                                                                                                                                                                               ,SEC
1154,MATH    ,890,BURNABY   ,20,0,Stuart Billings                                                                                                                                                                                                                                           ,SEC
1144,MATH    ,890,OFF       ,20,0,Stuart Billings                                                                                                                                                                                                                                           ,SEC
1114,MATH    ,336,BURNABY   ,20,4,Faye Stefan                                                                                                                                                                                                                                               ,SEC
1131,MATH    ,891,OFF       ,6,0,Stuart Billings                                                                                                                                                                                                                                           ,SEC
1171,MATH    ,496,BURNABY   ,20,9,Tom Archibald                                                                                                                                                                                                                                             ,LEC
1151,MATH    ,894,BURNABY   ,6,0,. Faculty                                                                                                                                                                                                                                                 ,SEC
1087,MATH    ,894,BURNABY   ,6,0,. Faculty                                                                                                                                                                                                                                                 ,SEC
1097,MATH    ,894,BURNABY   ,6,0,. Faculty                                                                                                                                                                                                                                                 ,SEC
1091,KIN     ,304W      ,BURNABY   ,18,17,<null>,TUT
1134,CMPT    ,880,SURREY    ,24,0,<null>,LEC
1181,CMPT    ,129,BURNABY   ,25,11,Bradley Bart                                                                                                                                                                                                                                              ,LAB
1174,MSE     ,922,SURREY    ,8,7,Farid Golnaraghi                                                                                                                                                                                                                                          ,SEM
1177,CMPT    ,295,BURNABY   ,26,27,Bradley Bart                                                                                                                                                                                                                                              ,LAB
1147,ENSC    ,251,BURNABY   ,48,47,Lesley Shannon                                                                                                                                                                                                                                            ,LAB
1147,ENSC    ,251,BURNABY   ,48,45,Lesley Shannon                                                                                                                                                                                                                                            ,LAB
1161,ENSC    ,495,BURNABY   ,13,9,Glenn Chapman                                                                                                                                                                                                                                             ,LEC
1151,ENSC    ,805,BURNABY   ,50,10,Paul Ho                                                                                                                                                                                                                                                   ,LEC
1111,ENSC    ,495,BURNABY   ,6,5,Albert Leung                                                                                                                                                                                                                                              ,LAB
1087,ENSC    ,492,BURNABY   ,3,0,. Faculty                                                                                                                                                                                                                                                 ,SEC
1121,ENSC    ,887,BURNABY   ,15,3,Kamal Gupta                                                                                                                                                                                                                                               ,LEC
1127,ENSC    ,898,SURREY    ,70,25,. Faculty                                                                                                                                                                                                                                                 ,SEC
1084,ENSC    ,224,BURNABY   ,50,15,<null>,LAB
1167,MATH    ,157,SURREY    ,150,124,Ping Ding                                                                                                                                                                                                                                                 ,LEC
1111,MATH    ,152,SURREY    ,130,122,Abraham Punnen                                                                                                                                                                                                                                            ,LEC
1101,MATH    ,100,BURNABY   ,300,245,Nadia Nosrati Kenareh                                                                                                                                                                                                                                     ,LEC
1111,MATH    ,100,BURNABY   ,275,204,Nadia Nosrati Kenareh                                                                                                                                                                                                                                     ,LEC
1101,MATH    ,242,BURNABY   ,56,35,Nilima Nigam                                                                                                                                                                                                                                              ,LEC
1084,MATH    ,254,BURNABY   ,35,31,<null>,TUT
1164,MATH    ,254,BURNABY   ,40,29,<null>,TUT
1097,MATH    ,150,SURREY    ,30,0,<null>,LEC
1091,ENSC    ,376,BURNABY   ,15,0,<null>,OPL
1094,MATH    ,882,BURNABY   ,10,0,<null>,SEC
1174,MATH    ,882,BURNABY   ,10,0,<null>,SEC
1084,CMPT    ,120,BURNABY   ,21,17,<null>,LAB
1107,CMPT    ,128,SURREY    ,0,0,<null>,LAB
1124,CMPT    ,128,SURREY    ,0,0,<null>,LAB
1164,MSE     ,353,SURREY    ,130,113,Jiacheng Wang                                                                                                                                                                                                                                             ,LEC
1134,MSE     ,895,SURREY    ,10,13,Woo Soo Kim                                                                                                                                                                                                                                               ,LEC
1144,MSE     ,811,SURREY    ,15,6,Behraad Bahreyni                                                                                                                                                                                                                                          ,LEC
1161,MSE     ,750,SURREY    ,5,4,Jiacheng Wang                                                                                                                                                                                                                                             ,LAB
1147,ENSC    ,120,BURNABY   ,281,280,Meenakshinathan Parameswaran                                                                                                                                                                                                                              ,LEC
1157,ENSC    ,120,BURNABY   ,340,319,Meenakshinathan Parameswaran                                                                                                                                                                                                                              ,LEC
1087,ENSC    ,100W      ,BURNABY   ,4,4,<null>,RQL
1097,ENSC    ,100W      ,BURNABY   ,8,8,<null>,RQL
1104,MATH    ,894,BURNABY   ,6,0,. Faculty                                                                                                                                                                                                                                                 ,SEC
1141,MATH    ,892,BURNABY   ,6,0,Stuart Billings                                                                                                                                                                                                                                           ,SEC
1111,MATH    ,893,BURNABY   ,6,0,Faye Stefan                                                                                                                                                                                                                                               ,SEC
1151,MATH    ,892,BURNABY   ,6,0,Stuart Billings                                                                                                                                                                                                                                           ,SEC
1084,KIN     ,304W      ,BURNABY   ,16,15,<null>,TUT
1177,CMPT    ,295,BURNABY   ,26,26,Bradley Bart                                                                                                                                                                                                                                              ,LAB
1157,ENSC    ,385,BURNABY   ,60,27,Carlo Menon                                                                                                                                                                                                                                               ,RQL
1157,ENSC    ,477,BURNABY   ,35,15,"Marinko Sarunic, Teresa Cheung                                                                                                                                                                                                                            ",TUT
1151,MSE     ,426,SURREY    ,30,31,Gary Wang                                                                                                                                                                                                                                                 ,LAB
1151,MSE     ,426,SURREY    ,30,31,Gary Wang                                                                                                                                                                                                                                                 ,LAB
1164,ENSC    ,251,BURNABY   ,38,23,William Scratchley                                                                                                                                                                                                                                        ,LAB
1174,ENSC    ,251,BURNABY   ,45,45,William Scratchley                                                                                                                                                                                                                                        ,LAB
1174,MSE     ,353,SURREY    ,100,81,Jiacheng Wang                                                                                                                                                                                                                                             ,LEC
1151,MSE     ,721,SURREY    ,15,4,Siamak Arzanpour                                                                                                                                                                                                                                          ,LEC
1151,MSE     ,750,SURREY    ,5,5,Mehrdad Moallem                                                                                                                                                                                                                                           ,LEC
1141,MSE     ,280,SURREY    ,60,61,Amr Marzouk                                                                                                                                                                                                                                               ,LAB
1141,MSE     ,450,SURREY    ,72,62,Jiacheng Wang                                                                                                                                                                                                                                             ,LEC
1161,MSE     ,450,SURREY    ,34,33,Jiacheng Wang                                                                                                                                                                                                                                             ,LAB
1164,MSE     ,381,SURREY    ,43,32,Mohammad Narimani                                                                                                                                                                                                                                         ,LAB
1164,MSE     ,381,SURREY    ,43,38,Mohammad Narimani                                                                                                                                                                                                                                         ,LAB
1087,CMNS    ,240,BURNABY   ,0,0,<null>,TUT
1107,ENSC    ,231,SURREY    ,75,69,<null>,TUT
1111,MATH    ,100,SURREY    ,100,58,Gaitri Yapa                                                                                                                                                                                                                                               ,LEC
1091,TECH    ,106,SURREY    ,24,0,<null>,LAB
1081,MACM    ,316,SURREY    ,32,32,Zhaosong Lu                                                                                                                                                                                                                                               ,LEC
1101,MATH    ,100,SURREY    ,90,59,Gaitri Yapa                                                                                                                                                                                                                                               ,LEC
1101,MACM    ,202,BURNABY   ,44,26,Cedric Chauve                                                                                                                                                                                                                                             ,LEC
1147,MACM    ,201,BURNABY   ,300,173,Cedric Chauve                                                                                                                                                                                                                                             ,LEC
1107,ENSC    ,329,SURREY    ,66,47,<null>,TUT
1161,MATH    ,308,BURNABY   ,129,128,Ladislav Stacho                                                                                                                                                                                                                                           ,LEC
1171,MATH    ,308,BURNABY   ,135,123,Luis Goddyn                                                                                                                                                                                                                                               ,LEC
1144,ENSC    ,303,BURNABY   ,6,0,<null>,SEM
1181,MATH    ,308,BURNABY   ,104,95,Luis Goddyn                                                                                                                                                                                                                                               ,LEC
1134,MSE     ,381,SURREY    ,32,19,Siamak Arzanpour                                                                                                                                                                                                                                          ,LAB
1177,MSE     ,310,SURREY    ,108,77,Mohammad Narimani                                                                                                                                                                                                                                         ,LEC
1137,MSE     ,310,SURREY    ,80,79,Edward Park                                                                                                                                                                                                                                               ,TUT
1177,MSE     ,100,SURREY    ,20,20,"Kambiz Haji Hajikolaei, Krishna Vijayaraghavan                                                                                                                                                                                                            ",LAB
1144,MSE     ,893,SURREY    ,0,0,". TBD, Mehran Shirazi                                                                                                                                                                                                                                     ",LEC
1151,MSE     ,394,SURREY    ,10,4,Stephanie DeRapp                                                                                                                                                                                                                                          ,SEC
1177,MSE     ,394,OFF       ,15,0,Stephanie DeRapp                                                                                                                                                                                                                                          ,SEC
1164,MSE     ,492,SURREY    ,5,0,". TBD, Kevin Oldknow                                                                                                                                                                                                                                      ",LEC
1134,MSE     ,400,SURREY    ,100,78,Maureen Hindy                                                                                                                                                                                                                                             ,TUT
1161,MSE     ,390,SURREY    ,24,25,Flavio Firmani                                                                                                                                                                                                                                            ,LAB
1174,ENSC    ,254,BURNABY   ,43,42,William Scratchley                                                                                                                                                                                                                                        ,LAB
1167,ENSC    ,252,BURNABY   ,44,38,Lakshman One                                                                                                                                                                                                                                              ,LAB
1174,ENSC    ,254,BURNABY   ,45,41,William Scratchley                                                                                                                                                                                                                                        ,LAB
1181,MSE     ,251,SURREY    ,35,35,Behraad Bahreyni                                                                                                                                                                                                                                          ,LAB
1181,MSE     ,294,OFF       ,15,0,Stephanie DeRapp                                                                                                                                                                                                                                          ,SEC
1177,MSE     ,294,OFF       ,10,0,Stephanie DeRapp                                                                                                                                                                                                                                          ,SEC
1147,CMPT    ,130,SURREY    ,26,25,Toby Donaldson                                                                                                                                                                                                                                            ,LAB
1147,CMPT    ,166,SURREY    ,130,130,Toby Donaldson                                                                                                                                                                                                                                            ,LEC
1157,CMPT    ,166,SURREY    ,130,129,Karol Swietlicki                                                                                                                                                                                                                                          ,LEC
1131,CMPT    ,628,METRO     ,30,0,Harriet Chicoine                                                                                                                                                                                                                                          ,PRA
1137,MSE     ,250,SURREY    ,100,86,Ahmad Rad                                                                                                                                                                                                                                                 ,LEC
1161,MSE     ,402,SURREY    ,102,90,Maureen Hindy                                                                                                                                                                                                                                             ,TUT
1171,MSE     ,402,SURREY    ,108,98,Maureen Hindy                                                                                                                                                                                                                                             ,TUT
1171,MSE     ,493,SURREY    ,20,17,Stephanie DeRapp                                                                                                                                                                                                                                          ,SEC
1177,MSE     ,490,SURREY    ,50,36,Flavio Firmani                                                                                                                                                                                                                                            ,SEM
1147,MSE     ,497,SURREY    ,5,1,Edward Park                                                                                                                                                                                                                                               ,LAB
1157,MSE     ,497,SURREY    ,5,0,Edward Park                                                                                                                                                                                                                                               ,LAB
1137,MSE     ,391,SURREY    ,30,30,Amr Marzouk                                                                                                                                                                                                                                               ,LAB
1147,MSE     ,220,SURREY    ,120,115,Woo Soo Kim                                                                                                                                                                                                                                               ,LEC
1177,MSE     ,220,SURREY    ,40,36,Ghasem Behfarshad                                                                                                                                                                                                                                         ,LAB
1117,MATH    ,190,BURNABY   ,150,106,Malgorzata Dubiel                                                                                                                                                                                                                                         ,LEC
1107,MATH    ,151,SURREY    ,90,80,Zhaosong Lu                                                                                                                                                                                                                                               ,LEC
1111,MATH    ,152,BURNABY   ,440,384,Soroosh Yazdani                                                                                                                                                                                                                                           ,LEC
1144,MATH    ,152,BURNABY   ,253,203,Chiaka Drakes                                                                                                                                                                                                                                             ,LEC
1111,MATH    ,890,BURNABY   ,6,0,Faye Stefan                                                                                                                                                                                                                                               ,SEC
1137,MATH    ,425,BURNABY   ,20,13,Nilima Nigam                                                                                                                                                                                                                                              ,LEC
1107,MATH    ,424,BURNABY   ,30,14,Stephen Choi                                                                                                                                                                                                                                              ,LEC
1114,MATH    ,894,BURNABY   ,6,4,Cedric Chauve                                                                                                                                                                                                                                             ,SEC
1151,MATH    ,894,BURNABY   ,6,0,. Faculty                                                                                                                                                                                                                                                 ,SEC
1111,MATH    ,893,OFF       ,20,0,"Faye Stefan, Manfred Trummer                                                                                                                                                                                                                              ",SEC
1134,MSE     ,391,SURREY    ,100,74,Amr Marzouk                                                                                                                                                                                                                                               ,SEM
1164,MSE     ,110,SURREY    ,71,67,Amr Marzouk                                                                                                                                                                                                                                               ,LEC
1167,MSE     ,110,SURREY    ,30,23,Amr Marzouk                                                                                                                                                                                                                                               ,LAB
1131,CMPT    ,628,OFF       ,3,2,Harriet Chicoine                                                                                                                                                                                                                                          ,PRA
1117,CMPT    ,166,SURREY    ,24,23,Toby Donaldson                                                                                                                                                                                                                                            ,TUT
1131,CMPT    ,166,SURREY    ,25,22,Oren Shklarsky                                                                                                                                                                                                                                            ,LAB
1177,CMPT    ,373,SURREY    ,24,24,Brian Fraser                                                                                                                                                                                                                                              ,TUT
1141,CMPT    ,473,SURREY    ,40,35,William Sumner                                                                                                                                                                                                                                            ,LEC
1167,CMPT    ,473,SURREY    ,60,23,Robert Cameron                                                                                                                                                                                                                                            ,LEC
1177,CMPT    ,373,SURREY    ,24,24,Brian Fraser                                                                                                                                                                                                                                              ,TUT
1131,CMPT    ,166,SURREY    ,25,23,Oren Shklarsky                                                                                                                                                                                                                                            ,LAB
1174,CMPT    ,166,SURREY    ,26,24,Harinder Khangura                                                                                                                                                                                                                                         ,LAB
1171,CMPT    ,166,SURREY    ,24,19,. Faculty                                                                                                                                                                                                                                                 ,LAB
1177,MATH    ,709,BURNABY   ,4,2,Benjamin Adcock                                                                                                                                                                                                                                           ,LEC
1107,DDP     ,210,OFF       ,30,5,Qianping Gu                                                                                                                                                                                                                                               ,SEC
1131,DDP     ,310,OFF       ,30,6,Qianping Gu                                                                                                                                                                                                                                               ,SEC
1087,TECH    ,106,SURREY    ,120,110,Belgacem Ben Youssef                                                                                                                                                                                                                                      ,LEC
1087,TECH    ,106,SURREY    ,24,23,Michael Sjoerdsma                                                                                                                                                                                                                                         ,LAB
1084,WKTM    ,200,SURREY    ,50,14,"Frances McLafferty, Navinder Chima                                                                                                                                                                                                                        ",SEC
1124,CMPT    ,496,BURNABY   ,2,2,Gregory Baker                                                                                                                                                                                                                                             ,SEM
1167,MSE     ,220,SURREY    ,0,0,Woo Soo Kim                                                                                                                                                                                                                                               ,LAB
1141,MSE     ,401W      ,SURREY    ,72,57,Vivian Neal                                                                                                                                                                                                                                               ,LEC
1181,MSE     ,280,SURREY    ,100,95,Amr Marzouk                                                                                                                                                                                                                                               ,LEC
1154,MSE     ,110,SURREY    ,30,0,. TBD                                                                                                                                                                                                                                                     ,LAB
1134,MSE     ,110,SURREY    ,30,25,Amr Marzouk                                                                                                                                                                                                                                               ,TUT
1151,MSE     ,110,SURREY    ,30,0,Amr Marzouk                                                                                                                                                                                                                                               ,LAB
1147,MSE     ,294,OFF       ,10,0,Stephanie DeRapp                                                                                                                                                                                                                                          ,SEC
1171,MSE     ,294,OFF       ,10,0,Stephanie DeRapp                                                                                                                                                                                                                                          ,SEC
1131,ENSC    ,280,SURREY    ,100,102,Erik Kjeang                                                                                                                                                                                                                                               ,TUT
1181,CMPT    ,828,BURNABY   ,25,12,Mark Drew                                                                                                                                                                                                                                                 ,SEM
1141,MATH    ,894,BURNABY   ,6,0,. Faculty                                                                                                                                                                                                                                                 ,SEC
1124,ENSC    ,442W      ,SURREY    ,17,0,<null>,LAB
1121,MATH    ,158,BURNABY   ,60,0,<null>,OPL
1137,MSE     ,293,SURREY    ,25,0,<null>,SEC
1087,MATH    ,308,BURNABY   ,32,14,<null>,TUT
1177,MATH    ,309,BURNABY   ,36,34,<null>,TUT
1174,MSE     ,405W      ,SURREY    ,120,0,<null>,TUT
1171,ENSC    ,350,BURNABY   ,45,0,<null>,RQL
1084,MATH    ,338,BURNABY   ,32,0,<null>,TUT
1131,ENSC    ,461,SURREY    ,30,0,<null>,LEC
1167,ENSC    ,100W      ,BURNABY   ,8,0,Michael Sjoerdsma                                                                                                                                                                                                                                         ,LAB
1101,ENSC    ,376,BURNABY   ,0,0,<null>,LEC
1081,IAT     ,410,SURREY    ,25,0,<null>,INS
1107,MATH    ,150,BURNABY   ,230,162,Allan Majdanac                                                                                                                                                                                                                                            ,LEC
1177,ENSC    ,100W      ,BURNABY   ,8,7,Michael Sjoerdsma                                                                                                                                                                                                                                         ,LAB
1117,ENSC    ,100W      ,BURNABY   ,5,6,. Faculty                                                                                                                                                                                                                                                 ,TUT
1117,ENSC    ,100W      ,BURNABY   ,6,7,. Faculty                                                                                                                                                                                                                                                 ,TUT
1177,ENSC    ,100W      ,BURNABY   ,8,6,Michael Sjoerdsma                                                                                                                                                                                                                                         ,LAB
1091,KIN     ,221,BURNABY   ,57,56,Ingrid Northwood                                                                                                                                                                                                                                          ,LEC
1094,KIN     ,444,BURNABY   ,15,11,<null>,LAB
1157,MATH    ,100,BURNABY   ,60,0,<null>,OPL
1087,MACM    ,101,SURREY    ,24,22,<null>,LAB
1101,MATH    ,157,BURNABY   ,60,0,<null>,OPL
1081,MATH    ,748,SURREY    ,10,5,Tamon Stephen                                                                                                                                                                                                                                             ,LEC
1181,MATH    ,877,BURNABY   ,5,0,<null>,SEC
1151,MATH    ,126,BURNABY   ,32,0,<null>,LEC
1084,CMPT    ,126,BURNABY   ,28,0,<null>,LEC
1087,IAT     ,443,SURREY    ,24,24,David Milam                                                                                                                                                                                                                                               ,LAB
1167,MATH    ,882,BURNABY   ,10,0,"Marni Mishna, Razvan Fetecau                                                                                                                                                                                                                              ",SEC
1091,IAT     ,313,SURREY    ,48,0,<null>,LEC
1121,ENSC    ,476,BURNABY   ,20,0,<null>,TUT
1107,MATH    ,818,BURNABY   ,25,5,Karen Yeats                                                                                                                                                                                                                                               ,LEC
1097,CMPT    ,128,BURNABY   ,130,108,Janice Regan                                                                                                                                                                                                                                              ,LEC
1171,CMPT    ,225,BURNABY   ,182,177,Thomas Shermer                                                                                                                                                                                                                                            ,LEC
1081,REM     ,699,BURNABY   ,120,31,<null>,SEC
1087,TECH    ,106,SURREY    ,24,24,John Dill                                                                                                                                                                                                                                                 ,LAB
1127,ENSC    ,231,SURREY    ,100,99,Woo Soo Kim                                                                                                                                                                                                                                               ,LEC
1104,CMPT    ,777,BURNABY   ,15,11,Evgenia Ternovska                                                                                                                                                                                                                                         ,LEC
1151,MATH    ,341,BURNABY   ,17,15,Matthew DeVos                                                                                                                                                                                                                                             ,LEC
1081,IAT     ,222,SURREY    ,200,198,Niranjan Rajah                                                                                                                                                                                                                                            ,LEC
1087,KIN     ,142,BURNABY   ,19,19,<null>,LAB
1167,CMPT    ,441,BURNABY   ,30,14,Leonid Chindelevitch                                                                                                                                                                                                                                      ,LEC
1177,CMPT    ,441,BURNABY   ,30,19,Leonid Chindelevitch                                                                                                                                                                                                                                      ,LEC
1087,KIN     ,207,BURNABY   ,19,19,<null>,TUT
1171,CMPT    ,376W      ,BURNABY   ,80,79,Milan Tofiloski                                                                                                                                                                                                                                           ,LEC
1181,CMPT    ,376W      ,BURNABY   ,80,69,". Faculty, Milan Tofiloski                                                                                                                                                                                                                                ",LEC
1087,KIN     ,481,BURNABY   ,18,8,<null>,TUT
1167,CMPT    ,106,SURREY    ,55,52,Harinder Khangura                                                                                                                                                                                                                                         ,LEC
1167,CMPT    ,106,SURREY    ,24,8,Harinder Khangura                                                                                                                                                                                                                                         ,LAB
1131,CHIN    ,182,BURNABY   ,25,18,Haisheng Jiang                                                                                                                                                                                                                                            ,TUT
1121,MATH    ,302,BURNABY   ,64,59,John Stockie                                                                                                                                                                                                                                              ,LEC
1081,REM     ,100,SURREY    ,54,0,<null>,LEC
1081,TECH    ,114,SURREY    ,48,23,Joshua Tanenbaum                                                                                                                                                                                                                                          ,LAB
1147,ENSC    ,859,BURNABY   ,50,20,Bonnie Gray                                                                                                                                                                                                                                               ,LEC
1111,ENSC    ,451,SURREY    ,50,32,Mehrdad Moallem                                                                                                                                                                                                                                           ,LEC
1117,ENSC    ,281,SURREY    ,94,96,Woo Soo Kim                                                                                                                                                                                                                                               ,TUT
1127,CMPT    ,771,BURNABY   ,24,15,Jiangchuan Liu                                                                                                                                                                                                                                            ,LEC
1101,MATH    ,240,BURNABY   ,100,93,Bojan Mohar                                                                                                                                                                                                                                               ,LEC
1107,ENSC    ,100W      ,BURNABY   ,5,5,Michael Sjoerdsma                                                                                                                                                                                                                                         ,TUT
1181,CMPT    ,225,BURNABY   ,26,26,David Mitchell                                                                                                                                                                                                                                            ,LAB
1097,CMPT    ,120,SURREY    ,25,25,Toby Donaldson                                                                                                                                                                                                                                            ,LAB
1091,CMPT    ,125,BURNABY   ,26,26,Diana Cukierman                                                                                                                                                                                                                                           ,LAB
1164,CMPT    ,225,BURNABY   ,26,26,Anne Lavergne                                                                                                                                                                                                                                             ,LAB
1121,CMPT    ,889,SURREY    ,12,6,Tamara Smyth                                                                                                                                                                                                                                              ,LEC
1091,CMNS    ,387,BURNABY   ,42,40,Stuart Poyntz                                                                                                                                                                                                                                             ,SEM
1091,CMNS    ,387,BURNABY   ,30,29,Dal Jin                                                                                                                                                                                                                                                   ,SEM
1087,ENSC    ,894,BURNABY   ,7,7,Lesley Shannon                                                                                                                                                                                                                                            ,LEC
1104,ENSC    ,894,SURREY    ,8,7,Erik Kjeang                                                                                                                                                                                                                                               ,LEC
1177,CMPT    ,128,BURNABY   ,24,20,Liaqat Ali                                                                                                                                                                                                                                                ,LAB
1174,CMPT    ,225,BURNABY   ,26,24,Anne Lavergne                                                                                                                                                                                                                                             ,LAB
1087,CMPT    ,128,BURNABY   ,31,30,Janice Regan                                                                                                                                                                                                                                              ,LAB
1104,CMPT    ,128,SURREY    ,24,20,John Edgar                                                                                                                                                                                                                                                ,LAB
1084,CMNS    ,221,BURNABY   ,64,61,Stuart Poyntz                                                                                                                                                                                                                                             ,LEC
1084,CMNS    ,375,HRBRCNTR  ,62,61,Robert Mercer                                                                                                                                                                                                                                             ,LEC
1087,CMNS    ,858,HRBRCNTR  ,10,2,Robert Anderson                                                                                                                                                                                                                                           ,SEM
1091,CMNS    ,891,BURNABY   ,5,0,Marcia Shimizu                                                                                                                                                                                                                                            ,SEC
1104,CMPT    ,165,BURNABY   ,25,26,Bobby Chan                                                                                                                                                                                                                                                ,LAB
1097,CMPT    ,165,BURNABY   ,25,25,Gregory Baker                                                                                                                                                                                                                                             ,LAB
1084,MACM    ,409,BURNABY   ,40,13,JF Williams                                                                                                                                                                                                                                               ,LEC
1091,MATH    ,151,BURNABY   ,60,0,<null>,OPL
1121,ENSC    ,374,BURNABY   ,10,0,<null>,LEC
1137,ENSC    ,374,BURNABY   ,25,0,<null>,LAB
1117,MATH    ,150,SURREY    ,90,37,Ararat Harutyunyan                                                                                                                                                                                                                                        ,LEC
1127,ENSC    ,100W      ,BURNABY   ,5,5,. Faculty                                                                                                                                                                                                                                                 ,TUT
1107,ENSC    ,100W      ,BURNABY   ,5,6,Michael Sjoerdsma                                                                                                                                                                                                                                         ,TUT
1107,ENSC    ,100W      ,BURNABY   ,6,7,Michael Sjoerdsma                                                                                                                                                                                                                                         ,TUT
1107,ENSC    ,100W      ,BURNABY   ,4,4,Michael Sjoerdsma                                                                                                                                                                                                                                         ,TUT
1107,CMPT    ,741,BURNABY   ,45,35,Ke Wang                                                                                                                                                                                                                                                   ,LEC
1164,CMPT    ,741,BURNABY   ,20,15,Martin Ester                                                                                                                                                                                                                                              ,LEC
1101,CMPT    ,120,BURNABY   ,182,179,Diana Cukierman                                                                                                                                                                                                                                           ,LEC
1097,CMPT    ,120,BURNABY   ,33,32,Bradley Bart                                                                                                                                                                                                                                              ,LAB
1087,IAT     ,355,SURREY    ,0,0,. TBD                                                                                                                                                                                                                                                     ,OPL
1111,ENSC    ,894,BURNABY   ,0,0,<null>,LEC
1167,MATH    ,894,BURNABY   ,6,0,<null>,SEC
1141,MATH    ,882,BURNABY   ,10,1,. Faculty                                                                                                                                                                                                                                                 ,SEC
1087,IAT     ,312,SURREY    ,24,24,Magy Seif El-Nasr                                                                                                                                                                                                                                         ,LAB
1167,ENSC    ,100W      ,BURNABY   ,9,9,Michael Sjoerdsma                                                                                                                                                                                                                                         ,LAB
1154,MATH    ,254,BURNABY   ,120,104,Veselin Jungic                                                                                                                                                                                                                                            ,LEC
1097,ENSC    ,493,BURNABY   ,1,0,<null>,SEC
1167,CMPT    ,120,BURNABY   ,26,25,Diana Cukierman                                                                                                                                                                                                                                           ,LAB
1087,CMPT    ,128,BURNABY   ,213,196,Janice Regan                                                                                                                                                                                                                                              ,LEC
1167,MSE     ,310,SURREY    ,120,0,<null>,TUT
1101,CMPT    ,120,BURNABY   ,26,25,Diana Cukierman                                                                                                                                                                                                                                           ,LAB
1124,ENSC    ,460,SURREY    ,40,0,. Faculty                                                                                                                                                                                                                                                 ,LEC
1087,ENSC    ,894,SURREY    ,15,0,Siamak Arzanpour                                                                                                                                                                                                                                          ,LEC
1081,MATH    ,155,SURREY    ,0,0,<null>,OPL
1091,MATH    ,155,SURREY    ,0,0,<null>,OPL
1081,IAT     ,445,SURREY    ,188,0,<null>,LEC
1081,IAT     ,445,SURREY    ,24,0,<null>,LAB
1087,CMNS    ,221,HRBRCNTR  ,126,122,Anil Narine                                                                                                                                                                                                                                               ,LEC
1094,CMNS    ,438,HRBRCNTR  ,10,4,John zzzHolbrook                                                                                                                                                                                                                                          ,SEC
1084,CMNS    ,438,HRBRCNTR  ,15,1,John zzzHolbrook                                                                                                                                                                                                                                          ,SEC
1087,CMNS    ,881,BURNABY   ,15,0,. Faculty                                                                                                                                                                                                                                                 ,SEC
1144,CMPT    ,165,SURREY    ,26,25,Harinder Khangura                                                                                                                                                                                                                                         ,LAB
1101,CMPT    ,165,SURREY    ,48,41,". Sessional, Mandeep Pannu                                                                                                                                                                                                                                ",LEC
1121,CMPT    ,416,BURNABY   ,2,2,"Arthur Kirkpatrick, Jiangchuan Liu                                                                                                                                                                                                                        ",SEC
1084,CMNS    ,362,HRBRCNTR  ,0,0,<null>,TUT
1111,CMPT    ,165,BURNABY   ,26,25,Gregory Baker                                                                                                                                                                                                                                             ,LAB
1171,CMPT    ,300,SURREY    ,90,71,Arrvindh Shriraman                                                                                                                                                                                                                                        ,LEC
1134,CMPT    ,165,HRBRCNTR  ,26,26,Anne Lavergne                                                                                                                                                                                                                                             ,LAB
1151,CMPT    ,354,BURNABY   ,80,80,Jane Huang                                                                                                                                                                                                                                                ,LEC
1087,MATH    ,151,BURNABY   ,25,0,<null>,SEC
1181,CMPT    ,300,BURNABY   ,90,80,Keval Vora                                                                                                                                                                                                                                                ,LEC
1127,CMPT    ,165,BURNABY   ,208,208,Anne Lavergne                                                                                                                                                                                                                                             ,LEC
1144,CMPT    ,165,BURNABY   ,208,206,Bobby Chan                                                                                                                                                                                                                                                ,LEC
1124,CMPT    ,165,BURNABY   ,75,72,Colin Stewart                                                                                                                                                                                                                                             ,SEC
1171,CMPT    ,371,HRBRCNTR  ,85,83,Balbir Gill                                                                                                                                                                                                                                               ,LEC
1141,CMPT    ,427,METRO     ,40,38,Harriet Chicoine                                                                                                                                                                                                                                          ,SEC
1104,CMPT    ,120,BURNABY   ,26,25,Colin Stewart                                                                                                                                                                                                                                             ,LAB
1167,CMPT    ,120,BURNABY   ,25,25,Diana Cukierman                                                                                                                                                                                                                                           ,LAB
1167,CMPT    ,120,BURNABY   ,26,26,Diana Cukierman                                                                                                                                                                                                                                           ,LAB
1101,CMPT    ,120,SURREY    ,24,18,John Edgar                                                                                                                                                                                                                                                ,LAB
1104,CMPT    ,120,BURNABY   ,26,26,Colin Stewart                                                                                                                                                                                                                                             ,LAB
1147,CMPT    ,705,BURNABY   ,58,55,Andrei Bulatov                                                                                                                                                                                                                                            ,LEC
1081,CMNS    ,262,BURNABY   ,70,75,Fiona Jeffries                                                                                                                                                                                                                                            ,LEC
1141,MATH    ,190,BURNABY   ,35,0,<null>,SEC
1151,MATH    ,190,BURNABY   ,35,0,<null>,SEC
1134,MATH    ,1XX       ,BURNABY   ,1,1,<null>,LEC
1177,ENSC    ,880,BURNABY   ,15,2,<null>,SEM
1091,CMNS    ,362,HRBRCNTR  ,36,36,"Seyed Ahadi, Sherry Yu                                                                                                                                                                                                                                    ",LEC
1081,ENSC    ,460,BURNABY   ,16,16,Glenn Chapman                                                                                                                                                                                                                                             ,LEC
1141,ENSC    ,894,BURNABY   ,10,3,"Mirza Beg, Steven Ruuth                                                                                                                                                                                                                                   ",LEC
1097,ENSC    ,894,BURNABY   ,10,7,Lesley Shannon                                                                                                                                                                                                                                            ,LEC
1147,CMPT    ,415,BURNABY   ,4,4,"Arthur Kirkpatrick, Jiangchuan Liu                                                                                                                                                                                                                        ",SEC
1157,CMPT    ,415,BURNABY   ,5,5,"Arthur Kirkpatrick, Gregory Mori                                                                                                                                                                                                                          ",SEC
1181,CMPT    ,415,BURNABY   ,9,4,John Edgar                                                                                                                                                                                                                                                ,SEC
1171,CMPT    ,415,BURNABY   ,4,4,Brian Fraser                                                                                                                                                                                                                                              ,SEC
1171,CMPT    ,415,BURNABY   ,3,1,Brian Fraser                                                                                                                                                                                                                                              ,SEC
1174,CMPT    ,383,BURNABY   ,85,83,Toby Donaldson                                                                                                                                                                                                                                            ,LEC
1151,CMPT    ,815,BURNABY   ,10,6,Ramesh Krishnamurti                                                                                                                                                                                                                                       ,SEC
1097,CMPT    ,427,OFF       ,10,1,Frances McLafferty                                                                                                                                                                                                                                        ,SEC
1141,CMPT    ,427,OFF       ,8,6,Harriet Chicoine                                                                                                                                                                                                                                          ,SEC
1091,ENSC    ,304,BURNABY   ,120,95,. Sessional                                                                                                                                                                                                                                               ,LEC
1164,ENSC    ,264,BURNABY   ,23,21,Lakshman One                                                                                                                                                                                                                                              ,LEC
1131,ENSC    ,304,BURNABY   ,180,184,Parvaneh Saeedi                                                                                                                                                                                                                                           ,TUT
1147,ENSC    ,264,BURNABY   ,39,39,Lakshman One                                                                                                                                                                                                                                              ,TUT
1127,ENSC    ,387,SURREY    ,36,36,". TBD, Edward Park                                                                                                                                                                                                                                        ",LAB
1154,ENSC    ,395,OFF       ,10,24,Harriet Chicoine                                                                                                                                                                                                                                          ,SEC
1154,ENSC    ,897,BURNABY   ,10,0,<null>,SEC
1134,MSE     ,494,SURREY    ,20,1,<null>,SEC
1087,CMNS    ,253W      ,HRBRCNTR  ,17,17,<null>,LAB
1131,MATH    ,445,BURNABY   ,25,9,Luis Goddyn                                                                                                                                                                                                                                               ,LEC
1167,CMPT    ,427,METRO     ,32,30,Harriet Chicoine                                                                                                                                                                                                                                          ,SEC
1117,CMPT    ,825,BURNABY   ,0,0,<null>,LEC
1104,ENSC    ,350,BURNABY   ,38,37,Patrick Leung                                                                                                                                                                                                                                             ,LEC
1141,ENSC    ,350,BURNABY   ,48,52,Lakshman One                                                                                                                                                                                                                                              ,LEC
1171,ENSC    ,327,BURNABY   ,127,125,Atousa Hajshirmohammadi                                                                                                                                                                                                                                   ,RQL
1144,ENSC    ,350,BURNABY   ,48,33,Lakshman One                                                                                                                                                                                                                                              ,TUT
1124,ENSC    ,325,BURNABY   ,65,47,". Faculty, Homa Eghbali                                                                                                                                                                                                                                   ",LEC
1091,IAT     ,333,SURREY    ,0,0,<null>,STL
1177,ENSC    ,424,BURNABY   ,75,72,Jie Liang                                                                                                                                                                                                                                                 ,LEC
1167,ENSC    ,488,BURNABY   ,50,19,Kamal Gupta                                                                                                                                                                                                                                               ,LEC
1117,ENSC    ,401,BURNABY   ,10,0,. Faculty                                                                                                                                                                                                                                                 ,SEC
1087,CMNS    ,483,OFF       ,20,2,. Faculty                                                                                                                                                                                                                                                 ,SEC
1107,CMPT    ,300,HRBRCNTR  ,50,49,Mehrdad Oveisi-Fordoei                                                                                                                                                                                                                                    ,LEC
1124,CMPT    ,300,BURNABY   ,70,64,Petra Berenbrink                                                                                                                                                                                                                                          ,LEC
1134,CMPT    ,300,BURNABY   ,100,99,Steven Pearce                                                                                                                                                                                                                                             ,LEC
1101,CMPT    ,165,BURNABY   ,234,230,Gregory Baker                                                                                                                                                                                                                                             ,LEC
1084,CMPT    ,250,HRBRCNTR  ,30,28,. Faculty                                                                                                                                                                                                                                                 ,LEC
1134,CMPT    ,165,BURNABY   ,75,74,". Faculty, Frederick Popowich, Gregory Baker                                                                                                                                                                                                              ",SEC
1107,CMPT    ,371,BURNABY   ,80,81,Jiangchuan Liu                                                                                                                                                                                                                                            ,LEC
1174,CMPT    ,371,BURNABY   ,85,84,". Faculty, Balbir Gill                                                                                                                                                                                                                                    ",LEC
1137,CMPT    ,419,BURNABY   ,30,27,Gregory Mori                                                                                                                                                                                                                                              ,LEC
1097,CMPT    ,419,HRBRCNTR  ,20,9,Ghassan Hamarneh                                                                                                                                                                                                                                          ,LEC
1144,CMPT    ,475,HRBRCNTR  ,55,50,Herbert Tsang                                                                                                                                                                                                                                             ,LEC
1144,CMPT    ,430,VAN       ,10,7,Harriet Chicoine                                                                                                                                                                                                                                          ,SEC
1174,CMPT    ,899,BURNABY   ,100,95,. Faculty                                                                                                                                                                                                                                                 ,SEC
1174,CMPT    ,899,OFF       ,100,2,. Faculty                                                                                                                                                                                                                                                 ,SEC
1131,MATH    ,898,OFF       ,10,0,<null>,SEC
1174,ENSC    ,425,BURNABY   ,40,0,<null>,TUT
1171,MATH    ,467,BURNABY   ,46,43,Steven Ruuth                                                                                                                                                                                                                                              ,LEC
1087,MATH    ,100,SURREY    ,80,68,Randall Pyke                                                                                                                                                                                                                                              ,LEC
1164,MACM    ,316,BURNABY   ,298,240,Benjamin Adcock                                                                                                                                                                                                                                           ,LEC
1121,MACM    ,316,SURREY    ,68,69,Zhaosong Lu                                                                                                                                                                                                                                               ,LEC
1087,MATH    ,100,BURNABY   ,122,59,Nancy Azer                                                                                                                                                                                                                                                ,LEC
1121,MATH    ,100,SURREY    ,90,0,Mary Catherine Kropinski                                                                                                                                                                                                                                  ,OPL
1081,MATH    ,443,BURNABY   ,40,3,Petr Lisonek                                                                                                                                                                                                                                              ,LEC
1084,MACM    ,201,BURNABY   ,122,67,Cedric Chauve                                                                                                                                                                                                                                             ,LEC
1164,MATH    ,461,BURNABY   ,30,26,Steven Ruuth                                                                                                                                                                                                                                              ,LEC
1161,MATH    ,314,BURNABY   ,61,23,Ralf Wittenberg                                                                                                                                                                                                                                           ,LEC
1171,MATH    ,314,BURNABY   ,32,20,John Stockie                                                                                                                                                                                                                                              ,LEC
1097,MATH    ,251,SURREY    ,72,42,Randall Pyke                                                                                                                                                                                                                                              ,LEC
1087,MATH    ,242,BURNABY   ,64,47,Jason Bell                                                                                                                                                                                                                                                ,LEC
1097,MATH    ,242,BURNABY   ,64,41,Ladislav Stacho                                                                                                                                                                                                                                           ,LEC
1177,MATH    ,310,BURNABY   ,192,145,Brenda Davison                                                                                                                                                                                                                                            ,LEC
1177,MATH    ,348,SURREY    ,32,14,<null>,TUT
1081,MATH    ,232,BURNABY   ,300,202,"Jamie Mulholland, Robert Russell                                                                                                                                                                                                                          ",LEC
1097,ENSC    ,898,BURNABY   ,75,59,. Faculty                                                                                                                                                                                                                                                 ,SEC
1141,ENSC    ,851,BURNABY   ,12,0,Glenn Chapman                                                                                                                                                                                                                                             ,LEC
1181,ENSC    ,851,BURNABY   ,9,8,Michael Adachi                                                                                                                                                                                                                                            ,LAB
1161,ENSC    ,851,BURNABY   ,6,0,Glenn Chapman                                                                                                                                                                                                                                             ,LAB
1127,ENSC    ,499,BURNABY   ,10,2,. Faculty                                                                                                                                                                                                                                                 ,SEC
1127,ENSC    ,832,BURNABY   ,21,5,Daniel Lee                                                                                                                                                                                                                                                ,SEM
1081,ENSC    ,820,BURNABY   ,30,5,Michael Sjoerdsma                                                                                                                                                                                                                                         ,LEC
1164,ENSC    ,810,BURNABY   ,20,6,Rodney Vaughan                                                                                                                                                                                                                                            ,LEC
1124,ENSC    ,499,SURREY    ,5,0,<null>,SEC
1124,ENSC    ,296,OFF       ,10,0,<null>,SEC
1131,ENSC    ,899,OFF       ,50,0,<null>,SEC
1097,CMPT    ,128,BURNABY   ,25,0,<null>,LAB
1087,KIN     ,326,BURNABY   ,50,50,Josephine Anthony                                                                                                                                                                                                                                         ,LEC
1151,CMPT    ,427,OFF       ,5,0,Harriet Chicoine                                                                                                                                                                                                                                          ,SEC
1151,CMPT    ,275,BURNABY   ,75,0,<null>,LEC
1137,CMPT    ,150,BURNABY   ,26,0,<null>,LAB
1137,CMPT    ,150,BURNABY   ,26,0,<null>,LAB
1124,ENSC    ,225,BURNABY   ,80,81,Meenakshinathan Parameswaran                                                                                                                                                                                                                              ,TUT
1164,ENSC    ,295,BURNABY   ,50,53,Harriet Chicoine                                                                                                                                                                                                                                          ,SEC
1154,ENSC    ,395,BURNABY   ,25,48,Harriet Chicoine                                                                                                                                                                                                                                          ,SEC
1141,ENSC    ,380,BURNABY   ,150,134,"Atousa Hajshirmohammadi, Lesley Shannon                                                                                                                                                                                                                   ",LEC
1134,ENSC    ,325,BURNABY   ,72,55,". Sessional, Homa Eghbali                                                                                                                                                                                                                                 ",LEC
1181,ENSC    ,325,BURNABY   ,75,60,Marek Syrzycki                                                                                                                                                                                                                                            ,LEC
1137,ENSC    ,325,BURNABY   ,84,79,Homa Eghbali                                                                                                                                                                                                                                              ,RQL
1144,ENSC    ,325,BURNABY   ,70,50,Marek Syrzycki                                                                                                                                                                                                                                            ,RQL
1091,MATH    ,232,BURNABY   ,300,205,Robert Russell                                                                                                                                                                                                                                            ,LEC
1127,MATH    ,190,BURNABY   ,35,15,Brenda Davison                                                                                                                                                                                                                                            ,SEC
1131,MATH    ,308,SURREY    ,64,48,Randall Pyke                                                                                                                                                                                                                                              ,LEC
1137,MATH    ,336,OFF       ,20,0,Stuart Billings                                                                                                                                                                                                                                           ,SEC
1144,MATH    ,336,OFF       ,20,0,Stuart Billings                                                                                                                                                                                                                                           ,SEC
1141,MATH    ,890,OFF       ,6,0,Stuart Billings                                                                                                                                                                                                                                           ,SEC
1167,MATH    ,890,OFF       ,20,0,Stuart Billings                                                                                                                                                                                                                                           ,SEC
1177,MATH    ,890,OFF       ,20,0,Stuart Billings                                                                                                                                                                                                                                           ,SEC
1137,MATH    ,310,SURREY    ,102,88,Kirill Gostaf                                                                                                                                                                                                                                             ,LEC
1137,MATH    ,336,BURNABY   ,20,2,Stuart Billings                                                                                                                                                                                                                                           ,SEC
1084,KIN     ,312,BURNABY   ,60,44,". Sessional, Susan Crawford                                                                                                                                                                                                                               ",SEC
1081,KIN     ,453,BURNABY   ,5,0,Darleen Bemister                                                                                                                                                                                                                                          ,PRA
1087,KIN     ,451,BURNABY   ,15,6,Darleen Bemister                                                                                                                                                                                                                                          ,PRA
1087,KIN     ,451,OFF       ,15,1,Darleen Bemister                                                                                                                                                                                                                                          ,PRA
1101,MATH    ,190,BURNABY   ,35,32,Bernice Kastner                                                                                                                                                                                                                                           ,SEC
1127,MATH    ,190,BURNABY   ,35,28,Brenda Davison                                                                                                                                                                                                                                            ,SEC
1181,MATH    ,190,BURNABY   ,60,58,Petra Menz                                                                                                                                                                                                                                                ,LEC
1117,MATH    ,154,BURNABY   ,504,329,Nils Bruin                                                                                                                                                                                                                                                ,LEC
1091,MATH    ,424,BURNABY   ,25,10,Manfred Trummer                                                                                                                                                                                                                                           ,LEC
1084,MATH    ,342,BURNABY   ,64,31,Imin Chen                                                                                                                                                                                                                                                 ,LEC
1101,MATH    ,890,BURNABY   ,6,0,<null>,SEC
1131,ENSC    ,406,SURREY    ,66,75,Maureen Hindy                                                                                                                                                                                                                                             ,TUT
1111,ENSC    ,150,BURNABY   ,0,0,<null>,LEC
1124,ENSC    ,396,SURREY    ,20,1,<null>,SEC
1151,ENSC    ,850,BURNABY   ,15,0,<null>,RQL
1131,MACM    ,203,BURNABY   ,22,20,<null>,LAB
1091,CMPT    ,170,SURREY    ,17,14,<null>,LAB
1127,MATH    ,157,BURNABY   ,192,40,Petra Menz                                                                                                                                                                                                                                                ,LEC
1081,MATH    ,155,SURREY    ,90,81,Natalia Kouzniak                                                                                                                                                                                                                                          ,LEC
1101,ENSC    ,283,SURREY    ,22,24,<null>,LAB
1181,MATH    ,341,BURNABY   ,32,12,<null>,TUT
1114,MATH    ,251,BURNABY   ,229,203,Ralf Wittenberg                                                                                                                                                                                                                                           ,LEC
1107,MATH    ,308,BURNABY   ,92,68,Luis Goddyn                                                                                                                                                                                                                                               ,LEC
1127,MATH    ,894,BURNABY   ,6,2,Bojan Mohar                                                                                                                                                                                                                                               ,SEC
1101,MATH    ,894,BURNABY   ,6,1,Tom Archibald                                                                                                                                                                                                                                             ,SEC
1114,MATH    ,890,BURNABY   ,20,0,Faye Stefan                                                                                                                                                                                                                                               ,SEC
1157,ENSC    ,100W      ,BURNABY   ,8,8,<null>,LAB
1134,MSE     ,491,SURREY    ,25,0,<null>,LAB
1094,CMNS    ,304W      ,BURNABY   ,13,8,<null>,TUT
1167,MSE     ,221,SURREY    ,0,0,<null>,LAB
1177,MSE     ,891,SURREY    ,20,10,<null>,SEC
1177,MATH    ,345,BURNABY   ,34,23,<null>,TUT
1117,ENSC    ,182,SURREY    ,26,26,<null>,LAB
1114,ENSC    ,331,SURREY    ,28,0,<null>,LAB
1087,CMNS    ,130W      ,BURNABY   ,16,17,<null>,TUT
1081,CMNS    ,130W      ,BURNABY   ,16,15,<null>,TUT
1087,CMNS    ,130W      ,BURNABY   ,16,16,<null>,TUT
1094,WKTM    ,400,OFF       ,50,3,"Frances McLafferty, Navinder Chima                                                                                                                                                                                                                        ",SEC
1087,TECH    ,101,SURREY    ,48,22,James Phillips                                                                                                                                                                                                                                            ,INS
1091,WKTM    ,200,OFF       ,10,1,"Frances McLafferty, Navinder Chima                                                                                                                                                                                                                        ",SEC
1091,CMNS    ,240,BURNABY   ,18,19,<null>,TUT
1094,CMNS    ,346,HRBRCNTR  ,18,19,<null>,TUT
1084,CMNS    ,321,HRBRCNTR  ,0,0,<null>,TUT
1114,CMPT    ,165,SURREY    ,0,0,<null>,LAB
1101,CMPT    ,165,SURREY    ,0,0,<null>,LAB
1134,MACM    ,101,BURNABY   ,24,0,<null>,TUT
1134,MACM    ,101,BURNABY   ,24,0,<null>,TUT
1134,MACM    ,101,BURNABY   ,24,0,<null>,TUT
1127,MATH    ,894,BURNABY   ,6,3,Karen Yeats                                                                                                                                                                                                                                               ,SEC
1087,MATH    ,893,BURNABY   ,10,0,Faye Stefan                                                                                                                                                                                                                                               ,SEC
1087,CMNS    ,253W      ,SURREY    ,16,17,<null>,LAB
1101,MATH    ,892,OFF       ,6,0,Faye Stefan                                                                                                                                                                                                                                               ,SEC
1147,MATH    ,891,BURNABY   ,6,0,Stuart Billings                                                                                                                                                                                                                                           ,SEC
1181,MATH    ,891,BURNABY   ,6,1,Stuart Billings                                                                                                                                                                                                                                           ,SEC
1124,MATH    ,891,OFF       ,6,0,Stuart Billings                                                                                                                                                                                                                                           ,SEC
1111,MATH    ,894,BURNABY   ,6,0,. Faculty                                                                                                                                                                                                                                                 ,SEC
1127,MATH    ,894,BURNABY   ,6,1,Matthew DeVos                                                                                                                                                                                                                                             ,SEC
1087,CMNS    ,253W      ,SURREY    ,16,19,<null>,LAB
1087,CMNS    ,253W      ,SURREY    ,16,15,<null>,LAB
1157,ENSC    ,100W      ,BURNABY   ,8,9,<null>,LAB
1127,CMPT    ,880,SURREY    ,15,0,<null>,LEC
1167,MSE     ,489,SURREY    ,5,0,<null>,SEM
1087,ENSC    ,215,BURNABY   ,22,20,<null>,TUT
1084,CMPT    ,225,BURNABY   ,25,10,<null>,LAB
1091,CMPT    ,225,SURREY    ,24,17,<null>,LAB
1154,MATH    ,336,BURNABY   ,20,1,Stuart Billings                                                                                                                                                                                                                                           ,SEC
1087,ENSC    ,472,BURNABY   ,20,5,<null>,LAB
1127,MATH    ,878,BURNABY   ,5,1,<null>,SEC
1094,MATH    ,150,BURNABY   ,60,0,<null>,OPL
1177,MSE     ,489,SURREY    ,5,0,<null>,SEM
1157,CMPT    ,732,BURNABY   ,25,20,<null>,LAB
1081,CMNS    ,223W      ,BURNABY   ,16,15,<null>,TUT
1177,MATH    ,880,BURNABY   ,3,0,<null>,SEC
1147,CMPT    ,813,BURNABY   ,10,0,<null>,LEC
1087,CMNS    ,354,HRBRCNTR  ,18,18,<null>,LAB
1101,CMPT    ,898,BURNABY   ,100,93,<null>,SEC
1154,CMPT    ,898,OFF       ,3,1,<null>,SEC
1087,IAT     ,885,SURREY    ,24,0,<null>,SEM
1174,MATH    ,155,BURNABY   ,60,0,<null>,OPL
1081,ENSC    ,150,BURNABY   ,50,41,<null>,TUT
1091,ENSC    ,150,BURNABY   ,52,52,<null>,TUT
1127,ENSC    ,296,SURREY    ,10,5,<null>,SEC
1154,MATH    ,880,BURNABY   ,3,0,<null>,SEC
1181,MSE     ,495,SURREY    ,5,0,<null>,LAB
1101,ENSC    ,195,BURNABY   ,30,30,<null>,SEC
1164,MSE     ,498,SURREY    ,5,0,<null>,SEC
1121,CMPT    ,125,SURREY    ,0,0,<null>,LAB
1104,ENSC    ,194,BURNABY   ,1,0,<null>,SEC
1141,ENSC    ,406,BURNABY   ,18,13,<null>,TUT
1141,ENSC    ,406,BURNABY   ,18,17,<null>,TUT
1141,ENSC    ,899,OFF       ,50,1,<null>,SEC
1181,ENSC    ,896,OFF       ,10,0,<null>,SEC
1181,ENSC    ,896,OFF       ,10,0,<null>,SEC
1087,CMNS    ,322,HRBRCNTR  ,18,18,<null>,TUT
1091,ENSC    ,283,SURREY    ,24,25,<null>,LAB
1084,MACM    ,316,BURNABY   ,128,96,Adam Oberman                                                                                                                                                                                                                                              ,LEC
1087,CMNS    ,235,BURNABY   ,18,17,<null>,TUT
1094,CMNS    ,426,BURNABY   ,20,9,<null>,LAB
1111,MATH    ,843,BURNABY   ,25,0,<null>,LEC
1154,MSE     ,483,SURREY    ,70,0,<null>,LEC
1117,CMPT    ,166,SURREY    ,0,0,<null>,TUT
1124,ENSC    ,384,SURREY    ,33,0,<null>,LAB
1084,MATH    ,308,BURNABY   ,32,0,<null>,TUT
1091,MATH    ,308,SURREY    ,32,0,<null>,TUT
1121,ENSC    ,150,BURNABY   ,40,34,<null>,TUT
1094,CMNS    ,253W      ,BURNABY   ,16,10,<null>,LAB
1167,ENSC    ,100W      ,BURNABY   ,9,9,Michael Sjoerdsma                                                                                                                                                                                                                                         ,LAB
1177,ENSC    ,100W      ,BURNABY   ,8,8,Michael Sjoerdsma                                                                                                                                                                                                                                         ,LAB
1177,ENSC    ,100W      ,BURNABY   ,8,8,Michael Sjoerdsma                                                                                                                                                                                                                                         ,LAB
1107,MATH    ,879,BURNABY   ,6,1,<null>,SEC
1134,MATH    ,878,BURNABY   ,5,2,<null>,SEC
1084,ENSC    ,224,BURNABY   ,50,27,<null>,LAB
1087,CMNS    ,326,BURNABY   ,20,13,Stephen Kline                                                                                                                                                                                                                                             ,SEM
1137,CMPT    ,354,SURREY    ,60,0,<null>,LEC
1171,MATH    ,895,OFF       ,3,0,<null>,SEC
1087,CMNS    ,260,BURNABY   ,0,0,<null>,TUT
1087,CMNS    ,260,BURNABY   ,0,0,<null>,TUT
1097,MATH    ,310,BURNABY   ,32,0,<null>,TUT
1127,MATH    ,880,BURNABY   ,3,0,<null>,SEC
1121,ENSC    ,892,BURNABY   ,80,8,<null>,SEC
1171,ENSC    ,897,BURNABY   ,45,2,<null>,SEC
1101,ENSC    ,396,OFF       ,2,2,<null>,SEC
1111,ENSC    ,396,SURREY    ,20,4,<null>,SEC
1094,ENSC    ,892,BURNABY   ,30,3,<null>,SEC
1087,ENSC    ,325,BURNABY   ,25,18,<null>,TUT
1144,MSE     ,411W      ,SURREY    ,0,0,<null>,OPL
1101,ENSC    ,296,OFF       ,2,1,<null>,SEC
1127,ENSC    ,296,OFF       ,20,0,<null>,SEC
1087,ENSC    ,196,OFF       ,50,4,<null>,SEC
1121,ENSC    ,898,BURNABY   ,50,20,<null>,SEC
1131,ENSC    ,898,SURREY    ,50,26,<null>,SEC
1141,MACM    ,203,BURNABY   ,22,5,<null>,LAB
1111,MACM    ,203,BURNABY   ,18,16,<null>,LAB
1094,CMNS    ,253W      ,BURNABY   ,16,15,<null>,LAB
1124,ENSC    ,461,SURREY    ,25,16,<null>,TUT
1111,ENSC    ,461,SURREY    ,20,10,<null>,LAB
1091,KIN     ,804,BURNABY   ,5,1,. Faculty                                                                                                                                                                                                                                                 ,SEC
1091,IAT     ,100,SURREY    ,24,27,David Botta                                                                                                                                                                                                                                               ,STL
1091,TECH    ,114,SURREY    ,144,142,James Phillips                                                                                                                                                                                                                                            ,LEC
1117,ENSC    ,100W      ,BURNABY   ,6,6,. Faculty                                                                                                                                                                                                                                                 ,TUT
1167,ENSC    ,100W      ,BURNABY   ,9,9,Michael Sjoerdsma                                                                                                                                                                                                                                         ,LAB
1084,IAT     ,897,SURREY    ,30,9,<null>,SEC
1151,MATH    ,701,BURNABY   ,10,0,Michael Monagan                                                                                                                                                                                                                                           ,TUT
1107,ENSC    ,894,BURNABY   ,6,4,Kamal Gupta                                                                                                                                                                                                                                               ,LEC
1131,ENSC    ,894,SURREY    ,5,4,Kevin Oldknow                                                                                                                                                                                                                                             ,LEC
1117,ENSC    ,894,BURNABY   ,6,6,Andrew Rawicz                                                                                                                                                                                                                                             ,LEC
1131,ENSC    ,894,SURREY    ,4,1,Mehrdad Moallem                                                                                                                                                                                                                                           ,SEC
1094,CMNS    ,487,SURREY    ,20,14,Stuart Poyntz                                                                                                                                                                                                                                             ,SEM
1081,CMNS    ,110,BURNABY   ,0,0,<null>,TUT
1091,CMNS    ,253W      ,HRBRCNTR  ,16,14,<null>,LAB
1091,CMNS    ,253W      ,HRBRCNTR  ,16,11,<null>,LAB
1087,MATH    ,150,SURREY    ,60,0,<null>,OPL
1147,ENSC    ,100W      ,BURNABY   ,8,8,<null>,TUT
1081,IAT     ,206,SURREY    ,120,106,Niranjan Rajah                                                                                                                                                                                                                                            ,WKS
1101,CMPT    ,125,BURNABY   ,125,110,Louis Hafer                                                                                                                                                                                                                                               ,LEC
1164,ENSC    ,220,BURNABY   ,50,0,<null>,LAB
1121,ENSC    ,896,BURNABY   ,50,1,<null>,SEC
1087,CMPT    ,125,BURNABY   ,25,20,Diana Cukierman                                                                                                                                                                                                                                           ,LAB
1081,CMPT    ,120,BURNABY   ,130,123,Diana Cukierman                                                                                                                                                                                                                                           ,LEC
1174,CMPT    ,120,BURNABY   ,26,26,Anne Lavergne                                                                                                                                                                                                                                             ,LAB
1157,CMPT    ,120,BURNABY   ,156,152,Anne Lavergne                                                                                                                                                                                                                                             ,LEC
1157,CMPT    ,120,BURNABY   ,208,200,Anne Lavergne                                                                                                                                                                                                                                             ,LEC
1091,CMPT    ,120,BURNABY   ,32,31,Bradley Bart                                                                                                                                                                                                                                              ,LAB
1081,CMNS    ,375,HRBRCNTR  ,64,66,Robert Mercer                                                                                                                                                                                                                                             ,LEC
1081,CMNS    ,444,BURNABY   ,25,23,Dal Jin                                                                                                                                                                                                                                                   ,SEM
1094,CMNS    ,881,BURNABY   ,10,2,. Faculty                                                                                                                                                                                                                                                 ,SEC
1147,CMPT    ,165,SURREY    ,75,67,Harinder Khangura                                                                                                                                                                                                                                         ,LEC
1151,CMPT    ,300,BURNABY   ,80,80,Ryan Shea                                                                                                                                                                                                                                                 ,LEC
1107,CMPT    ,165,SURREY    ,26,20,Brian Fraser                                                                                                                                                                                                                                              ,LAB
1121,CMPT    ,165,SURREY    ,26,26,Colin Stewart                                                                                                                                                                                                                                             ,LAB
1117,CMPT    ,165,SURREY    ,24,22,Tamara Smyth                                                                                                                                                                                                                                              ,LAB
1141,CMPT    ,340,BURNABY   ,40,33,Ghassan Hamarneh                                                                                                                                                                                                                                          ,LEC
1097,CMPT    ,250,BURNABY   ,26,24,Anthony Dixon                                                                                                                                                                                                                                             ,LAB
1124,MATH    ,254,BURNABY   ,105,91,Steven Ruuth                                                                                                                                                                                                                                              ,LEC
1091,IAT     ,100,SURREY    ,24,26,Jack Stockholm III                                                                                                                                                                                                                                        ,STL
1177,CMPT    ,225,BURNABY   ,26,26,Golnar Sheikhshabbafghi                                                                                                                                                                                                                                   ,LAB
1177,CMPT    ,225,SURREY    ,24,25,John Edgar                                                                                                                                                                                                                                                ,LAB
1167,CMPT    ,225,SURREY    ,25,25,Arthur Kirkpatrick                                                                                                                                                                                                                                        ,LAB
1157,CMPT    ,120,BURNABY   ,26,26,Anne Lavergne                                                                                                                                                                                                                                             ,LAB
1104,CMPT    ,125,BURNABY   ,26,26,Brian Fraser                                                                                                                                                                                                                                              ,LAB
1081,CMPT    ,886,BURNABY   ,25,25,Alexandra Fedorova                                                                                                                                                                                                                                        ,SEM
1161,CMPT    ,886,SURREY    ,5,5,Robert Cameron                                                                                                                                                                                                                                            ,SEM
1127,ENSC    ,460,BURNABY   ,10,11,Meenakshinathan Parameswaran                                                                                                                                                                                                                              ,SEC
1111,MATH    ,154,BURNABY   ,60,0,<null>,OPL
1177,CMPT    ,416,BURNABY   ,1,1,Ryan Shea                                                                                                                                                                                                                                                 ,SEC
1157,CMPT    ,307,BURNABY   ,85,85,Geoffrey Tien                                                                                                                                                                                                                                             ,LEC
1134,CMPT    ,307,BURNABY   ,75,67,Petra Berenbrink                                                                                                                                                                                                                                          ,LEC
1181,CMPT    ,354,HRBRCNTR  ,75,65,Evgenia Ternovska                                                                                                                                                                                                                                         ,LEC
1167,CMPT    ,383,SURREY    ,70,68,Toby Donaldson                                                                                                                                                                                                                                            ,LEC
1117,CMPT    ,379,BURNABY   ,60,57,Anoop Sarkar                                                                                                                                                                                                                                              ,LEC
1121,CMPT    ,379,SURREY    ,24,22,Thomas Shermer                                                                                                                                                                                                                                            ,LEC
1167,CMPT    ,827,BURNABY   ,10,1,David Mitchell                                                                                                                                                                                                                                            ,LEC
1151,CMPT    ,740,BURNABY   ,20,14,Wo-Shun Luk                                                                                                                                                                                                                                               ,LEC
1157,CMPT    ,430,OFF       ,15,0,Harriet Chicoine                                                                                                                                                                                                                                          ,SEC
1091,IAT     ,431,SURREY    ,24,0,<null>,STL
1157,ENSC    ,895,BURNABY   ,5,6,<null>,LAB
1124,ENSC    ,895,SURREY    ,15,9,<null>,TUT
1141,CMPT    ,745,BURNABY   ,1,1,Uwe Glaesser                                                                                                                                                                                                                                              ,LEC
1131,ENSC    ,460,SURREY    ,20,7,Majid Bahrami                                                                                                                                                                                                                                             ,LAB
1104,CMPT    ,881,BURNABY   ,15,8,Petra Berenbrink                                                                                                                                                                                                                                          ,LEC
1161,CMPT    ,479,BURNABY   ,30,10,William Sumner                                                                                                                                                                                                                                            ,LEC
1097,CMPT    ,889,SURREY    ,10,4,Tamara Smyth                                                                                                                                                                                                                                              ,LEC
1094,ENSC    ,429,BURNABY   ,40,0,<null>,OPL
1137,CMPT    ,110,BURNABY   ,75,42,Mark Drew                                                                                                                                                                                                                                                 ,LEC
1124,CMPT    ,165,BURNABY   ,26,26,Colin Stewart                                                                                                                                                                                                                                             ,LAB
1094,CMPT    ,165,BURNABY   ,30,30,Ramesh Krishnamurti                                                                                                                                                                                                                                       ,LAB
1111,CMPT    ,300,BURNABY   ,60,54,Petra Berenbrink                                                                                                                                                                                                                                          ,LEC
1091,CMPT    ,165,BURNABY   ,190,188,Colin Stewart                                                                                                                                                                                                                                             ,LEC
1101,CMPT    ,165,BURNABY   ,150,138,Gregory Baker                                                                                                                                                                                                                                             ,SEC
1154,CMPT    ,165,BURNABY   ,75,75,Ying Tang                                                                                                                                                                                                                                                 ,SEC
1107,CMPT    ,165,BURNABY   ,26,23,Anne Lavergne                                                                                                                                                                                                                                             ,LAB
1121,CMPT    ,165,BURNABY   ,26,26,Bobby Chan                                                                                                                                                                                                                                                ,LAB
1127,CMPT    ,165,BURNABY   ,60,58,Gregory Baker                                                                                                                                                                                                                                             ,SEC
1131,CMPT    ,165,BURNABY   ,26,26,Anne Lavergne                                                                                                                                                                                                                                             ,LAB
1121,CMPT    ,165,SURREY    ,26,24,Colin Stewart                                                                                                                                                                                                                                             ,LAB
1094,CMPT    ,165,BURNABY   ,30,27,Ramesh Krishnamurti                                                                                                                                                                                                                                       ,LAB
1164,CMPT    ,427,METRO     ,15,5,Harriet Chicoine                                                                                                                                                                                                                                          ,SEC
1181,CMPT    ,129,BURNABY   ,25,9,Bradley Bart                                                                                                                                                                                                                                              ,LAB
1164,ENSC    ,252,BURNABY   ,111,103,Lakshman One                                                                                                                                                                                                                                              ,LEC
1164,ENSC    ,254,BURNABY   ,40,0,William Scratchley                                                                                                                                                                                                                                        ,LAB
1147,ENSC    ,252,BURNABY   ,132,122,Lakshman One                                                                                                                                                                                                                                              ,TUT
1137,ENSC    ,120,BURNABY   ,30,12,Meenakshinathan Parameswaran                                                                                                                                                                                                                              ,LAB
1171,MSE     ,782,SURREY    ,5,4,Mehrdad Moallem                                                                                                                                                                                                                                           ,LEC
1174,MSE     ,711,SURREY    ,2,3,Behraad Bahreyni                                                                                                                                                                                                                                          ,LAB
1181,MSE     ,750,SURREY    ,1,1,Jiacheng Wang                                                                                                                                                                                                                                             ,LAB
1151,MSE     ,480,SURREY    ,74,72,Kevin Oldknow                                                                                                                                                                                                                                             ,TUT
1147,MSE     ,250,SURREY    ,36,22,Mohammad Narimani                                                                                                                                                                                                                                         ,LAB
1181,CMPT    ,430,METRO     ,5,1,Harriet Chicoine                                                                                                                                                                                                                                          ,SEC
1177,CMPT    ,899,BURNABY   ,120,102,. Faculty                                                                                                                                                                                                                                                 ,SEC
1141,CMPT    ,899,OFF       ,4,4,. Faculty                                                                                                                                                                                                                                                 ,SEC
1101,ENSC    ,891,BURNABY   ,30,14,. Faculty                                                                                                                                                                                                                                                 ,SEC
1094,MATH    ,190,KAM       ,0,0,<null>,SEC
1167,ENSC    ,251,BURNABY   ,192,179,William Scratchley                                                                                                                                                                                                                                        ,LEC
1161,MSE     ,110,SURREY    ,30,29,Amr Marzouk                                                                                                                                                                                                                                               ,TUT
1154,MSE     ,110,SURREY    ,30,0,. TBD                                                                                                                                                                                                                                                     ,LAB
1144,MSE     ,110,SURREY    ,30,0,Amr Marzouk                                                                                                                                                                                                                                               ,OPL
1157,MSE     ,110,SURREY    ,30,29,Amr Marzouk                                                                                                                                                                                                                                               ,TUT
1131,CMPT    ,130,SURREY    ,20,18,John Edgar                                                                                                                                                                                                                                                ,LAB
1121,CMPT    ,165,BURNABY   ,26,26,Bobby Chan                                                                                                                                                                                                                                                ,LAB
1124,CMPT    ,165,BURNABY   ,26,25,Colin Stewart                                                                                                                                                                                                                                             ,LAB
1084,CMPT    ,427,BURNABY   ,50,24,Harriet Chicoine                                                                                                                                                                                                                                          ,SEC
1117,CMPT    ,427,OFF       ,10,5,Cristina Eftenaru                                                                                                                                                                                                                                         ,SEC
1117,CMPT    ,427,SURREY    ,5,2,Frances McLafferty                                                                                                                                                                                                                                        ,SEC
1097,CMPT    ,250,BURNABY   ,26,15,Anthony Dixon                                                                                                                                                                                                                                             ,LAB
1081,MATH    ,314,BURNABY   ,32,0,<null>,TUT
1091,ENSC    ,351,BURNABY   ,66,28,William Scratchley                                                                                                                                                                                                                                        ,LEC
1131,ENSC    ,351,BURNABY   ,22,15,William Scratchley                                                                                                                                                                                                                                        ,TUT
1121,ENSC    ,351,BURNABY   ,22,13,William Scratchley                                                                                                                                                                                                                                        ,TUT
1104,ENSC    ,225,BURNABY   ,34,34,Meenakshinathan Parameswaran                                                                                                                                                                                                                              ,LEC
1174,CMPT    ,427,METRO     ,10,8,Harriet Chicoine                                                                                                                                                                                                                                          ,SEC
1107,CMPT    ,427,OFF       ,2,1,"Frances McLafferty, Navinder Chima                                                                                                                                                                                                                        ",SEC
1177,CMPT    ,310,BURNABY   ,90,89,Maxwell Libbrecht                                                                                                                                                                                                                                         ,LEC
1134,CMPT    ,430,OFF       ,5,0,Harriet Chicoine                                                                                                                                                                                                                                          ,SEC
1091,CMPT    ,430,OFF       ,15,0,Harriet Chicoine                                                                                                                                                                                                                                          ,SEC
1144,CMPT    ,415,BURNABY   ,3,3,"Arrvindh Shriraman, Arthur Kirkpatrick, Toby Donaldson                                                                                                                                                                                                    ",SEC
1177,CMPT    ,371,BURNABY   ,90,90,Jiangchuan Liu                                                                                                                                                                                                                                            ,LEC
1097,CMPT    ,843,BURNABY   ,35,25,Jian Pei                                                                                                                                                                                                                                                  ,LEC
1151,CMPT    ,843,BURNABY   ,25,25,Jian Pei                                                                                                                                                                                                                                                  ,LEC
1124,CMPT    ,430,METRO     ,30,4,Cristina Eftenaru                                                                                                                                                                                                                                         ,SEC
1157,MSE     ,100,SURREY    ,120,119,Krishna Vijayaraghavan                                                                                                                                                                                                                                    ,LEC
1167,MSE     ,100,SURREY    ,24,24,Krishna Vijayaraghavan                                                                                                                                                                                                                                    ,LAB
1137,MSE     ,893,SURREY    ,10,8,Kevin Oldknow                                                                                                                                                                                                                                             ,LEC
1154,MSE     ,496,SURREY    ,5,1,Edward Park                                                                                                                                                                                                                                               ,LAB
1157,MSE     ,220,SURREY    ,103,103,Woo Soo Kim                                                                                                                                                                                                                                               ,LEC
1174,MSE     ,486,SURREY    ,5,2,Amr Marzouk                                                                                                                                                                                                                                               ,SEM
1177,MSE     ,220,SURREY    ,40,40,Ghasem Behfarshad                                                                                                                                                                                                                                         ,LAB
1174,CMPT    ,628,OFF       ,5,0,Harriet Chicoine                                                                                                                                                                                                                                          ,PRA
1124,CMPT    ,166,SURREY    ,35,33,Toby Donaldson                                                                                                                                                                                                                                            ,LEC
1181,CMPT    ,166,SURREY    ,102,73,Harinder Khangura                                                                                                                                                                                                                                         ,LEC
1131,CMPT    ,130,SURREY    ,10,8,John Edgar                                                                                                                                                                                                                                                ,LAB
1137,CMPT    ,373,SURREY    ,28,28,Thomas Shermer                                                                                                                                                                                                                                            ,LEC
1111,CMPT    ,431,BURNABY   ,35,28,Richard Vaughan                                                                                                                                                                                                                                           ,LEC
1081,KIN     ,201,BURNABY   ,72,59,Anthony Leyland                                                                                                                                                                                                                                           ,LEC
1117,DDP     ,210,OFF       ,30,8,Qianping Gu                                                                                                                                                                                                                                               ,SEC
1121,DDP     ,210,OFF       ,30,8,Qianping Gu                                                                                                                                                                                                                                               ,SEC
1107,MATH    ,708,SURREY    ,10,9,Tamon Stephen                                                                                                                                                                                                                                             ,LEC
1087,KIN     ,426,BURNABY   ,36,32,Josephine Anthony                                                                                                                                                                                                                                         ,LEC
1081,KIN     ,382,BURNABY   ,8,8,Stephen Brown                                                                                                                                                                                                                                             ,LAB
1087,IAT     ,102,SURREY    ,24,24,Angela Tomizu                                                                                                                                                                                                                                             ,LAB
1141,ENSC    ,230,BURNABY   ,49,50,Shahram Payandeh                                                                                                                                                                                                                                          ,TUT
1151,ENSC    ,230,BURNABY   ,60,65,Shahram Payandeh                                                                                                                                                                                                                                          ,TUT
1107,ENSC    ,898,BURNABY   ,100,84,. Faculty                                                                                                                                                                                                                                                 ,SEC
1081,ENSC    ,851,BURNABY   ,3,3,Albert Leung                                                                                                                                                                                                                                              ,LAB
1137,ENSC    ,489,BURNABY   ,80,62,Shahram Payandeh                                                                                                                                                                                                                                          ,LEC
1131,ENSC    ,428,BURNABY   ,40,24,Daniel Lee                                                                                                                                                                                                                                                ,LEC
1127,ENSC    ,891,BURNABY   ,80,3,. Faculty                                                                                                                                                                                                                                                 ,SEC
1101,ENSC    ,887,BURNABY   ,30,5,Farid Golnaraghi                                                                                                                                                                                                                                          ,LEC
1177,ENSC    ,385,BURNABY   ,60,47,Nimal Rajapakse                                                                                                                                                                                                                                           ,LEC
1171,ENSC    ,410,BURNABY   ,150,113,Hsiu-Yang Tseng                                                                                                                                                                                                                                           ,LEC
1157,ENSC    ,251,BURNABY   ,48,50,Lesley Shannon                                                                                                                                                                                                                                            ,LAB
1087,CMPT    ,899,BURNABY   ,85,82,. Faculty                                                                                                                                                                                                                                                 ,SEC
1161,CMPT    ,899,OFF       ,5,0,<null>,SEC
1134,ENSC    ,250,BURNABY   ,100,96,Lakshman One                                                                                                                                                                                                                                              ,LEC
1107,ENSC    ,201,BURNABY   ,109,107,John Jones                                                                                                                                                                                                                                                ,TUT
1137,ENSC    ,426,BURNABY   ,30,29,Shawn Stapleton                                                                                                                                                                                                                                           ,TUT
1147,ENSC    ,395,BURNABY   ,25,16,Harriet Chicoine                                                                                                                                                                                                                                          ,SEC
1171,ENSC    ,395,BURNABY   ,25,26,Harriet Chicoine                                                                                                                                                                                                                                          ,SEC
1181,ENSC    ,395,METRO     ,30,31,Harriet Chicoine                                                                                                                                                                                                                                          ,SEC
1181,ENSC    ,395,OFF       ,10,2,Harriet Chicoine                                                                                                                                                                                                                                          ,SEC
1104,ENSC    ,383,SURREY    ,32,32,Siamak Arzanpour                                                                                                                                                                                                                                          ,LAB
1127,ENSC    ,325,BURNABY   ,70,67,Marek Syrzycki                                                                                                                                                                                                                                            ,LEC
1117,CMPT    ,166,SURREY    ,24,23,Toby Donaldson                                                                                                                                                                                                                                            ,TUT
1131,ENSC    ,436,SURREY    ,19,0,Siamak Arzanpour                                                                                                                                                                                                                                          ,OPL
1174,CMPT    ,628,METRO     ,5,3,Harriet Chicoine                                                                                                                                                                                                                                          ,PRA
1121,CMPT    ,166,SURREY    ,24,24,Toby Donaldson                                                                                                                                                                                                                                            ,LAB
1147,CMPT    ,166,SURREY    ,26,26,Toby Donaldson                                                                                                                                                                                                                                            ,LAB
1157,CMPT    ,166,SURREY    ,26,26,Karol Swietlicki                                                                                                                                                                                                                                          ,LAB
1164,ENSC    ,280,BURNABY   ,165,149,Atousa Hajshirmohammadi                                                                                                                                                                                                                                   ,TUT
1171,CMPT    ,828,BURNABY   ,25,10,Mark Drew                                                                                                                                                                                                                                                 ,SEM
1154,ENSC    ,280,BURNABY   ,50,50,Atousa Hajshirmohammadi                                                                                                                                                                                                                                   ,LAB
1177,ENSC    ,470,BURNABY   ,40,39,Glenn Chapman                                                                                                                                                                                                                                             ,LEC
1161,ENSC    ,859,BURNABY   ,50,6,Bonnie Gray                                                                                                                                                                                                                                               ,LEC
1124,ENSC    ,384,SURREY    ,33,14,"Farid Golnaraghi, Krishna Vijayaraghavan, Mehrdad Moallem, Siamak Arzanpour                                                                                                                                                                               ",LAB
1131,ENSC    ,451,SURREY    ,72,73,Amr Marzouk                                                                                                                                                                                                                                               ,LAB
1124,ENSC    ,484,SURREY    ,57,47,". TBD, Mohammad Al Qaderi, Reza Sabzehgar                                                                                                                                                                                                                 ",LEC
1161,MATH    ,157,SURREY    ,102,65,Natalia Kouzniak                                                                                                                                                                                                                                          ,LEC
1151,MACM    ,201,SURREY    ,102,71,Abraham Punnen                                                                                                                                                                                                                                            ,LEC
1094,MATH    ,152,BURNABY   ,225,201,Veselin Jungic                                                                                                                                                                                                                                            ,LEC
1107,MATH    ,152,BURNABY   ,300,238,Jamie Mulholland                                                                                                                                                                                                                                          ,LEC
1121,MATH    ,152,BURNABY   ,300,262,Jamie Mulholland                                                                                                                                                                                                                                          ,LEC
1107,MATH    ,100,BURNABY   ,400,327,Margot Black                                                                                                                                                                                                                                              ,LEC
1157,ENSC    ,251,BURNABY   ,48,49,Lesley Shannon                                                                                                                                                                                                                                            ,LAB
1154,ENSC    ,254,BURNABY   ,118,58,Fabio Campi                                                                                                                                                                                                                                               ,LEC
1167,ENSC    ,254,BURNABY   ,87,83,William Scratchley                                                                                                                                                                                                                                        ,TUT
1154,MSE     ,893,SURREY    ,8,4,Flavio Firmani                                                                                                                                                                                                                                            ,LEC
1151,MSE     ,881,SURREY    ,20,5,Mehrdad Moallem                                                                                                                                                                                                                                           ,LEC
1167,ENSC    ,120,BURNABY   ,35,34,Meenakshinathan Parameswaran                                                                                                                                                                                                                              ,LAB
1137,ENSC    ,120,BURNABY   ,30,29,Meenakshinathan Parameswaran                                                                                                                                                                                                                              ,LAB
1167,MSE     ,220,SURREY    ,27,26,Woo Soo Kim                                                                                                                                                                                                                                               ,LAB
1141,MSE     ,490,SURREY    ,40,27,Ahmad Rad                                                                                                                                                                                                                                                 ,SEM
1151,MSE     ,101W      ,SURREY    ,30,30,"Kevin Oldknow, Maureen Hindy                                                                                                                                                                                                                              ",TUT
1081,ENSC    ,499,BURNABY   ,15,6,. Faculty                                                                                                                                                                                                                                                 ,SEC
1141,ENSC    ,810,BURNABY   ,40,11,Rodney Vaughan                                                                                                                                                                                                                                            ,LEC
1161,ENSC    ,805,BURNABY   ,50,6,Paul Ho                                                                                                                                                                                                                                                   ,LEC
1087,ENSC    ,494,BURNABY   ,15,10,. Faculty                                                                                                                                                                                                                                                 ,SEC
1134,MATH    ,157,BURNABY   ,0,0,<null>,OPL
1137,MATH    ,157,BURNABY   ,1,1,<null>,SEC
1174,MSE     ,393,OFF       ,30,3,Stephanie DeRapp                                                                                                                                                                                                                                          ,SEC
1141,MSE     ,394,SURREY    ,10,3,Harriet Chicoine                                                                                                                                                                                                                                          ,SEC
1167,MSE     ,394,OFF       ,10,0,Stephanie DeRapp                                                                                                                                                                                                                                          ,SEC
1147,MSE     ,493,SURREY    ,35,22,Stephanie DeRapp                                                                                                                                                                                                                                          ,SEC
1161,MSE     ,493,SURREY    ,10,19,Stephanie DeRapp                                                                                                                                                                                                                                          ,SEC
1131,MATH    ,302,BURNABY   ,75,74,Jamie Mulholland                                                                                                                                                                                                                                          ,LEC
1081,KIN     ,140,BURNABY   ,100,98,Stephen Brown                                                                                                                                                                                                                                             ,SEC
1087,KIN     ,306,BURNABY   ,90,89,Charles Krieger                                                                                                                                                                                                                                           ,LEC
1091,KIN     ,201,BURNABY   ,90,72,Anthony Leyland                                                                                                                                                                                                                                           ,LEC
1174,DDP     ,210,OFF       ,30,6,Ze-Nian Li                                                                                                                                                                                                                                                ,SEC
1121,DDP     ,310,OFF       ,30,3,Qianping Gu                                                                                                                                                                                                                                               ,SEC
1094,KIN     ,311,BURNABY   ,54,51,Amandio Vieira                                                                                                                                                                                                                                            ,LEC
1087,KIN     ,241,BURNABY   ,76,76,Donald Hedges                                                                                                                                                                                                                                             ,LEC
1094,KIN     ,451,BURNABY   ,10,4,Darleen Bemister                                                                                                                                                                                                                                          ,PRA
1114,CMPT    ,777,BURNABY   ,15,12,Evgenia Ternovska                                                                                                                                                                                                                                         ,LEC
1107,MATH    ,100,SURREY    ,100,80,Pooja Pandey                                                                                                                                                                                                                                              ,LEC
1081,IAT     ,455,SURREY    ,48,19,Helmine Serban                                                                                                                                                                                                                                            ,LEC
1087,MACM    ,416,BURNABY   ,30,15,Mary Catherine Kropinski                                                                                                                                                                                                                                  ,LEC
1127,MATH    ,190,BURNABY   ,120,88,Rina Zazkis                                                                                                                                                                                                                                               ,LEC
1137,MATH    ,190,BURNABY   ,120,98,Malgorzata Dubiel                                                                                                                                                                                                                                         ,LEC
1157,MATH    ,190,BURNABY   ,45,20,Oi-Lam Ng                                                                                                                                                                                                                                                 ,SEC
1171,MATH    ,190,BURNABY   ,45,35,Petra Menz                                                                                                                                                                                                                                                ,SEC
1161,MATH    ,157,BURNABY   ,253,198,Weiran Sun                                                                                                                                                                                                                                                ,LEC
1171,MATH    ,157,BURNABY   ,331,229,Weiran Sun                                                                                                                                                                                                                                                ,LEC
1097,MATH    ,496,BURNABY   ,1,1,Tom Archibald                                                                                                                                                                                                                                             ,SEC
1127,MATH    ,337,BURNABY   ,20,0,Faye Stefan                                                                                                                                                                                                                                               ,SEC
1167,MSE     ,310,SURREY    ,91,91,Shaghayegh Zihajehzadeh                                                                                                                                                                                                                                   ,LEC
1161,MATH    ,892,BURNABY   ,6,0,Stuart Billings                                                                                                                                                                                                                                           ,SEC
1137,MATH    ,891,BURNABY   ,6,0,Stuart Billings                                                                                                                                                                                                                                           ,SEC
1111,CMPT    ,497,BURNABY   ,15,9,Qianping Gu                                                                                                                                                                                                                                               ,LEC
1174,MSE     ,893,SURREY    ,2,0,<null>,LAB
1081,IAT     ,445,SURREY    ,24,24,Stephen Dipaola                                                                                                                                                                                                                                           ,LAB
1161,CHIN    ,291,BURNABY   ,25,12,Ping He                                                                                                                                                                                                                                                   ,TUT
1107,MATH    ,150,SURREY    ,80,50,Gaitri Yapa                                                                                                                                                                                                                                               ,LEC
1114,MATH    ,150,BURNABY   ,35,24,"Emily Walsh, Jamie Mulholland                                                                                                                                                                                                                             ",SEC
1107,ENSC    ,100W      ,BURNABY   ,6,6,Michael Sjoerdsma                                                                                                                                                                                                                                         ,TUT
1107,ENSC    ,100W      ,BURNABY   ,6,6,Michael Sjoerdsma                                                                                                                                                                                                                                         ,TUT
1177,MSE     ,493,OFF       ,10,5,Stephanie DeRapp                                                                                                                                                                                                                                          ,SEC
1134,MSE     ,492,SURREY    ,50,17,Woo Soo Kim                                                                                                                                                                                                                                               ,TUT
1134,MSE     ,492,SURREY    ,45,42,Krishna Vijayaraghavan                                                                                                                                                                                                                                    ,TUT
1157,MACM    ,442,BURNABY   ,30,8,Petr Lisonek                                                                                                                                                                                                                                              ,LEC
1164,MSE     ,422,SURREY    ,18,0,<null>,LAB
1087,IAT     ,443,SURREY    ,24,24,David Milam                                                                                                                                                                                                                                               ,LAB
1091,IAT     ,445,SURREY    ,74,73,Stephen Dipaola                                                                                                                                                                                                                                           ,LEC
1181,ENSC    ,452,BURNABY   ,5,0,<null>,LAB
1081,KIN     ,802,BURNABY   ,25,14,. Sessional                                                                                                                                                                                                                                               ,LEC
1124,MATH    ,761,BURNABY   ,2,0,JF Williams                                                                                                                                                                                                                                               ,LEC
1121,CMPT    ,166,SURREY    ,0,0,<null>,LAB
1081,KIN     ,806,BURNABY   ,25,0,<null>,SEM
1087,IAT     ,100,SURREY    ,24,26,Jack Stockholm III                                                                                                                                                                                                                                        ,STL
1131,ENSC    ,283,SURREY    ,38,35,. TBD                                                                                                                                                                                                                                                     ,LAB
1117,ENSC    ,329,SURREY    ,30,29,Martin Ordonez                                                                                                                                                                                                                                            ,LAB
1134,MATH    ,251,BURNABY   ,0,0,<null>,OPL
1147,MATH    ,251,SURREY    ,72,0,<null>,OPL
1091,CMPT    ,496,BURNABY   ,1,1,Arthur Kirkpatrick                                                                                                                                                                                                                                        ,SEM
1087,TECH    ,106,SURREY    ,120,115,Belgacem Ben Youssef                                                                                                                                                                                                                                      ,LEC
1131,MATH    ,152,BURNABY   ,440,373,Brenda Davison                                                                                                                                                                                                                                            ,LEC
1121,MATH    ,152,SURREY    ,150,94,Keshav Mukunda                                                                                                                                                                                                                                            ,LEC
1121,MATH    ,100,SURREY    ,90,46,Pooja Pandey                                                                                                                                                                                                                                              ,LEC
1127,MACM    ,316,BURNABY   ,229,208,Maurizio Ceseri                                                                                                                                                                                                                                           ,LEC
1097,MACM    ,316,BURNABY   ,150,120,Robert Russell                                                                                                                                                                                                                                            ,LEC
1151,MACM    ,316,BURNABY   ,195,163,Benjamin Adcock                                                                                                                                                                                                                                           ,LEC
1161,MATH    ,336,OFF       ,20,0,Stuart Billings                                                                                                                                                                                                                                           ,SEC
1124,MATH    ,894,BURNABY   ,6,1,Steven Pearce                                                                                                                                                                                                                                             ,SEC
1181,ENSC    ,452,BURNABY   ,29,0,<null>,LAB
1141,MSE     ,101W      ,SURREY    ,108,0,<null>,LEC
1141,ENSC    ,440W      ,BURNABY   ,75,71,Andrew Rawicz                                                                                                                                                                                                                                             ,LEC
1151,ENSC    ,440W      ,BURNABY   ,90,71,Andrew Rawicz                                                                                                                                                                                                                                             ,LEC
1087,REM     ,899,BURNABY   ,20,14,. Faculty                                                                                                                                                                                                                                                 ,SEC
1177,ENSC    ,100W      ,BURNABY   ,8,8,Michael Sjoerdsma                                                                                                                                                                                                                                         ,LAB
1107,ENSC    ,100W      ,BURNABY   ,4,10,Michael Sjoerdsma                                                                                                                                                                                                                                         ,TUT
1117,ENSC    ,100W      ,BURNABY   ,5,4,. Faculty                                                                                                                                                                                                                                                 ,TUT
1127,ENSC    ,100W      ,BURNABY   ,5,6,. Faculty                                                                                                                                                                                                                                                 ,TUT
1167,ENSC    ,100W      ,BURNABY   ,9,9,Michael Sjoerdsma                                                                                                                                                                                                                                         ,LAB
1177,ENSC    ,100W      ,BURNABY   ,8,0,Michael Sjoerdsma                                                                                                                                                                                                                                         ,LAB
1177,ENSC    ,100W      ,BURNABY   ,8,0,Michael Sjoerdsma                                                                                                                                                                                                                                         ,LAB
1171,MATH    ,701,BURNABY   ,5,2,Michael Monagan                                                                                                                                                                                                                                           ,LEC
1084,IAT     ,244,SURREY    ,24,24,Michael Filimowicz                                                                                                                                                                                                                                        ,STL
1164,CMPT    ,225,BURNABY   ,26,26,Anne Lavergne                                                                                                                                                                                                                                             ,LAB
1174,CMPT    ,225,BURNABY   ,26,25,Anne Lavergne                                                                                                                                                                                                                                             ,LAB
1157,CMPT    ,225,BURNABY   ,26,26,David Mitchell                                                                                                                                                                                                                                            ,LAB
1174,CMPT    ,225,BURNABY   ,26,26,Anne Lavergne                                                                                                                                                                                                                                             ,LAB
1157,CMPT    ,225,SURREY    ,24,10,Arthur Kirkpatrick                                                                                                                                                                                                                                        ,LAB
1171,CMPT    ,225,BURNABY   ,26,25,Thomas Shermer                                                                                                                                                                                                                                            ,LAB
1181,CMPT    ,225,BURNABY   ,208,203,David Mitchell                                                                                                                                                                                                                                            ,LEC
1174,CMPT    ,225,BURNABY   ,26,26,Anne Lavergne                                                                                                                                                                                                                                             ,LAB
1181,CMPT    ,225,BURNABY   ,26,25,David Mitchell                                                                                                                                                                                                                                            ,LAB
1164,CMPT    ,225,BURNABY   ,26,26,Anne Lavergne                                                                                                                                                                                                                                             ,LAB
1161,CMPT    ,225,BURNABY   ,25,26,Geoffrey Tien                                                                                                                                                                                                                                             ,LAB
1091,CMPT    ,125,BURNABY   ,26,26,Diana Cukierman                                                                                                                                                                                                                                           ,LAB
1097,CMPT    ,128,BURNABY   ,134,125,Janice Regan                                                                                                                                                                                                                                              ,LEC
1097,CMPT    ,128,BURNABY   ,26,20,Janice Regan                                                                                                                                                                                                                                              ,LAB
1161,CMPT    ,225,BURNABY   ,25,26,Geoffrey Tien                                                                                                                                                                                                                                             ,LAB
1097,MACM    ,201,BURNABY   ,150,130,Jonathan Jedwab                                                                                                                                                                                                                                           ,LEC
1081,MATH    ,336,BURNABY   ,20,0,Faye Stefan                                                                                                                                                                                                                                               ,SEC
1091,MATH    ,336,BURNABY   ,20,3,Faye Stefan                                                                                                                                                                                                                                               ,SEC
1147,MATH    ,336,BURNABY   ,20,2,Stuart Billings                                                                                                                                                                                                                                           ,SEC
1137,MATH    ,232,BURNABY   ,253,242,Cedric Chauve                                                                                                                                                                                                                                             ,LEC
1181,MATH    ,251,BURNABY   ,225,169,Steven Ruuth                                                                                                                                                                                                                                              ,LEC
1084,MATH    ,242,BURNABY   ,35,10,Mahdad Khatirinejad                                                                                                                                                                                                                                       ,LEC
1124,MATH    ,190,BURNABY   ,35,34,Justin Gray                                                                                                                                                                                                                                               ,SEC
1131,MATH    ,252,BURNABY   ,72,50,Tom Archibald                                                                                                                                                                                                                                             ,LEC
1091,MATH    ,160W      ,KAM       ,12,5,Ping Ding                                                                                                                                                                                                                                                 ,SEC
1081,MATH    ,743,BURNABY   ,15,5,Petr Lisonek                                                                                                                                                                                                                                              ,LEC
1081,ENSC    ,372,BURNABY   ,0,0,<null>,OPL
1124,CMPT    ,166,SURREY    ,0,0,<null>,LAB
1094,WKTM    ,300,SURREY    ,50,5,"Frances McLafferty, Navinder Chima                                                                                                                                                                                                                        ",SEC
1081,IAT     ,244,SURREY    ,24,24,Michael Filimowicz                                                                                                                                                                                                                                        ,STL
1084,IAT     ,244,SURREY    ,24,23,Michael Filimowicz                                                                                                                                                                                                                                        ,STL
1164,CMPT    ,225,BURNABY   ,26,26,Anne Lavergne                                                                                                                                                                                                                                             ,LAB
1097,CMPT    ,128,BURNABY   ,26,25,Janice Regan                                                                                                                                                                                                                                              ,LAB
1087,CMNS    ,336,HRBRCNTR  ,30,16,Dal Jin                                                                                                                                                                                                                                                   ,SEM
1087,CMPT    ,120,BURNABY   ,33,33,Diana Cukierman                                                                                                                                                                                                                                           ,LAB
1101,CMPT    ,120,BURNABY   ,26,26,Diana Cukierman                                                                                                                                                                                                                                           ,LAB
1154,CMPT    ,120,BURNABY   ,26,25,Anne Lavergne                                                                                                                                                                                                                                             ,LAB
1081,CMPT    ,125,BURNABY   ,100,79,David Mitchell                                                                                                                                                                                                                                            ,LEC
1161,CMPT    ,126,BURNABY   ,25,7,Ali Madooei                                                                                                                                                                                                                                               ,LAB
1171,CMPT    ,705,BURNABY   ,80,32,Ramesh Krishnamurti                                                                                                                                                                                                                                       ,LEC
1087,MATH    ,251,SURREY    ,40,0,<null>,OPL
1101,MATH    ,155,SURREY    ,90,0,<null>,LEC
1087,CMNS    ,260,BURNABY   ,0,0,<null>,LEC
1087,CMNS    ,260,BURNABY   ,0,0,<null>,TUT
1167,ENSC    ,894,BURNABY   ,8,8,Glenn Chapman                                                                                                                                                                                                                                             ,LEC
1097,ENSC    ,894,BURNABY   ,10,8,Shahram Payandeh                                                                                                                                                                                                                                          ,LEC
1087,MATH    ,310,BURNABY   ,32,0,<null>,TUT
1084,CMNS    ,395,BURNABY   ,35,32,Marcia Shimizu                                                                                                                                                                                                                                            ,PRA
1091,CMNS    ,478,OFF       ,5,0,. TBD                                                                                                                                                                                                                                                     ,SEC
1084,CMNS    ,438,BURNABY   ,10,0,. Faculty                                                                                                                                                                                                                                                 ,SEC
1101,CMPT    ,120,BURNABY   ,26,24,Diana Cukierman                                                                                                                                                                                                                                           ,LAB
1124,ENSC    ,460,SURREY    ,20,0,. Faculty                                                                                                                                                                                                                                                 ,LEC
1121,ENSC    ,460,SURREY    ,30,27,Siamak Arzanpour                                                                                                                                                                                                                                          ,LEC
1131,CMPT    ,881,BURNABY   ,20,15,Ayse Ergun                                                                                                                                                                                                                                                ,LEC
1084,ENSC    ,350,BURNABY   ,50,0,<null>,OPL
1081,CMNS    ,495,BURNABY   ,35,10,Marcia Shimizu                                                                                                                                                                                                                                            ,PRA
1154,CMPT    ,110,BURNABY   ,75,59,Anthony Dixon                                                                                                                                                                                                                                             ,SEC
1081,CMPT    ,110,BURNABY   ,75,37,Colin Stewart                                                                                                                                                                                                                                             ,LEC
1127,CMPT    ,165,BURNABY   ,26,26,Anne Lavergne                                                                                                                                                                                                                                             ,LAB
1114,CMPT    ,165,BURNABY   ,26,26,Anne Lavergne                                                                                                                                                                                                                                             ,LAB
1101,CMPT    ,165,BURNABY   ,26,26,Gregory Baker                                                                                                                                                                                                                                             ,LAB
1091,MATH    ,892,BURNABY   ,10,0,Faye Stefan                                                                                                                                                                                                                                               ,SEC
1094,MATH    ,893,BURNABY   ,10,0,Faye Stefan                                                                                                                                                                                                                                               ,SEC
1117,MATH    ,893,BURNABY   ,20,0,Faye Stefan                                                                                                                                                                                                                                               ,SEC
1137,MATH    ,898,OFF       ,5,0,<null>,SEC
1097,CMPT    ,165,BURNABY   ,25,25,Gregory Baker                                                                                                                                                                                                                                             ,LAB
1181,CMPT    ,300,SURREY    ,90,76,Harinder Khangura                                                                                                                                                                                                                                         ,LEC
1144,CMPT    ,165,SURREY    ,104,98,Harinder Khangura                                                                                                                                                                                                                                         ,LEC
1117,CMPT    ,300,BURNABY   ,45,45,Zonghua Gu                                                                                                                                                                                                                                                ,LEC
1104,CMPT    ,165,SURREY    ,24,24,Harinder Khangura                                                                                                                                                                                                                                         ,LAB
1177,CMPT    ,354,BURNABY   ,90,88,Evgenia Ternovska                                                                                                                                                                                                                                         ,LEC
1177,CMPT    ,354,SURREY    ,90,90,John Edgar                                                                                                                                                                                                                                                ,LEC
1154,CMPT    ,120,BURNABY   ,26,23,Anne Lavergne                                                                                                                                                                                                                                             ,LAB
1167,CMPT    ,120,BURNABY   ,26,26,Diana Cukierman                                                                                                                                                                                                                                           ,LAB
1097,CMPT    ,120,SURREY    ,25,23,Toby Donaldson                                                                                                                                                                                                                                            ,LAB
1097,CMPT    ,120,SURREY    ,25,21,Toby Donaldson                                                                                                                                                                                                                                            ,LAB
1124,CMPT    ,705,BURNABY   ,25,3,Petra Berenbrink                                                                                                                                                                                                                                          ,LEC
1141,CMPT    ,165,BURNABY   ,25,0,<null>,LAB
1094,ENSC    ,350,BURNABY   ,50,0,<null>,OPL
1127,CMPT    ,479,SURREY    ,10,9,". Faculty, Arrvindh Shriraman                                                                                                                                                                                                                             ",LEC
1154,MSE     ,497,SURREY    ,5,0,<null>,LAB
1114,CMPT    ,165,BURNABY   ,26,26,Anne Lavergne                                                                                                                                                                                                                                             ,LAB
1124,CMPT    ,165,BURNABY   ,75,74,Colin Stewart                                                                                                                                                                                                                                             ,SEC
1104,CMPT    ,165,BURNABY   ,25,25,Bobby Chan                                                                                                                                                                                                                                                ,LAB
1094,CMNS    ,899,OFF       ,40,4,. Faculty                                                                                                                                                                                                                                                 ,SEC
1104,CMPT    ,165,SURREY    ,24,24,Harinder Khangura                                                                                                                                                                                                                                         ,LAB
1174,CMPT    ,310,BURNABY   ,85,82,Oliver Schulte                                                                                                                                                                                                                                            ,LEC
1167,CMPT    ,308,BURNABY   ,65,46,Valentine Kabanets                                                                                                                                                                                                                                        ,LEC
1137,CMPT    ,307,SURREY    ,30,18,". Faculty, Guochuan Zhang                                                                                                                                                                                                                                 ",LEC
1141,CMPT    ,307,HRBRCNTR  ,55,51,Pavol Hell                                                                                                                                                                                                                                                ,LEC
1101,CMPT    ,212,SURREY    ,48,41,John Edgar                                                                                                                                                                                                                                                ,LEC
1081,CMPT    ,250,SURREY    ,24,25,Harinder Khangura                                                                                                                                                                                                                                         ,LEC
1154,CMPT    ,165,BURNABY   ,180,179,Ying Tang                                                                                                                                                                                                                                                 ,LEC
1147,CMPT    ,165,BURNABY   ,75,73,". Faculty, Stephen Makonin                                                                                                                                                                                                                                ",SEC
1127,CMPT    ,165,BURNABY   ,26,26,Anne Lavergne                                                                                                                                                                                                                                             ,LAB
1117,CMPT    ,471,BURNABY   ,55,52,Qianping Gu                                                                                                                                                                                                                                               ,LEC
1137,CMPT    ,430,OFF       ,15,0,Harriet Chicoine                                                                                                                                                                                                                                          ,SEC
1087,IAT     ,233,SURREY    ,0,0,<null>,LAB
1087,CMNS    ,110,BURNABY   ,18,19,<null>,TUT
1154,CMPT    ,427,METRO     ,0,0,<null>,SEC
1154,MSE     ,411,SURREY    ,100,0,<null>,SEM
1084,CMNS    ,221,BURNABY   ,16,15,<null>,TUT
1091,CMNS    ,110,BURNABY   ,18,18,<null>,TUT
1157,MATH    ,232,SURREY    ,48,0,<null>,OPL
1171,MATH    ,232,SURREY    ,60,0,<null>,OPL
1117,ENSC    ,100,BURNABY   ,2,2,. Faculty                                                                                                                                                                                                                                                 ,TUT
1167,ENSC    ,351,BURNABY   ,132,112,May Siksik                                                                                                                                                                                                                                                ,TUT
1174,ENSC    ,225,BURNABY   ,165,158,Meenakshinathan Parameswaran                                                                                                                                                                                                                              ,TUT
1137,ENSC    ,395,OFF       ,25,10,Harriet Chicoine                                                                                                                                                                                                                                          ,SEC
1181,CMPT    ,218,BURNABY   ,24,24,Bobby Chan                                                                                                                                                                                                                                                ,LAB
1181,CMPT    ,218,BURNABY   ,24,21,Bobby Chan                                                                                                                                                                                                                                                ,LAB
1147,CMPT    ,300,BURNABY   ,100,100,Steven Pearce                                                                                                                                                                                                                                             ,LEC
1181,CMPT    ,218,BURNABY   ,24,7,Bobby Chan                                                                                                                                                                                                                                                ,LAB
1101,CMPT    ,475,BURNABY   ,40,31,". Faculty, William Vandenberg                                                                                                                                                                                                                             ",LEC
1091,KIN     ,452,OFF       ,15,1,<null>,PRA
1174,ENSC    ,425,BURNABY   ,40,27,Maryam Dehghani Estarki                                                                                                                                                                                                                                   ,RQL
1167,ENSC    ,424,BURNABY   ,75,55,Jie Liang                                                                                                                                                                                                                                                 ,LEC
1157,ENSC    ,400,BURNABY   ,5,3,Fabio Campi                                                                                                                                                                                                                                               ,SEC
1091,ENSC    ,427,BURNABY   ,50,33,Ljiljana Trajkovic                                                                                                                                                                                                                                        ,LEC
1111,ENSC    ,861,BURNABY   ,10,7,Jie Liang                                                                                                                                                                                                                                                 ,SEC
1137,CMPT    ,165,BURNABY   ,26,25,Gregory Baker                                                                                                                                                                                                                                             ,LAB
1151,CMPT    ,427,SURREY    ,5,5,Harriet Chicoine                                                                                                                                                                                                                                          ,SEC
1141,CMPT    ,354,BURNABY   ,75,70,Oliver Schulte                                                                                                                                                                                                                                            ,LEC
1167,CMPT    ,354,BURNABY   ,85,84,Oliver Schulte                                                                                                                                                                                                                                            ,LEC
1144,CMPT    ,430,OFF       ,5,0,Harriet Chicoine                                                                                                                                                                                                                                          ,SEC
1171,CMPT    ,415,BURNABY   ,5,1,John Edgar                                                                                                                                                                                                                                                ,SEC
1181,CMPT    ,415,BURNABY   ,1,1,Richard Vaughan                                                                                                                                                                                                                                           ,SEC
1087,CMPT    ,822,BURNABY   ,20,8,Brian Funt                                                                                                                                                                                                                                                ,LEC
1111,CMPT    ,475,BURNABY   ,45,42,Uwe Glaesser                                                                                                                                                                                                                                              ,LEC
1127,CMPT    ,430,METRO     ,2,1,"Harriet Chicoine, John McDonald                                                                                                                                                                                                                           ",SEC
1087,CMPT    ,165,BURNABY   ,30,29,Anne Lavergne                                                                                                                                                                                                                                             ,LAB
1107,CMPT    ,383,BURNABY   ,65,65,Arthur Kirkpatrick                                                                                                                                                                                                                                        ,LEC
1167,CMPT    ,417,BURNABY   ,50,40,David Mitchell                                                                                                                                                                                                                                            ,LEC
1104,CMPT    ,427,BURNABY   ,33,31,Harriet Chicoine                                                                                                                                                                                                                                          ,SEC
1177,CMPT    ,427,OFF       ,25,2,Harriet Chicoine                                                                                                                                                                                                                                          ,SEC
1141,CMPT    ,427,OFF       ,5,1,Harriet Chicoine                                                                                                                                                                                                                                          ,SEC
1167,CMPT    ,427,OFF       ,3,0,Harriet Chicoine                                                                                                                                                                                                                                          ,SEC
1091,CMPT    ,415,BURNABY   ,1,1,Tamara Smyth                                                                                                                                                                                                                                              ,SEC
1131,CMPT    ,843,BURNABY   ,25,13,Jian Pei                                                                                                                                                                                                                                                  ,LEC
1087,CMNS    ,240,BURNABY   ,18,15,<null>,TUT
1091,CMNS    ,362,HRBRCNTR  ,18,18,<null>,TUT
1087,CMNS    ,473,HRBRCNTR  ,16,14,<null>,LAB
1084,CMNS    ,473,HRBRCNTR  ,15,13,<null>,LAB
1087,CMNS    ,473,HRBRCNTR  ,16,18,<null>,LAB
1104,ENSC    ,383,BURNABY   ,69,69,Mirza Beg                                                                                                                                                                                                                                                 ,TUT
1157,ENSC    ,351,BURNABY   ,44,39,. Sessional                                                                                                                                                                                                                                               ,LAB
1124,ENSC    ,383,SURREY    ,25,22,Siamak Arzanpour                                                                                                                                                                                                                                          ,LAB
1164,ENSC    ,295,OFF       ,20,11,Harriet Chicoine                                                                                                                                                                                                                                          ,SEC
1141,ENSC    ,851,BURNABY   ,12,12,Glenn Chapman                                                                                                                                                                                                                                             ,LEC
1161,ENSC    ,833,BURNABY   ,30,16,Ljiljana Trajkovic                                                                                                                                                                                                                                        ,SEM
1087,ENSC    ,498,BURNABY   ,20,8,. Faculty                                                                                                                                                                                                                                                 ,SEC
1094,ENSC    ,250,BURNABY   ,25,0,<null>,TUT
1097,ENSC    ,499,BURNABY   ,20,3,<null>,SEC
1144,ENSC    ,898,BURNABY   ,120,36,<null>,SEC
1167,ENSC    ,499,BURNABY   ,10,4,<null>,SEC
1121,ENSC    ,891,BURNABY   ,80,9,<null>,SEC
1141,ENSC    ,499,BURNABY   ,10,4,<null>,SEC
1097,MATH    ,151,BURNABY   ,60,0,<null>,OPL
1157,MACM    ,316,BURNABY   ,32,28,<null>,TUT
1127,MACM    ,201,BURNABY   ,0,0,<null>,OPL
1157,MACM    ,316,BURNABY   ,32,28,<null>,TUT
1157,MATH    ,309,BURNABY   ,32,21,<null>,TUT
1114,ENSC    ,898,BURNABY   ,100,104,. Faculty                                                                                                                                                                                                                                                 ,SEC
1091,ENSC    ,320,BURNABY   ,25,24,<null>,TUT
1114,ENSC    ,395,SURREY    ,25,6,<null>,SEC
1134,ENSC    ,295,OFF       ,20,17,<null>,SEC
1094,ENSC    ,891,BURNABY   ,30,27,<null>,SEC
1174,ENSC    ,891,OFF       ,40,0,<null>,SEC
1131,ENSC    ,406,BURNABY   ,17,16,<null>,TUT
1137,MATH    ,310,SURREY    ,34,0,<null>,TUT
1094,KIN     ,305,BURNABY   ,72,69,Victoria Claydon                                                                                                                                                                                                                                          ,LEC
1137,MATH    ,157,SURREY    ,151,134,Chiaka Drakes                                                                                                                                                                                                                                             ,LEC
1117,MACM    ,201,BURNABY   ,191,185,Stephen Choi                                                                                                                                                                                                                                              ,LEC
1091,MATH    ,314,BURNABY   ,39,17,David Muraki                                                                                                                                                                                                                                              ,LEC
1181,MATH    ,314,BURNABY   ,32,27,Razvan Fetecau                                                                                                                                                                                                                                            ,LEC
1177,MATH    ,251,BURNABY   ,254,163,Weiran Sun                                                                                                                                                                                                                                                ,LEC
1097,ENSC    ,196,OFF       ,10,2,<null>,SEC
1104,ENSC    ,196,SURREY    ,35,18,<null>,SEC
1091,ENSC    ,406,BURNABY   ,15,16,<null>,TUT
1101,CMPT    ,430,OFF       ,15,0,"Frances McLafferty, Navinder Chima                                                                                                                                                                                                                        ",SEC
1137,CMPT    ,430,METRO     ,30,4,Harriet Chicoine                                                                                                                                                                                                                                          ,SEC
1131,ENSC    ,425,BURNABY   ,36,0,<null>,TUT
1124,ENSC    ,295,SURREY    ,50,11,<null>,SEC
1087,CMNS    ,110,BURNABY   ,18,19,<null>,TUT
1107,ENSC    ,100,BURNABY   ,2,1,Michael Sjoerdsma                                                                                                                                                                                                                                         ,TUT
1177,ENSC    ,220,BURNABY   ,160,142,Ljiljana Trajkovic                                                                                                                                                                                                                                        ,LEC
1127,ENSC    ,220,BURNABY   ,99,104,Atousa Hajshirmohammadi                                                                                                                                                                                                                                   ,TUT
1141,ENSC    ,196,OFF       ,10,4,Harriet Chicoine                                                                                                                                                                                                                                          ,SEC
1127,ENSC    ,220,SURREY    ,100,99,Ahmad Rad                                                                                                                                                                                                                                                 ,TUT
1177,ENSC    ,196,OFF       ,25,0,Harriet Chicoine                                                                                                                                                                                                                                          ,SEC
1164,ENSC    ,220,BURNABY   ,50,0,Atousa Hajshirmohammadi                                                                                                                                                                                                                                   ,LAB
1081,CMPT    ,250,SURREY    ,24,25,<null>,LAB
1151,ENSC    ,196,OFF       ,10,1,Harriet Chicoine                                                                                                                                                                                                                                          ,SEC
1117,ENSC    ,201,BURNABY   ,30,0,John Jones                                                                                                                                                                                                                                                ,LAB
1117,ENSC    ,387,BURNABY   ,50,20,Marcin Marzencki                                                                                                                                                                                                                                          ,LEC
1107,ENSC    ,426,BURNABY   ,22,21,Shawn Stapleton                                                                                                                                                                                                                                           ,LEC
1147,ENSC    ,426,BURNABY   ,34,25,Shawn Stapleton                                                                                                                                                                                                                                           ,TUT
1151,ENSC    ,425,BURNABY   ,36,25,Lakshman One                                                                                                                                                                                                                                              ,TUT
1124,ENSC    ,383,SURREY    ,25,24,Siamak Arzanpour                                                                                                                                                                                                                                          ,LAB
1117,ENSC    ,325,BURNABY   ,50,44,Marek Syrzycki                                                                                                                                                                                                                                            ,TUT
1171,ENSC    ,325,BURNABY   ,100,69,Marek Syrzycki                                                                                                                                                                                                                                            ,TUT
1154,ENSC    ,325,BURNABY   ,45,18,Fabio Campi                                                                                                                                                                                                                                               ,LAB
1107,MATH    ,308,BURNABY   ,32,35,<null>,TUT
1161,MATH    ,251,BURNABY   ,40,0,<null>,OPL
1087,MATH    ,242,BURNABY   ,32,31,<null>,TUT
1097,MATH    ,242,BURNABY   ,32,27,<null>,TUT
1087,MATH    ,310,BURNABY   ,32,32,<null>,TUT
1084,MATH    ,157,BURNABY   ,60,0,<null>,OPL
1154,MATH    ,310,BURNABY   ,40,40,<null>,TUT
1144,MATH    ,310,BURNABY   ,40,37,<null>,TUT
1154,MATH    ,310,BURNABY   ,40,40,<null>,TUT
1144,MATH    ,310,BURNABY   ,40,32,<null>,TUT
1147,MATH    ,308,BURNABY   ,32,11,<null>,TUT
1104,MATH    ,232,SURREY    ,40,0,<null>,OPL
1117,MATH    ,898,OFF       ,35,0,<null>,SEC
1174,MATH    ,898,OFF       ,5,0,<null>,SEC
1161,MATH    ,314,BURNABY   ,32,23,<null>,TUT
1171,MATH    ,314,BURNABY   ,32,20,<null>,TUT
1104,MATH    ,310,BURNABY   ,32,32,<null>,TUT
1097,MATH    ,310,SURREY    ,24,14,<null>,TUT
1134,CMPT    ,371,BURNABY   ,75,0,<null>,LEC
1084,MATH    ,190,SURREY    ,60,29,Elena Halmaghi                                                                                                                                                                                                                                            ,LEC
1084,MATH    ,190,KAM       ,12,5,Ping Ding                                                                                                                                                                                                                                                 ,SEC
1131,MATH    ,154,BURNABY   ,250,208,Stephen Choi                                                                                                                                                                                                                                              ,LEC
1127,ENSC    ,100,BURNABY   ,75,38,John Jones                                                                                                                                                                                                                                                ,LEC
1141,ENSC    ,196,BURNABY   ,20,5,Harriet Chicoine                                                                                                                                                                                                                                          ,SEC
1151,ENSC    ,427,BURNABY   ,35,34,Ljiljana Trajkovic                                                                                                                                                                                                                                        ,RQL
1134,ENSC    ,320,BURNABY   ,50,32,John Bird                                                                                                                                                                                                                                                 ,LEC
1131,ENSC    ,230,BURNABY   ,40,40,Shahram Payandeh                                                                                                                                                                                                                                          ,TUT
1174,ENSC    ,264,BURNABY   ,8,4,Peter Hallschmid                                                                                                                                                                                                                                          ,LEC
1127,ENSC    ,424,BURNABY   ,70,65,Jie Liang                                                                                                                                                                                                                                                 ,TUT
1137,ENSC    ,489,BURNABY   ,80,62,Shahram Payandeh                                                                                                                                                                                                                                          ,RQL
1131,ENSC    ,401,SURREY    ,5,0,". TBD, Farid Golnaraghi                                                                                                                                                                                                                                   ",SEC
1124,ENSC    ,400,BURNABY   ,5,3,. Faculty                                                                                                                                                                                                                                                 ,SEC
1117,MATH    ,154,SURREY    ,150,115,Natalia Kouzniak                                                                                                                                                                                                                                          ,LEC
1157,MATH    ,151,BURNABY   ,440,374,Matthew DeVos                                                                                                                                                                                                                                             ,LEC
1151,MATH    ,890,BURNABY   ,20,0,Stuart Billings                                                                                                                                                                                                                                           ,SEC
1101,MATH    ,336,BURNABY   ,20,1,Faye Stefan                                                                                                                                                                                                                                               ,SEC
1127,MATH    ,336,BURNABY   ,20,3,Faye Stefan                                                                                                                                                                                                                                               ,SEC
1127,MATH    ,310,SURREY    ,100,93,Natalia Kouzniak                                                                                                                                                                                                                                          ,LEC
1081,MATH    ,232,SURREY    ,100,50,Abraham Punnen                                                                                                                                                                                                                                            ,LEC
1091,MATH    ,232,SURREY    ,100,76,Abraham Punnen                                                                                                                                                                                                                                            ,LEC
1147,MATH    ,190,BURNABY   ,120,93,Malgorzata Dubiel                                                                                                                                                                                                                                         ,LEC
1137,MATH    ,190,BURNABY   ,45,28,Brenda Davison                                                                                                                                                                                                                                            ,SEC
1141,MATH    ,252,BURNABY   ,72,57,Tom Archibald                                                                                                                                                                                                                                             ,LEC
1181,ENSC    ,488,BURNABY   ,50,34,Shahram Payandeh                                                                                                                                                                                                                                          ,RQL
1161,MACM    ,201,BURNABY   ,60,0,<null>,OPL
1084,KIN     ,241,BURNABY   ,15,14,<null>,LAB
1091,KIN     ,306,BURNABY   ,18,17,<null>,TUT
1081,KIN     ,241,BURNABY   ,16,17,<null>,LAB
1087,KIN     ,326,BURNABY   ,25,25,<null>,LAB
1087,KIN     ,205,BURNABY   ,19,12,<null>,TUT
1094,KIN     ,305,BURNABY   ,18,18,<null>,TUT
1081,KIN     ,140,SURREY    ,54,53,Michael Walsh                                                                                                                                                                                                                                             ,LEC
1094,KIN     ,352,BURNABY   ,15,8,Darleen Bemister                                                                                                                                                                                                                                          ,PRA
1147,MATH    ,309,SURREY    ,32,20,Zhaosong Lu                                                                                                                                                                                                                                               ,LEC
1117,MATH    ,308,BURNABY   ,75,74,Ladislav Stacho                                                                                                                                                                                                                                           ,LEC
1134,MATH    ,486,BURNABY   ,20,0,Stuart Billings                                                                                                                                                                                                                                           ,SEC
1081,MATH    ,605,BURNABY   ,0,0,Peter Borwein                                                                                                                                                                                                                                             ,SEM
1157,MATH    ,486,BURNABY   ,20,0,Stuart Billings                                                                                                                                                                                                                                           ,SEC
1177,MATH    ,820,BURNABY   ,15,4,Ladislav Stacho                                                                                                                                                                                                                                           ,LEC
1164,MATH    ,496,BURNABY   ,25,4,Jonathan Jedwab                                                                                                                                                                                                                                           ,LEC
1094,MATH    ,342,BURNABY   ,64,33,Imin Chen                                                                                                                                                                                                                                                 ,LEC
1141,MATH    ,890,BURNABY   ,20,0,Stuart Billings                                                                                                                                                                                                                                           ,SEC
1137,MATH    ,894,BURNABY   ,6,0,. Faculty                                                                                                                                                                                                                                                 ,SEC
1154,MATH    ,894,BURNABY   ,6,2,Karen Yeats                                                                                                                                                                                                                                               ,SEC
1137,MATH    ,894,BURNABY   ,6,0,. Faculty                                                                                                                                                                                                                                                 ,SEC
1137,MATH    ,892,OFF       ,20,0,Stuart Billings                                                                                                                                                                                                                                           ,SEC
1154,MATH    ,892,OFF       ,20,0,Stuart Billings                                                                                                                                                                                                                                           ,SEC
1091,MATH    ,891,OFF       ,10,0,Faye Stefan                                                                                                                                                                                                                                               ,SEC
1127,ENSC    ,325,BURNABY   ,70,67,. Faculty                                                                                                                                                                                                                                                 ,RQL
1087,KIN     ,382,BURNABY   ,8,8,<null>,LAB
1094,KIN     ,305,BURNABY   ,18,17,<null>,TUT
1154,MATH    ,310,BURNABY   ,40,37,<null>,TUT
1081,ENSC    ,474,BURNABY   ,0,0,<null>,OPL
1094,REM     ,691,OFF       ,10,0,. Faculty                                                                                                                                                                                                                                                 ,SEC
1157,MATH    ,151,SURREY    ,0,0,<null>,LAB
1081,CMNS    ,474,HRBRCNTR  ,0,0,<null>,SEM
1081,TECH    ,114,SURREY    ,48,23,C. Andrew Paulin                                                                                                                                                                                                                                          ,LEC
1117,CMPT    ,126,BURNABY   ,0,0,<null>,LAB
1117,CMPT    ,126,BURNABY   ,0,0,<null>,LAB
1141,MSE     ,101W      ,SURREY    ,27,0,<null>,TUT
1141,MSE     ,101W      ,SURREY    ,27,0,<null>,TUT
1124,ENSC    ,215,BURNABY   ,22,0,<null>,LAB
1107,ENSC    ,215,BURNABY   ,22,0,<null>,LAB
1174,MSE     ,893,SURREY    ,3,0,<null>,LAB
1137,ENSC    ,100W      ,BURNABY   ,8,7,<null>,TUT
1101,MATH    ,150,BURNABY   ,60,0,<null>,OPL
1121,ENSC    ,380,SURREY    ,0,0,<null>,LAB
1091,CMNS    ,258,BURNABY   ,0,0,<null>,LAB
1091,MATH    ,232,SURREY    ,100,0,<null>,OPL
1157,ENSC    ,896,BURNABY   ,15,2,<null>,SEC
1157,ENSC    ,896,OFF       ,10,0,<null>,SEC
1087,ENSC    ,894,BURNABY   ,6,7,<null>,LAB
1084,MATH    ,897,BURNABY   ,6,0,. Faculty                                                                                                                                                                                                                                                 ,SEC
1087,MATH    ,896,BURNABY   ,6,0,. Faculty                                                                                                                                                                                                                                                 ,SEC
1091,TECH    ,114,SURREY    ,144,109,C. Andrew Paulin                                                                                                                                                                                                                                          ,LEC
1081,WKTM    ,200,SURREY    ,50,8,"Frances McLafferty, Navinder Chima                                                                                                                                                                                                                        ",SEC
1087,WKTM    ,100,OFF       ,10,3,"Frances McLafferty, Navinder Chima                                                                                                                                                                                                                        ",SEC
1134,ENSC    ,400,BURNABY   ,5,1,<null>,SEC
1137,ENSC    ,100,BURNABY   ,0,0,<null>,TUT
1151,ENSC    ,498,BURNABY   ,10,5,<null>,SEC
1084,ENSC    ,494,BURNABY   ,12,11,<null>,SEC
1111,MATH    ,252,BURNABY   ,32,31,<null>,TUT
1097,CMPT    ,470,BURNABY   ,65,0,<null>,LEC
1097,CMPT    ,118,SURREY    ,18,0,<null>,LAB
1167,ENSC    ,481,BURNABY   ,15,0,<null>,RQL
1117,ENSC    ,100W      ,BURNABY   ,4,4,<null>,TUT
1087,ENSC    ,100W      ,BURNABY   ,7,7,<null>,RQL
1117,ENSC    ,100W      ,BURNABY   ,6,6,<null>,TUT
1117,ENSC    ,100W      ,BURNABY   ,5,3,<null>,TUT
1161,ENSC    ,896,BURNABY   ,10,0,<null>,SEC
1101,ENSC    ,476,BURNABY   ,1,0,<null>,OPL
1087,ENSC    ,100W      ,BURNABY   ,5,4,<null>,RQL
1097,MATH    ,890,BURNABY   ,10,0,Faye Stefan                                                                                                                                                                                                                                               ,SEC
1137,MATH    ,892,BURNABY   ,6,0,Stuart Billings                                                                                                                                                                                                                                           ,SEC
1104,MATH    ,893,BURNABY   ,6,0,Faye Stefan                                                                                                                                                                                                                                               ,SEC
1091,MATH    ,486,BURNABY   ,20,0,Faye Stefan                                                                                                                                                                                                                                               ,SEC
1141,MSE     ,486,SURREY    ,5,0,<null>,SEM
1081,KIN     ,304W      ,BURNABY   ,18,0,<null>,TUT
1151,MATH    ,882,OFF       ,3,0,<null>,SEC
1177,MATH    ,154,SURREY    ,150,0,<null>,OPL
1117,MATH    ,152,BURNABY   ,60,0,<null>,OPL
1091,MATH    ,100,SURREY    ,48,0,<null>,OPL
1157,MSE     ,110,SURREY    ,30,0,<null>,TUT
1154,CMPT    ,135,SURREY    ,0,0,<null>,LAB
1081,CMNS    ,262,BURNABY   ,18,20,<null>,TUT
1091,CMNS    ,262,BURNABY   ,17,21,<null>,TUT
1137,ENSC    ,100W      ,BURNABY   ,8,8,<null>,TUT
1087,CMNS    ,332,BURNABY   ,18,19,<null>,TUT
1094,KIN     ,208,BURNABY   ,18,12,<null>,TUT
1177,ENSC    ,896,OFF       ,10,0,<null>,SEC
1177,ENSC    ,896,BURNABY   ,10,2,<null>,SEC
1131,MATH    ,302,BURNABY   ,38,38,<null>,TUT
1134,MSE     ,486,SURREY    ,5,1,<null>,SEC
1094,CMNS    ,323W      ,HRBRCNTR  ,7,8,<null>,TUT
1147,MSE     ,310,SURREY    ,60,58,<null>,LAB
1097,ENSC    ,894,BURNABY   ,10,7,<null>,LAB
1124,ENSC    ,894,SURREY    ,8,8,<null>,LAB
1161,MATH    ,242,BURNABY   ,32,0,<null>,TUT
1087,CMNS    ,262,BURNABY   ,18,22,<null>,TUT
1124,ENSC    ,894,SURREY    ,8,8,<null>,TUT
1111,ENSC    ,894,SURREY    ,5,5,<null>,LAB
1171,MSE     ,486,SURREY    ,5,0,<null>,SEM
1131,MATH    ,302,BURNABY   ,37,36,<null>,TUT
1151,MATH    ,341,BURNABY   ,32,15,<null>,TUT
1174,MSE     ,497,SURREY    ,5,0,<null>,LAB
1154,MATH    ,894,BURNABY   ,6,0,<null>,SEC
1087,CMNS    ,815,BURNABY   ,25,5,Ellen Balka                                                                                                                                                                                                                                               ,SEM
1094,CMNS    ,898,BURNABY   ,50,18,. Faculty                                                                                                                                                                                                                                                 ,SEC
1141,CMPT    ,320,BURNABY   ,100,100,Steven Pearce                                                                                                                                                                                                                                             ,LEC
1107,CMPT    ,250,BURNABY   ,26,25,Anthony Dixon                                                                                                                                                                                                                                             ,LAB
1107,CMPT    ,250,SURREY    ,40,35,Brian Fraser                                                                                                                                                                                                                                              ,LEC
1084,CMPT    ,428,BURNABY   ,50,20,Harriet Chicoine                                                                                                                                                                                                                                          ,SEC
1127,MATH    ,151,BURNABY   ,60,0,<null>,OPL
1107,MATH    ,309,SURREY    ,24,7,<null>,TUT
1127,ENSC    ,472,BURNABY   ,20,0,<null>,LAB
1107,ENSC    ,472,BURNABY   ,20,0,<null>,LEC
1137,MATH    ,1XX       ,BURNABY   ,5,1,<null>,LEC
1131,ENSC    ,372,BURNABY   ,20,0,<null>,OPL
1141,MATH    ,240,BURNABY   ,0,0,<null>,LAB
1181,MATH    ,240,BURNABY   ,120,0,<null>,OPL
1134,ENSC    ,325,BURNABY   ,72,55,<null>,RQL
1081,CMPT    ,125,SURREY    ,24,12,<null>,LAB
1121,ENSC    ,894,BURNABY   ,6,0,<null>,LEC
1124,MATH    ,254,BURNABY   ,35,28,<null>,TUT
1094,IAT     ,100,SURREY    ,24,23,<null>,STL
1114,ENSC    ,460,SURREY    ,40,31,<null>,TUT
1087,TECH    ,106,SURREY    ,0,0,<null>,LAB
1087,TECH    ,106,SURREY    ,0,0,<null>,LAB
1157,MACM    ,204,BURNABY   ,20,18,<null>,LAB
1097,CMPT    ,150,BURNABY   ,26,25,Bobby Chan                                                                                                                                                                                                                                                ,LAB
1104,CMPT    ,150,BURNABY   ,26,26,Bradley Bart                                                                                                                                                                                                                                              ,LAB
1151,CMPT    ,102,BURNABY   ,40,39,Brian Funt                                                                                                                                                                                                                                                ,LEC
1134,CMPT    ,429,METRO     ,5,0,Harriet Chicoine                                                                                                                                                                                                                                          ,SEC
1161,CMPT    ,429,OFF       ,15,0,Harriet Chicoine                                                                                                                                                                                                                                          ,SEC
1127,CMPT    ,897,BURNABY   ,10,7,. Faculty                                                                                                                                                                                                                                                 ,SEC
1164,CMPT    ,813,BURNABY   ,45,9,Binay Bhattacharya                                                                                                                                                                                                                                        ,LEC
1087,CMPT    ,499,BURNABY   ,15,13,Xiaohong Jiang                                                                                                                                                                                                                                            ,SEM
1154,ENSC    ,196,BURNABY   ,25,28,Harriet Chicoine                                                                                                                                                                                                                                          ,SEC
1127,ENSC    ,100,BURNABY   ,3,0,. Faculty                                                                                                                                                                                                                                                 ,TUT
1117,ENSC    ,100,BURNABY   ,0,1,. Faculty                                                                                                                                                                                                                                                 ,TUT
1107,ENSC    ,100,BURNABY   ,2,1,Michael Sjoerdsma                                                                                                                                                                                                                                         ,TUT
1091,CMNS    ,210,SURREY    ,18,22,<null>,TUT
1127,ENSC    ,100,BURNABY   ,3,3,. Faculty                                                                                                                                                                                                                                                 ,TUT
1121,ENSC    ,330,BURNABY   ,130,125,Bozena Kaminska                                                                                                                                                                                                                                           ,LEC
1111,ENSC    ,280,SURREY    ,40,0,<null>,LAB
1137,ENSC    ,100W      ,BURNABY   ,8,7,<null>,TUT
1147,ENSC    ,100W      ,BURNABY   ,8,8,<null>,TUT
1147,ENSC    ,100W      ,BURNABY   ,8,7,<null>,TUT
1087,ENSC    ,100W      ,BURNABY   ,6,5,<null>,RQL
1094,CMNS    ,323W      ,HRBRCNTR  ,8,9,<null>,TUT
1134,MATH    ,254,BURNABY   ,40,27,<null>,TUT
1144,MSE     ,893,SURREY    ,0,0,<null>,TUT
1141,MSE     ,496,SURREY    ,10,0,<null>,LAB
1147,MSE     ,498,SURREY    ,5,0,<null>,SEC
1181,MSE     ,421,SURREY    ,65,33,<null>,TUT
1177,CMPT    ,429,OFF       ,50,0,Harriet Chicoine                                                                                                                                                                                                                                          ,SEC
1097,CMPT    ,426,OFF       ,10,8,Frances McLafferty                                                                                                                                                                                                                                        ,SEC
1107,ENSC    ,100,BURNABY   ,1,1,Michael Sjoerdsma                                                                                                                                                                                                                                         ,TUT
1107,ENSC    ,100,BURNABY   ,1,1,Michael Sjoerdsma                                                                                                                                                                                                                                         ,TUT
1131,ENSC    ,400,SURREY    ,5,1,John Jones                                                                                                                                                                                                                                                ,SEC
1171,ENSC    ,387,BURNABY   ,75,56,Balbir Gill                                                                                                                                                                                                                                               ,LEC
1124,CMPT    ,429,METRO     ,30,15,Cristina Eftenaru                                                                                                                                                                                                                                         ,SEC
1111,MATH    ,252,BURNABY   ,64,43,Ralf Wittenberg                                                                                                                                                                                                                                           ,LEC
1157,MATH    ,154,BURNABY   ,504,385,Cedric Chauve                                                                                                                                                                                                                                             ,LEC
1181,MATH    ,154,BURNABY   ,300,237,"Nancy Azer, Nancy Khalil                                                                                                                                                                                                                                  ",LEC
1147,MATH    ,418,BURNABY   ,40,16,David Muraki                                                                                                                                                                                                                                              ,LEC
1144,MATH    ,492,BURNABY   ,1,1,Marni Mishna                                                                                                                                                                                                                                              ,SEC
1091,CMNS    ,375,HRBRCNTR  ,11,14,<null>,TUT
1094,MATH    ,486,BURNABY   ,20,0,Faye Stefan                                                                                                                                                                                                                                               ,SEC
1081,CMNS    ,375,HRBRCNTR  ,16,17,<null>,TUT
1094,CMNS    ,260,BURNABY   ,15,9,<null>,TUT
1107,MATH    ,486,OFF       ,20,0,Faye Stefan                                                                                                                                                                                                                                               ,SEC
1087,CMNS    ,362,HRBRCNTR  ,18,15,<null>,TUT
1091,CMNS    ,473,HRBRCNTR  ,15,16,<null>,LAB
1091,CMNS    ,473,HRBRCNTR  ,15,15,<null>,LAB
1127,ENSC    ,220,SURREY    ,100,0,<null>,TUT
1164,ENSC    ,225,BURNABY   ,150,141,Balbir Gill                                                                                                                                                                                                                                               ,LEC
1127,ENSC    ,220,BURNABY   ,99,105,Atousa Hajshirmohammadi                                                                                                                                                                                                                                   ,LEC
1117,ENSC    ,220,BURNABY   ,25,0,. TBD                                                                                                                                                                                                                                                     ,LAB
1164,ENSC    ,400,BURNABY   ,4,4,Fabio Campi                                                                                                                                                                                                                                               ,SEC
1111,ENSC    ,380,BURNABY   ,55,52,Shawn Stapleton                                                                                                                                                                                                                                           ,LEC
1124,ENSC    ,383,SURREY    ,25,24,Siamak Arzanpour                                                                                                                                                                                                                                          ,LAB
1101,ENSC    ,380,SURREY    ,72,48,Siamak Arzanpour                                                                                                                                                                                                                                          ,LEC
1091,CMNS    ,260,BURNABY   ,18,14,<null>,TUT
1094,CMNS    ,473,HRBRCNTR  ,8,6,<null>,LAB
1094,CMNS    ,473,HRBRCNTR  ,6,8,<null>,LAB
1084,CMNS    ,220,HRBRCNTR  ,18,16,<null>,TUT
1097,CMPT    ,899,BURNABY   ,100,92,<null>,SEC
1104,CMPT    ,899,BURNABY   ,100,80,<null>,SEC
1091,KIN     ,352,BURNABY   ,15,10,Darleen Bemister                                                                                                                                                                                                                                          ,PRA
1084,CMNS    ,473,HRBRCNTR  ,7,9,<null>,LAB
1107,ENSC    ,426,BURNABY   ,22,21,Shawn Stapleton                                                                                                                                                                                                                                           ,TUT
1127,ENSC    ,383,BURNABY   ,75,68,Parvaneh Saeedi                                                                                                                                                                                                                                           ,TUT
1114,ENSC    ,383,SURREY    ,90,43,". Faculty, Siamak Arzanpour                                                                                                                                                                                                                               ",LEC
1081,CMNS    ,110,BURNABY   ,18,19,<null>,TUT
1177,ENSC    ,424,BURNABY   ,75,72,Jie Liang                                                                                                                                                                                                                                                 ,TUT
1107,ENSC    ,400,BURNABY   ,7,6,. Faculty                                                                                                                                                                                                                                                 ,SEC
1117,ENSC    ,820,BURNABY   ,30,0,. Faculty                                                                                                                                                                                                                                                 ,SEC
1081,CMNS    ,110,BURNABY   ,18,17,<null>,TUT
1081,CMNS    ,260,BURNABY   ,18,7,<null>,TUT
1087,KIN     ,484,BURNABY   ,15,10,Andrew Blaber                                                                                                                                                                                                                                             ,LEC
1131,MATH    ,821,BURNABY   ,25,10,Karen Yeats                                                                                                                                                                                                                                               ,LEC
1084,CMNS    ,260,BURNABY   ,15,7,<null>,TUT
1164,MATH    ,486,BURNABY   ,20,0,Stuart Billings                                                                                                                                                                                                                                           ,SEC
1121,ENSC    ,406,BURNABY   ,17,15,<null>,TUT
1087,ENSC    ,220,SURREY    ,26,0,<null>,TUT
1111,ENSC    ,196,BURNABY   ,15,10,<null>,SEC
1101,ENSC    ,196,OFF       ,2,2,<null>,SEC
1084,ENSC    ,400,BURNABY   ,5,2,<null>,SEC
1117,ENSC    ,220,BURNABY   ,26,26,<null>,LAB
1121,ENSC    ,406,BURNABY   ,17,16,<null>,TUT
1137,ENSC    ,100,BURNABY   ,0,0,<null>,TUT
1091,ENSC    ,406,BURNABY   ,15,15,<null>,TUT
1091,MATH    ,314,BURNABY   ,32,17,<null>,TUT
1151,ENSC    ,450,BURNABY   ,20,0,<null>,RQL
1151,ENSC    ,450,BURNABY   ,45,41,<null>,RQL
1164,ENSC    ,498,BURNABY   ,10,5,<null>,SEC
1081,CMNS    ,223W      ,BURNABY   ,0,0,<null>,TUT
1104,ENSC    ,350,BURNABY   ,1,0,<null>,OPL
1131,ENSC    ,351,BURNABY   ,22,0,<null>,TUT
1084,ENSC    ,196,BURNABY   ,20,19,<null>,SEC
1097,ENSC    ,494,BURNABY   ,15,6,<null>,SEC
1114,ENSC    ,494,BURNABY   ,5,4,<null>,SEC
1171,ENSC    ,492,BURNABY   ,2,0,<null>,SEC
1094,ENSC    ,250,BURNABY   ,31,31,<null>,TUT
1081,KIN     ,205,BURNABY   ,18,17,<null>,TUT
1081,KIN     ,205,BURNABY   ,18,18,<null>,TUT
1087,KIN     ,140,BURNABY   ,19,19,<null>,TUT
1141,MACM    ,316,BURNABY   ,42,41,<null>,TUT
1181,MATH    ,320,BURNABY   ,32,13,<null>,TUT
1174,MATH    ,310,BURNABY   ,34,32,<null>,TUT
1157,MATH    ,894,BURNABY   ,6,0,<null>,SEC
1181,MATH    ,232,BURNABY   ,60,0,<null>,OPL
1124,MATH    ,310,BURNABY   ,36,36,<null>,TUT
1171,MATH    ,320,BURNABY   ,32,5,<null>,TUT
1097,CMPT    ,416,BURNABY   ,0,0,<null>,SEC
1124,ENSC    ,220,BURNABY   ,30,0,<null>,LAB
1097,ENSC    ,220,BURNABY   ,100,0,<null>,LEC
1127,ENSC    ,100,BURNABY   ,1,2,<null>,TUT
1107,ENSC    ,220,BURNABY   ,21,21,<null>,LAB
1091,ENSC    ,406,BURNABY   ,15,15,<null>,TUT
1161,ENSC    ,491,BURNABY   ,2,0,<null>,SEC
1121,ENSC    ,380,SURREY    ,32,12,<null>,LAB
1144,ENSC    ,891,OFF       ,40,0,<null>,SEC
1081,KIN     ,326,BURNABY   ,25,24,<null>,LAB
1091,KIN     ,326,BURNABY   ,25,26,<null>,LAB
1141,MACM    ,316,BURNABY   ,42,42,<null>,TUT
1091,MACM    ,202,BURNABY   ,22,19,<null>,TUT
1097,MATH    ,152,BURNABY   ,60,0,<null>,OPL
1181,MATH    ,310,BURNABY   ,32,28,<null>,TUT
1137,MATH    ,308,SURREY    ,32,7,<null>,TUT
1161,MATH    ,252,BURNABY   ,32,12,<null>,TUT
1087,MATH    ,251,BURNABY   ,60,0,<null>,OPL
1081,MATH    ,242,SURREY    ,24,15,<null>,TUT
1171,MATH    ,242,BURNABY   ,37,37,<null>,TUT
1087,MATH    ,100,BURNABY   ,60,0,<null>,OPL
1107,MATH    ,154,SURREY    ,120,0,<null>,OPL
1151,MATH    ,251,BURNABY   ,40,0,<null>,OPL
1141,MATH    ,152,SURREY    ,250,0,<null>,OPL
1151,MATH    ,152,SURREY    ,250,0,<null>,OPL
1147,MATH    ,242,BURNABY   ,40,34,<null>,TUT
1181,MATH    ,242,BURNABY   ,45,40,<null>,TUT
1177,MACM    ,316,BURNABY   ,36,31,<null>,TUT
1087,MACM    ,316,BURNABY   ,32,32,<null>,TUT
1097,ENSC    ,100,BURNABY   ,2,2,<null>,RQL
1091,ENSC    ,395,OFF       ,25,3,<null>,SEC
1087,ENSC    ,295,BURNABY   ,50,17,<null>,SEC
1114,ENSC    ,295,BURNABY   ,30,29,<null>,SEC
1104,ENSC    ,295,OFF       ,8,8,<null>,SEC
1114,ENSC    ,295,OFF       ,15,14,<null>,SEC
1104,ENSC    ,429,BURNABY   ,1,0,<null>,OPL
1121,ENSC    ,495,BURNABY   ,6,5,<null>,LAB
1094,ENSC    ,224,BURNABY   ,25,0,<null>,TUT
1091,KIN     ,205,BURNABY   ,18,9,<null>,TUT
1154,MACM    ,316,BURNABY   ,40,40,<null>,TUT
1144,MACM    ,316,BURNABY   ,40,39,<null>,TUT
1127,MACM    ,316,BURNABY   ,33,30,<null>,TUT
1101,MACM    ,316,BURNABY   ,30,28,<null>,TUT
1111,MACM    ,316,SURREY    ,32,19,<null>,TUT
1114,MACM    ,316,BURNABY   ,32,31,<null>,TUT
1104,MACM    ,316,BURNABY   ,32,12,<null>,TUT
1134,MATH    ,894,BURNABY   ,6,0,<null>,SEC
1177,MSE     ,892,SURREY    ,20,0,<null>,SEC
1151,MSE     ,487,SURREY    ,5,0,<null>,SEM
1177,MSE     ,899,SURREY    ,100,23,<null>,SEC
1141,MSE     ,892,SURREY    ,10,4,<null>,SEC
1081,CMPT    ,125,SURREY    ,24,0,<null>,LAB
1154,CMPT    ,430,METRO     ,0,0,<null>,SEC
1141,CMPT    ,307,HRBRCNTR  ,75,0,<null>,LEC
1087,CMNS    ,110,BURNABY   ,18,17,<null>,TUT
1094,CMNS    ,362,HRBRCNTR  ,18,18,<null>,TUT
1081,CMNS    ,456,BURNABY   ,17,19,<null>,TUT
1087,CMNS    ,375,HRBRCNTR  ,16,17,<null>,TUT
1161,MATH    ,302,BURNABY   ,32,14,<null>,TUT
1177,MSE     ,487,SURREY    ,5,0,<null>,SEM
1177,MSE     ,487,SURREY    ,5,0,<null>,SEM
1171,MSE     ,497,SURREY    ,5,0,<null>,LAB
1137,CMPT    ,106,SURREY    ,24,11,<null>,LAB
1137,CMPT    ,106,SURREY    ,24,24,<null>,LAB
1094,CMNS    ,323W      ,HRBRCNTR  ,15,16,<null>,TUT
1087,ENSC    ,231,SURREY    ,75,73,<null>,TUT
1181,MATH    ,380W      ,BURNABY   ,32,29,<null>,TUT
1147,MATH    ,370W      ,BURNABY   ,32,8,<null>,TUT
1144,MATH    ,880,BURNABY   ,3,0,<null>,SEC
1151,MATH    ,150,SURREY    ,60,0,<null>,OPL
1097,ENSC    ,100W      ,BURNABY   ,6,7,<null>,RQL
1097,ENSC    ,100W      ,BURNABY   ,6,6,<null>,RQL
1097,ENSC    ,100W      ,BURNABY   ,8,8,<null>,RQL
1137,CMPT    ,128,BURNABY   ,25,0,<null>,LAB
1084,CMNS    ,262,HRBRCNTR  ,18,16,<null>,TUT
1124,ENSC    ,460,SURREY    ,20,13,<null>,TUT
1164,ENSC    ,896,BURNABY   ,10,0,<null>,SEC
1087,CMNS    ,221,HRBRCNTR  ,18,16,<null>,TUT
1181,MSE     ,211,SURREY    ,21,0,<null>,LAB
1091,CMNS    ,110,BURNABY   ,18,18,<null>,TUT
1091,CMNS    ,110,BURNABY   ,18,16,<null>,TUT
1114,CMPT    ,165,SURREY    ,0,0,<null>,LAB
1141,CMPT    ,165,BURNABY   ,25,0,<null>,LAB
1087,ENSC    ,402,BURNABY   ,10,0,<null>,SEC
1091,CMNS    ,362,HRBRCNTR  ,0,0,<null>,TUT
1131,ENSC    ,295,OFF       ,10,13,<null>,SEC
1131,ENSC    ,295,SURREY    ,25,19,<null>,SEC
1171,ENSC    ,870,BURNABY   ,10,1,<null>,SEC
1081,CMNS    ,473,HRBRCNTR  ,15,14,<null>,LAB
1091,KIN     ,140,BURNABY   ,18,17,<null>,TUT
1087,ENSC    ,100,BURNABY   ,4,4,<null>,RQL
1097,ENSC    ,100,BURNABY   ,3,1,<null>,RQL
1094,MACM    ,316,BURNABY   ,32,30,<null>,TUT
1141,MATH    ,252,BURNABY   ,36,25,<null>,TUT
1111,ENSC    ,351,BURNABY   ,1,0,<null>,OPL
1107,ENSC    ,281,SURREY    ,80,78,<null>,TUT
1111,MATH    ,341,BURNABY   ,32,23,<null>,TUT
1151,CMPT    ,320,BURNABY   ,75,0,<null>,LEC
1087,ENSC    ,100W      ,BURNABY   ,5,5,<null>,RQL
1137,ENSC    ,100W      ,BURNABY   ,8,8,<null>,TUT
1094,MATH    ,770,BURNABY   ,10,0,<null>,LEC
1107,CMPT    ,300,HRBRCNTR  ,0,0,<null>,LEC
1164,MSE     ,422,SURREY    ,17,0,<null>,LAB
1094,ENSC    ,225,BURNABY   ,50,0,<null>,OPL
1087,CMNS    ,110,BURNABY   ,18,18,<null>,TUT
1141,CMPT    ,165,BURNABY   ,25,0,<null>,LAB
1117,ENSC    ,295,OFF       ,10,8,<null>,SEC
1161,ENSC    ,891,OFF       ,15,0,<null>,SEC
1144,ENSC    ,499,BURNABY   ,10,8,<null>,SEC
1167,ENSC    ,898,OFF       ,10,0,<null>,SEC
1111,ENSC    ,350,BURNABY   ,55,53,<null>,TUT
1151,MACM    ,201,SURREY    ,0,0,<null>,OPL
1087,KIN     ,201,BURNABY   ,19,20,<null>,TUT
1084,KIN     ,140,HRBRCNTR  ,18,18,<null>,TUT
1091,KIN     ,481,BURNABY   ,18,18,<null>,TUT
1084,KIN     ,305,BURNABY   ,18,16,<null>,TUT
1094,KIN     ,305,BURNABY   ,18,17,<null>,TUT
1167,MACM    ,316,BURNABY   ,40,36,<null>,TUT
1101,MATH    ,337,OFF       ,20,1,<null>,SEC
1147,MATH    ,894,BURNABY   ,6,0,<null>,SEC
1111,MATH    ,898,BURNABY   ,35,17,<null>,SEC
1091,MATH    ,899,BURNABY   ,35,20,<null>,SEC
1117,MATH    ,310,BURNABY   ,33,33,<null>,TUT
1084,MATH    ,310,BURNABY   ,32,14,<null>,TUT
1164,MATH    ,310,BURNABY   ,43,42,<null>,TUT
1107,MATH    ,310,BURNABY   ,31,30,<null>,TUT
1087,KIN     ,351,OFF       ,15,1,<null>,PRA
1151,MSE     ,899,SURREY    ,65,55,<null>,SEC
1104,MACM    ,203,BURNABY   ,22,0,<null>,LAB
1087,CMPT    ,150,SURREY    ,24,0,<null>,LAB
1097,ENSC    ,329,SURREY    ,30,11,<null>,LAB
1134,ENSC    ,303,BURNABY   ,6,0,<null>,SEM
1087,TECH    ,106,SURREY    ,24,0,<null>,LAB
1124,ENSC    ,383,SURREY    ,30,0,<null>,LAB
1087,TECH    ,106,SURREY    ,0,0,<null>,LAB
1091,REM     ,651,BURNABY   ,15,0,<null>,SEM
1114,MATH    ,254,BURNABY   ,34,34,<null>,TUT
1084,ENSC    ,460,BURNABY   ,25,11,<null>,LAB
1094,KIN     ,451,OFF       ,10,4,<null>,PRA
1111,ENSC    ,894,SURREY    ,10,8,<null>,TUT
1101,CMPT    ,475,BURNABY   ,0,0,<null>,LEC
1087,CMNS    ,260,BURNABY   ,18,11,<null>,TUT
1127,ENSC    ,498,SURREY    ,5,0,<null>,SEC
1171,MATH    ,898,BURNABY   ,35,14,<null>,SEC
1167,ENSC    ,100W      ,BURNABY   ,2,0,<null>,LAB
1147,MATH    ,151,BURNABY   ,0,0,<null>,LAB
1147,MATH    ,151,SURREY    ,0,0,<null>,LAB
1171,ENSC    ,452,BURNABY   ,25,0,<null>,LAB
1094,CMNS    ,375,HRBRCNTR  ,16,18,<null>,TUT
1084,CMNS    ,473,HRBRCNTR  ,15,10,<null>,LAB
1101,MATH    ,320,BURNABY   ,36,29,<null>,TUT
1147,MATH    ,308,SURREY    ,32,14,<null>,TUT
1111,MATH    ,251,BURNABY   ,195,0,<null>,LEC
1084,MATH    ,100,BURNABY   ,60,0,<null>,OPL
1091,MATH    ,898,BURNABY   ,35,13,<null>,SEC
1104,MATH    ,310,BURNABY   ,32,31,<null>,TUT
1121,MATH    ,309,BURNABY   ,32,22,<null>,TUT
1154,MSE     ,884,SURREY    ,0,0,<null>,LEC
1117,MATH    ,150,SURREY    ,90,0,<null>,OPL
1167,MSE     ,220,SURREY    ,0,0,<null>,LAB
1087,CMNS    ,332,BURNABY   ,0,0,<null>,TUT
1157,MSE     ,352,SURREY    ,43,42,Amr Marzouk                                                                                                                                                                                                                                               ,LAB
1181,MSE     ,822,SURREY    ,20,4,Majid Bahrami                                                                                                                                                                                                                                             ,LEC
1144,MSE     ,422,SURREY    ,60,14,Erik Kjeang                                                                                                                                                                                                                                               ,LEC
1171,MSE     ,780,SURREY    ,15,12,Kevin Oldknow                                                                                                                                                                                                                                             ,LEC
1091,KIN     ,840,BURNABY   ,20,0,<null>,SEC
1181,MSE     ,780,SURREY    ,21,23,Kevin Oldknow                                                                                                                                                                                                                                             ,LEC
1147,MSE     ,352,SURREY    ,40,0,<null>,LAB
1094,ENSC    ,320,BURNABY   ,25,0,<null>,TUT
1117,ENSC    ,424,BURNABY   ,70,48,<null>,RQL
1097,ENSC    ,201,BURNABY   ,141,120,<null>,RQL
1101,ENSC    ,395,SURREY    ,30,3,<null>,SEC
1121,MACM    ,201,BURNABY   ,200,0,<null>,LEC
1081,KIN     ,207,BURNABY   ,17,17,<null>,TUT
1081,KIN     ,110,BURNABY   ,18,18,<null>,TUT
1081,KIN     ,110,BURNABY   ,18,17,<null>,TUT
1081,KIN     ,306,BURNABY   ,18,18,<null>,TUT
1181,MACM    ,316,BURNABY   ,37,34,<null>,TUT
1091,MACM    ,316,BURNABY   ,30,8,<null>,TUT
1161,MACM    ,316,BURNABY   ,43,29,<null>,TUT
1134,MACM    ,316,BURNABY   ,40,38,<null>,TUT
1137,MATH    ,242,BURNABY   ,39,34,<null>,TUT
1107,MATH    ,100,SURREY    ,80,0,<null>,OPL
1117,MACM    ,316,BURNABY   ,32,23,<null>,TUT
1131,MACM    ,316,BURNABY   ,38,34,<null>,TUT
1164,MACM    ,316,BURNABY   ,40,36,<null>,TUT
1101,MACM    ,202,BURNABY   ,22,8,<null>,TUT
1127,MATH    ,899,OFF       ,35,0,<null>,SEC
1137,MATH    ,310,BURNABY   ,32,29,<null>,TUT
1087,IAT     ,380,SURREY    ,24,0,<null>,LAB
1151,MSE     ,899,OFF       ,5,1,<null>,SEC
1097,MATH    ,150,BURNABY   ,35,0,<null>,SEC
1147,MSE     ,220,SURREY    ,42,0,<null>,LEC
1087,ENSC    ,220,SURREY    ,26,0,<null>,TUT
1121,MATH    ,441,BURNABY   ,35,31,Michael Monagan                                                                                                                                                                                                                                           ,LEC
1091,ENSC    ,891,BURNABY   ,30,18,<null>,SEC
1124,ENSC    ,220,BURNABY   ,25,0,<null>,LAB
1097,ENSC    ,220,BURNABY   ,50,0,<null>,TUT
1171,MSE     ,211,SURREY    ,24,16,Flavio Firmani                                                                                                                                                                                                                                            ,LAB
1154,ENSC    ,702,BURNABY   ,10,2,Harriet Chicoine                                                                                                                                                                                                                                          ,PRA
1171,MSE     ,111,SURREY    ,6,1,Amr Marzouk                                                                                                                                                                                                                                               ,LEC
1181,MSE     ,111,SURREY    ,10,0,Mohammad Narimani                                                                                                                                                                                                                                         ,LEC
1167,MSE     ,352,SURREY    ,104,107,Amr Marzouk                                                                                                                                                                                                                                               ,LEC
1134,MSE     ,894,SURREY    ,10,3,Krishna Vijayaraghavan                                                                                                                                                                                                                                    ,TUT
1181,MSE     ,223,SURREY    ,34,27,Ghasem Behfarshad                                                                                                                                                                                                                                         ,LAB
1127,MATH    ,310,BURNABY   ,32,0,<null>,TUT
1157,MSE     ,321,SURREY    ,37,37,Mehran Ahmadi                                                                                                                                                                                                                                             ,LAB
1091,KIN     ,207,BURNABY   ,18,18,<null>,TUT
1171,MACM    ,316,BURNABY   ,43,38,<null>,TUT
1171,MACM    ,316,BURNABY   ,43,38,<null>,TUT
1107,MATH    ,152,BURNABY   ,60,0,<null>,OPL
1097,MATH    ,310,SURREY    ,29,25,<null>,TUT
1144,MATH    ,894,BURNABY   ,6,0,<null>,SEC
1144,MATH    ,894,BURNABY   ,6,0,<null>,SEC
1171,MATH    ,308,BURNABY   ,45,44,<null>,TUT
1161,MATH    ,308,BURNABY   ,43,43,<null>,TUT
1181,MATH    ,308,BURNABY   ,36,33,<null>,TUT
1117,MATH    ,251,BURNABY   ,60,0,<null>,OPL
1101,MATH    ,242,BURNABY   ,20,10,<null>,TUT
1101,MATH    ,748,SURREY    ,5,0,<null>,LEC
1157,CMPT    ,431,SURREY    ,13,0,<null>,LEC
1177,MATH    ,310,BURNABY   ,32,24,<null>,TUT
1104,MATH    ,310,BURNABY   ,32,31,<null>,TUT
1154,CMPT    ,2XX       ,BURNABY   ,1,3,<null>,LEC
1144,CMPT    ,2XX       ,BURNABY   ,3,2,<null>,LEC
1097,CMPT    ,373,SURREY    ,12,2,Thomas Shermer                                                                                                                                                                                                                                            ,LAB
1081,IAT     ,405,SURREY    ,44,41,"Kenneth Zupan, Thecla Schiphorst                                                                                                                                                                                                                          ",WKS
1081,CMNS    ,882,BURNABY   ,15,0,. Faculty                                                                                                                                                                                                                                                 ,SEC
1091,CMNS    ,882,BURNABY   ,15,0,. Faculty                                                                                                                                                                                                                                                 ,SEC
1141,MSE     ,780,SURREY    ,16,4,Kevin Oldknow                                                                                                                                                                                                                                             ,LAB
1167,MSE     ,321,SURREY    ,90,81,Majid Bahrami                                                                                                                                                                                                                                             ,TUT
1147,ENSC    ,411,BURNABY   ,13,13,John Jones                                                                                                                                                                                                                                                ,TUT
1091,IAT     ,405,SURREY    ,74,17,"Kenneth Zupan, Thecla Schiphorst, Yingchen Yang                                                                                                                                                                                                           ",STL
1127,CMPT    ,120,BURNABY   ,182,179,Diana Cukierman                                                                                                                                                                                                                                           ,LEC
1144,CMPT    ,120,BURNABY   ,182,166,Steven Pearce                                                                                                                                                                                                                                             ,LEC
1141,CMPT    ,120,BURNABY   ,26,26,Jeremie Lumbroso                                                                                                                                                                                                                                          ,LAB
1114,CMPT    ,120,BURNABY   ,26,26,Gregory Baker                                                                                                                                                                                                                                             ,LAB
1081,CMNS    ,321,HRBRCNTR  ,75,75,Darryl Cressman                                                                                                                                                                                                                                           ,LEC
1097,CMPT    ,150,BURNABY   ,26,26,Bobby Chan                                                                                                                                                                                                                                                ,LAB
1101,ENSC    ,182,SURREY    ,24,24,Lakshman One                                                                                                                                                                                                                                              ,TUT
1121,ENSC    ,226,SURREY    ,96,85,Behraad Bahreyni                                                                                                                                                                                                                                          ,LEC
1131,ENSC    ,226,SURREY    ,100,98,Behraad Bahreyni                                                                                                                                                                                                                                          ,LEC
1104,ENSC    ,215,BURNABY   ,46,45,Patrick Leung                                                                                                                                                                                                                                             ,LEC
1107,ENSC    ,215,BURNABY   ,22,22,Kourosh Khosraviani                                                                                                                                                                                                                                       ,LAB
1124,ENSC    ,331,SURREY    ,66,69,Behraad Bahreyni                                                                                                                                                                                                                                          ,LEC
1104,ENSC    ,331,SURREY    ,22,23,Behraad Bahreyni                                                                                                                                                                                                                                          ,LAB
1087,IAT     ,202,SURREY    ,88,0,. TBD                                                                                                                                                                                                                                                     ,LEC
1091,IAT     ,222,SURREY    ,168,169,Niranjan Rajah                                                                                                                                                                                                                                            ,LEC
1081,CMNS    ,130W      ,BURNABY   ,40,40,Rowland Lorimer                                                                                                                                                                                                                                           ,SEC
1117,ENSC    ,382,SURREY    ,90,63,Gary Wang                                                                                                                                                                                                                                                 ,TUT
1137,CMPT    ,128,BURNABY   ,26,22,Janice Regan                                                                                                                                                                                                                                              ,LAB
1127,CMPT    ,128,BURNABY   ,26,23,Janice Regan                                                                                                                                                                                                                                              ,LAB
1117,CMPT    ,225,BURNABY   ,26,26,David Mitchell                                                                                                                                                                                                                                            ,LAB
1121,CMPT    ,225,BURNABY   ,25,25,Gregory Mori                                                                                                                                                                                                                                              ,LAB
1131,CMPT    ,225,BURNABY   ,26,26,Gregory Mori                                                                                                                                                                                                                                              ,LAB
1111,CMPT    ,120,BURNABY   ,26,26,Arthur Kirkpatrick                                                                                                                                                                                                                                        ,LAB
1144,CMPT    ,120,BURNABY   ,26,24,Steven Pearce                                                                                                                                                                                                                                             ,LAB
1111,CMPT    ,120,BURNABY   ,182,182,Arthur Kirkpatrick                                                                                                                                                                                                                                        ,LEC
1127,CMPT    ,120,BURNABY   ,26,25,Diana Cukierman                                                                                                                                                                                                                                           ,LAB
1111,CMPT    ,120,BURNABY   ,26,26,Arthur Kirkpatrick                                                                                                                                                                                                                                        ,LAB
1094,CMNS    ,880,BURNABY   ,10,1,. Faculty                                                                                                                                                                                                                                                 ,SEC
1137,CMPT    ,102,BURNABY   ,60,36,Ghassan Hamarneh                                                                                                                                                                                                                                          ,LEC
1131,CMPT    ,250,BURNABY   ,26,26,Anthony Dixon                                                                                                                                                                                                                                             ,LAB
1081,CMNS    ,898,BURNABY   ,60,15,. Faculty                                                                                                                                                                                                                                                 ,SEC
1087,CMPT    ,150,BURNABY   ,100,67,Bradley Bart                                                                                                                                                                                                                                              ,LEC
1177,CMPT    ,412,BURNABY   ,70,62,Brian Funt                                                                                                                                                                                                                                                ,LEC
1091,CMPT    ,384,BURNABY   ,25,14,Anthony Dixon                                                                                                                                                                                                                                             ,LEC
1131,CMPT    ,816,BURNABY   ,20,5,Qianping Gu                                                                                                                                                                                                                                               ,LEC
1164,CMPT    ,429,METRO     ,30,11,Harriet Chicoine                                                                                                                                                                                                                                          ,SEC
1164,CMPT    ,429,OFF       ,15,0,Harriet Chicoine                                                                                                                                                                                                                                          ,SEC
1104,CMPT    ,150,BURNABY   ,26,17,Bradley Bart                                                                                                                                                                                                                                              ,LAB
1101,CMPT    ,150,BURNABY   ,26,26,Anthony Dixon                                                                                                                                                                                                                                             ,LAB
1101,CMPT    ,150,HRBRCNTR  ,25,9,Bobby Chan                                                                                                                                                                                                                                                ,LEC
1101,CMPT    ,150,SURREY    ,24,24,Harinder Khangura                                                                                                                                                                                                                                         ,LAB
1137,CMPT    ,320,BURNABY   ,100,104,Steven Pearce                                                                                                                                                                                                                                             ,LEC
1101,CMPT    ,354,SURREY    ,24,18,". Sessional, Zhiyong Lu                                                                                                                                                                                                                                   ",LEC
1117,CMPT    ,250,BURNABY   ,26,26,Anthony Dixon                                                                                                                                                                                                                                             ,LAB
1121,CMPT    ,250,BURNABY   ,25,21,Anthony Dixon                                                                                                                                                                                                                                             ,LAB
1107,CMPT    ,250,BURNABY   ,26,22,Anthony Dixon                                                                                                                                                                                                                                             ,LAB
1147,CMPT    ,250,BURNABY   ,26,26,Anthony Dixon                                                                                                                                                                                                                                             ,LAB
1084,IAT     ,391,ITALY     ,14,14,Russell Taylor                                                                                                                                                                                                                                            ,LEC
1141,ENSC    ,370,BURNABY   ,15,9,Andrew Rawicz                                                                                                                                                                                                                                             ,TUT
1111,ENSC    ,370,BURNABY   ,10,9,Andrew Rawicz                                                                                                                                                                                                                                             ,SEM
1164,MATH    ,150,BURNABY   ,96,65,Veselin Jungic                                                                                                                                                                                                                                            ,LEC
1174,MATH    ,150,BURNABY   ,115,83,Tara Petrie                                                                                                                                                                                                                                               ,LEC
1101,MATH    ,880,BURNABY   ,3,0,. Faculty                                                                                                                                                                                                                                                 ,SEC
1137,MATH    ,880,BURNABY   ,3,0,. Faculty                                                                                                                                                                                                                                                 ,SEC
1081,IAT     ,881,SURREY    ,20,4,Robert Woodbury                                                                                                                                                                                                                                           ,SEM
1134,CMPT    ,225,BURNABY   ,25,22,Anne Lavergne                                                                                                                                                                                                                                             ,LAB
1117,CMPT    ,225,BURNABY   ,26,26,David Mitchell                                                                                                                                                                                                                                            ,LAB
1104,CMPT    ,354,BURNABY   ,85,59,Wo-Shun Luk                                                                                                                                                                                                                                               ,LEC
1174,CMPT    ,429,METRO     ,10,6,Harriet Chicoine                                                                                                                                                                                                                                          ,SEC
1121,CMPT    ,429,OFF       ,5,0,Frances McLafferty                                                                                                                                                                                                                                        ,SEC
1107,MATH    ,208W      ,SURREY    ,24,0,<null>,TUT
1127,ENSC    ,100,BURNABY   ,3,1,. Faculty                                                                                                                                                                                                                                                 ,TUT
1107,ENSC    ,100,BURNABY   ,3,2,Michael Sjoerdsma                                                                                                                                                                                                                                         ,TUT
1117,ENSC    ,100,BURNABY   ,1,1,. Faculty                                                                                                                                                                                                                                                 ,TUT
1114,MATH    ,880,BURNABY   ,3,0,<null>,SEC
1117,ENSC    ,100,BURNABY   ,2,1,. Faculty                                                                                                                                                                                                                                                 ,TUT
1107,ENSC    ,100,BURNABY   ,4,2,Michael Sjoerdsma                                                                                                                                                                                                                                         ,TUT
1107,ENSC    ,100,BURNABY   ,4,4,Michael Sjoerdsma                                                                                                                                                                                                                                         ,TUT
1127,ENSC    ,100,BURNABY   ,3,1,. Faculty                                                                                                                                                                                                                                                 ,TUT
1137,CMPT    ,128,BURNABY   ,26,26,Janice Regan                                                                                                                                                                                                                                              ,LAB
1094,CMPT    ,225,BURNABY   ,26,26,. Faculty                                                                                                                                                                                                                                                 ,LAB
1134,CMPT    ,225,BURNABY   ,25,23,Anne Lavergne                                                                                                                                                                                                                                             ,LAB
1107,CMPT    ,225,SURREY    ,24,23,John Edgar                                                                                                                                                                                                                                                ,LAB
1107,CMPT    ,225,SURREY    ,22,22,John Edgar                                                                                                                                                                                                                                                ,LAB
1127,CMPT    ,120,BURNABY   ,26,26,Diana Cukierman                                                                                                                                                                                                                                           ,LAB
1107,CMPT    ,125,BURNABY   ,26,26,Diana Cukierman                                                                                                                                                                                                                                           ,LAB
1177,CMPT    ,120,BURNABY   ,26,26,Diana Cukierman                                                                                                                                                                                                                                           ,LAB
1107,CMPT    ,125,BURNABY   ,26,26,Diana Cukierman                                                                                                                                                                                                                                           ,LAB
1121,CMPT    ,125,BURNABY   ,25,25,Diana Cukierman                                                                                                                                                                                                                                           ,LAB
1107,CMPT    ,429,SURREY    ,1,0,"Frances McLafferty, Navinder Chima                                                                                                                                                                                                                        ",SEC
1114,CMPT    ,897,BURNABY   ,20,15,. Faculty                                                                                                                                                                                                                                                 ,SEC
1141,CMPT    ,897,BURNABY   ,10,3,. Faculty                                                                                                                                                                                                                                                 ,SEC
1167,CMPT    ,897,BURNABY   ,10,2,. Faculty                                                                                                                                                                                                                                                 ,SEC
1091,CMPT    ,891,BURNABY   ,30,17,Diana Cukierman                                                                                                                                                                                                                                           ,SEM
1091,IAT     ,455,SURREY    ,24,0,<null>,LAB
1167,MATH    ,152,BURNABY   ,300,254,Tom Archibald                                                                                                                                                                                                                                             ,LEC
1177,MATH    ,486,OFF       ,20,0,Stuart Billings                                                                                                                                                                                                                                           ,SEC
1124,MATH    ,486,BURNABY   ,20,0,Stuart Billings                                                                                                                                                                                                                                           ,SEC
1161,MATH    ,486,BURNABY   ,20,1,Stuart Billings                                                                                                                                                                                                                                           ,SEC
1181,MATH    ,486,BURNABY   ,20,0,Stuart Billings                                                                                                                                                                                                                                           ,SEC
1164,ENSC    ,225,BURNABY   ,150,141,Balbir Gill                                                                                                                                                                                                                                               ,TUT
1127,MATH    ,150,SURREY    ,90,0,<null>,OPL
1117,ENSC    ,220,SURREY    ,50,41,. TBD                                                                                                                                                                                                                                                     ,LAB
1174,ENSC    ,220,BURNABY   ,50,0,Atousa Hajshirmohammadi                                                                                                                                                                                                                                   ,LAB
1181,ENSC    ,196,OFF       ,10,0,Harriet Chicoine                                                                                                                                                                                                                                          ,SEC
1104,ENSC    ,380,BURNABY   ,49,48,Paul Ho                                                                                                                                                                                                                                                   ,LEC
1121,ENSC    ,330,BURNABY   ,130,125,Bozena Kaminska                                                                                                                                                                                                                                           ,TUT
1124,ENSC    ,400,SURREY    ,5,3,Farid Golnaraghi                                                                                                                                                                                                                                          ,SEC
1084,CMNS    ,323,HRBRCNTR  ,14,21,<null>,TUT
1164,MSE     ,898,OFF       ,5,0,<null>,SEC
1087,KIN     ,407,BURNABY   ,14,14,Robert Asmundson                                                                                                                                                                                                                                          ,LAB
1174,CMPT    ,477,BURNABY   ,50,0,<null>,LEC
1151,MSE     ,102,SURREY    ,30,0,<null>,TUT
1114,CMPT    ,120,BURNABY   ,26,25,Gregory Baker                                                                                                                                                                                                                                             ,LAB
1091,CMNS    ,474,HRBRCNTR  ,35,28,Don Sedgwick                                                                                                                                                                                                                                              ,SEM
1124,ENSC    ,383,SURREY    ,30,0,<null>,LAB
1154,MATH    ,150,BURNABY   ,60,0,<null>,OPL
1107,ENSC    ,491,BURNABY   ,2,0,. Faculty                                                                                                                                                                                                                                                 ,SEC
1091,ENSC    ,406,BURNABY   ,105,91,Michael Sjoerdsma                                                                                                                                                                                                                                         ,LEC
1084,CMNS    ,220,HRBRCNTR  ,0,0,<null>,TUT
1101,ENSC    ,425,BURNABY   ,1,0,<null>,OPL
1164,ENSC    ,220,BURNABY   ,50,0,<null>,LAB
1121,MATH    ,302,BURNABY   ,32,0,<null>,LEC
1167,ENSC    ,481,BURNABY   ,15,0,<null>,LEC
1101,MACM    ,316,SURREY    ,25,0,<null>,TUT
1097,CMPT    ,128,SURREY    ,24,0,<null>,LAB
1164,MSE     ,793,SURREY    ,5,0,Harriet Chicoine                                                                                                                                                                                                                                          ,PRA
1174,MSE     ,793,SURREY    ,5,2,Harriet Chicoine                                                                                                                                                                                                                                          ,PRA
1164,CMPT    ,127,BURNABY   ,32,26,Anne Lavergne                                                                                                                                                                                                                                             ,LAB
1107,CMPT    ,126,BURNABY   ,22,16,Michael Evans                                                                                                                                                                                                                                             ,LAB
1107,CMPT    ,126,HRBRCNTR  ,20,0,Diana Cukierman                                                                                                                                                                                                                                           ,LAB
1157,CMPT    ,125,BURNABY   ,192,148,Bobby Chan                                                                                                                                                                                                                                                ,LEC
1127,CMPT    ,128,BURNABY   ,26,26,Janice Regan                                                                                                                                                                                                                                              ,LAB
1101,MATH    ,762,BURNABY   ,5,0,<null>,LEC
1091,MACM    ,316,SURREY    ,32,0,<null>,TUT
1164,ENSC    ,803,BURNABY   ,30,0,<null>,LEC
1094,ENSC    ,803,BURNABY   ,30,0,<null>,LEC
1141,MSE     ,101W      ,SURREY    ,27,0,<null>,TUT
1171,ENSC    ,452,BURNABY   ,25,0,<null>,TUT
1081,REM     ,643,BURNABY   ,25,12,. Sessional                                                                                                                                                                                                                                               ,SEM
1134,MSE     ,294,OFF       ,10,0,<null>,SEC
1134,MSE     ,493,OFF       ,20,4,<null>,SEC
1107,MATH    ,152,BURNABY   ,0,0,<null>,OPL
1154,MSE     ,401W      ,BURNABY   ,20,0,<null>,LEC
1107,ENSC    ,488,BURNABY   ,1,0,<null>,OPL
1167,ENSC    ,701,BURNABY   ,5,3,Harriet Chicoine                                                                                                                                                                                                                                          ,PRA
1167,ENSC    ,701,OFF       ,5,0,Harriet Chicoine                                                                                                                                                                                                                                          ,PRA
1161,MSE     ,426,SURREY    ,47,46,Gary Wang                                                                                                                                                                                                                                                 ,LAB
1171,MSE     ,426,SURREY    ,43,40,Gary Wang                                                                                                                                                                                                                                                 ,LAB
1171,MSE     ,426,SURREY    ,40,31,Gary Wang                                                                                                                                                                                                                                                 ,LAB
1181,MSE     ,426,SURREY    ,35,19,Gary Wang                                                                                                                                                                                                                                                 ,LAB
1164,MSE     ,425,SURREY    ,30,30,Woo Soo Kim                                                                                                                                                                                                                                               ,LAB
1154,MSE     ,312,SURREY    ,96,87,"Farid Golnaraghi, Krishna Vijayaraghavan, Mehrdad Moallem, Siamak Arzanpour                                                                                                                                                                               ",LEC
1151,MSE     ,210,SURREY    ,130,100,". TBD, Flavio Firmani                                                                                                                                                                                                                                     ",LEC
1167,MSE     ,221,SURREY    ,94,92,Gary Wang                                                                                                                                                                                                                                                 ,TUT
1177,MSE     ,221,SURREY    ,126,106,Gary Wang                                                                                                                                                                                                                                                 ,TUT
1151,MSE     ,450,SURREY    ,32,32,Mehrdad Moallem                                                                                                                                                                                                                                           ,LAB
1161,MATH    ,486,OFF       ,20,0,Stuart Billings                                                                                                                                                                                                                                           ,SEC
1111,ENSC    ,280,SURREY    ,80,0,<null>,LEC
1174,MATH    ,251,BURNABY   ,60,0,<null>,OPL
1181,ENSC    ,460,BURNABY   ,10,0,<null>,LEC
1131,ENSC    ,460,SURREY    ,20,0,<null>,TUT
1084,KIN     ,205,BURNABY   ,0,0,<null>,TUT
1111,MACM    ,316,SURREY    ,23,0,<null>,TUT
1101,ENSC    ,499,SURREY    ,5,0,<null>,SEC
1097,CMPT    ,128,BURNABY   ,25,0,<null>,LAB
1134,CMPT    ,627,METRO     ,5,0,Harriet Chicoine                                                                                                                                                                                                                                          ,PRA
1147,CMPT    ,627,METRO     ,15,13,Harriet Chicoine                                                                                                                                                                                                                                          ,PRA
1161,CMPT    ,627,METRO     ,30,5,Harriet Chicoine                                                                                                                                                                                                                                          ,PRA
1171,CMPT    ,627,OFF       ,15,0,Harriet Chicoine                                                                                                                                                                                                                                          ,PRA
1157,CMPT    ,627,METRO     ,30,5,Harriet Chicoine                                                                                                                                                                                                                                          ,PRA
1161,CMPT    ,627,OFF       ,15,0,Harriet Chicoine                                                                                                                                                                                                                                          ,PRA
1164,MSE     ,300,SURREY    ,120,117,Kevin Oldknow                                                                                                                                                                                                                                             ,TUT
1147,MSE     ,320,SURREY    ,60,47,Krishna Vijayaraghavan                                                                                                                                                                                                                                    ,LAB
1137,MSE     ,320,SURREY    ,108,85,Krishna Vijayaraghavan                                                                                                                                                                                                                                    ,TUT
1167,CMPT    ,726,BURNABY   ,125,116,Gregory Mori                                                                                                                                                                                                                                              ,LEC
1144,MSE     ,891,SURREY    ,15,4,<null>,SEC
1154,MSE     ,891,SURREY    ,15,6,<null>,SEC
1151,MACM    ,203,BURNABY   ,16,15,<null>,LAB
1124,ENSC    ,215,BURNABY   ,22,21,<null>,LAB
1111,ENSC    ,182,SURREY    ,24,24,<null>,TUT
1117,ENSC    ,381,SURREY    ,90,55,Ahmad Rad                                                                                                                                                                                                                                                 ,TUT
1091,ENSC    ,283,SURREY    ,72,66,Majid Bahrami                                                                                                                                                                                                                                             ,LEC
1101,ENSC    ,226,SURREY    ,37,33,<null>,LAB
1081,CMPT    ,413,BURNABY   ,0,0,<null>,LEC
1081,IAT     ,337,SURREY    ,72,66,Halil Erhan                                                                                                                                                                                                                                               ,LEC
1177,CMPT    ,130,SURREY    ,120,119,Toby Donaldson                                                                                                                                                                                                                                            ,LEC
1151,MATH    ,381W      ,BURNABY   ,64,22,Veselin Jungic                                                                                                                                                                                                                                            ,SEM
1091,CMNS    ,223W      ,BURNABY   ,16,16,<null>,TUT
1094,CMNS    ,223W      ,BURNABY   ,16,7,<null>,TUT
1087,CMNS    ,130W      ,BURNABY   ,16,15,<null>,TUT
1081,IAT     ,267,SURREY    ,24,24,Helmine Serban                                                                                                                                                                                                                                            ,WKS
1117,MATH    ,348,SURREY    ,24,19,<null>,TUT
1127,MATH    ,880,BURNABY   ,3,0,<null>,SEC
1167,MATH    ,150,BURNABY   ,60,0,<null>,OPL
1177,MATH    ,150,BURNABY   ,60,0,<null>,OPL
1087,CMNS    ,220,HRBRCNTR  ,18,20,<null>,TUT
1094,CMPT    ,899,BURNABY   ,90,89,<null>,SEC
1084,CMNS    ,473,HRBRCNTR  ,15,17,<null>,LAB
1087,CMNS    ,235,BURNABY   ,18,18,<null>,TUT
1087,CMNS    ,235,BURNABY   ,18,18,<null>,TUT
1091,CMNS    ,321,HRBRCNTR  ,18,20,<null>,TUT
1094,CMNS    ,304W      ,BURNABY   ,52,37,Terry Neiman                                                                                                                                                                                                                                              ,LEC
1127,ENSC    ,305W      ,BURNABY   ,60,30,Stephen Whitmore                                                                                                                                                                                                                                          ,LEC
1177,CMPT    ,627,OFF       ,25,0,Harriet Chicoine                                                                                                                                                                                                                                          ,PRA
1174,CMPT    ,626,METRO     ,10,7,Harriet Chicoine                                                                                                                                                                                                                                          ,PRA
1131,MACM    ,203,BURNABY   ,44,33,Mary Catherine Kropinski                                                                                                                                                                                                                                  ,LEC
1111,ENSC    ,893,SURREY    ,10,7,Mehrdad Moallem                                                                                                                                                                                                                                           ,LEC
1101,ENSC    ,893,BURNABY   ,10,7,Behraad Bahreyni                                                                                                                                                                                                                                          ,LEC
1101,ENSC    ,893,SURREY    ,15,10,Siamak Arzanpour                                                                                                                                                                                                                                          ,LEC
1087,CMPT    ,165,SURREY    ,24,24,<null>,LAB
1084,CMNS    ,461,BURNABY   ,5,0,. Faculty                                                                                                                                                                                                                                                 ,SEC
1101,MATH    ,842,BURNABY   ,12,8,Jason Bell                                                                                                                                                                                                                                                ,LEC
1111,ENSC    ,230,BURNABY   ,1,0,<null>,OPL
1091,ENSC    ,225,BURNABY   ,40,0,<null>,TUT
1081,ENSC    ,472,BURNABY   ,0,0,<null>,OPL
1104,ENSC    ,225,BURNABY   ,1,0,<null>,OPL
1104,MATH    ,896,BURNABY   ,6,0,. Faculty                                                                                                                                                                                                                                                 ,SEC
1171,MATH    ,486,OFF       ,20,0,Stuart Billings                                                                                                                                                                                                                                           ,SEC
1087,CMNS    ,221,SURREY    ,0,0,<null>,TUT
1091,MATH    ,402,BURNABY   ,0,1,JF Williams                                                                                                                                                                                                                                               ,SEM
1137,MACM    ,409,BURNABY   ,30,11,Manfred Trummer                                                                                                                                                                                                                                           ,LEC
1101,ENSC    ,305W      ,BURNABY   ,78,78,Stephen Whitmore                                                                                                                                                                                                                                          ,LEC
1117,MATH    ,718,BURNABY   ,10,1,Ralf Wittenberg                                                                                                                                                                                                                                           ,LEC
1101,MATH    ,252,BURNABY   ,29,25,<null>,TUT
1177,MATH    ,154,BURNABY   ,60,0,<null>,OPL
1114,MATH    ,896,BURNABY   ,6,0,<null>,SEC
1121,MATH    ,398,BURNABY   ,60,14,David Muraki                                                                                                                                                                                                                                              ,SEM
1084,CMPT    ,225,SURREY    ,24,0,<null>,LAB
1174,MSE     ,405W      ,SURREY    ,120,0,<null>,LAB
1151,ENSC    ,320,BURNABY   ,100,0,<null>,TUT
1171,MATH    ,899,OFF       ,3,0,<null>,SEC
1117,CMPT    ,128,BURNABY   ,26,23,Anne Lavergne                                                                                                                                                                                                                                             ,LAB
1091,IAT     ,235,SURREY    ,144,139,Alexander Mateesco                                                                                                                                                                                                                                        ,LEC
1091,IAT     ,235,SURREY    ,48,43,Aaron Levisohn                                                                                                                                                                                                                                            ,LEC
1081,CMNS    ,110,BURNABY   ,18,18,<null>,TUT
1091,CMNS    ,110,BURNABY   ,18,17,<null>,TUT
1137,CMPT    ,128,BURNABY   ,26,26,<null>,LAB
1087,CMNS    ,375,HRBRCNTR  ,16,16,<null>,TUT
1087,CMNS    ,253W      ,SURREY    ,64,64,Richard Smith                                                                                                                                                                                                                                             ,LEC
1094,CMNS    ,347,BURNABY   ,18,17,<null>,TUT
1094,CMNS    ,473,HRBRCNTR  ,15,15,<null>,LAB
1087,IAT     ,338,SURREY    ,48,41,Russell Taylor                                                                                                                                                                                                                                            ,LEC
1161,ENSC    ,474,BURNABY   ,45,33,Mirza Beg                                                                                                                                                                                                                                                 ,LEC
1081,CMNS    ,323,HRBRCNTR  ,13,16,<null>,TUT
1087,MATH    ,716,BURNABY   ,10,3,Mary Catherine Kropinski                                                                                                                                                                                                                                  ,LEC
1084,ENSC    ,325,BURNABY   ,35,35,<null>,TUT
1181,ENSC    ,400,BURNABY   ,5,0,<null>,SEC
1091,ENSC    ,406,BURNABY   ,15,15,<null>,TUT
1101,ENSC    ,427,BURNABY   ,1,0,<null>,OPL
1167,CMPT    ,125,BURNABY   ,180,150,Bobby Chan                                                                                                                                                                                                                                                ,LEC
1111,ENSC    ,461,SURREY    ,40,14,Majid Bahrami                                                                                                                                                                                                                                             ,LEC
1121,ENSC    ,406,BURNABY   ,17,0,<null>,TUT
1171,ENSC    ,400,BURNABY   ,5,1,<null>,SEC
1111,ENSC    ,330,BURNABY   ,1,0,<null>,OPL
1101,ENSC    ,380,SURREY    ,60,48,<null>,TUT
1114,ENSC    ,196,OFF       ,5,4,<null>,SEC
1114,ENSC    ,498,BURNABY   ,10,6,<null>,SEC
1141,MATH    ,154,BURNABY   ,60,0,<null>,OPL
1147,MATH    ,724,BURNABY   ,10,4,Mary Catherine Kropinski                                                                                                                                                                                                                                  ,LEC
1091,IAT     ,206,SURREY    ,24,10,Niranjan Rajah                                                                                                                                                                                                                                            ,TUT
1087,CMPT    ,829,HRBRCNTR  ,20,20,Ghassan Hamarneh                                                                                                                                                                                                                                          ,SEC
1181,ENSC    ,895,BURNABY   ,5,0,<null>,LAB
1151,ENSC    ,895,BURNABY   ,5,0,<null>,LEC
1151,CMPT    ,126,BURNABY   ,10,4,Diana Cukierman                                                                                                                                                                                                                                           ,LAB
1084,CMPT    ,731,BURNABY   ,10,3,Yaroslav Litus                                                                                                                                                                                                                                            ,LEC
1121,MATH    ,495,BURNABY   ,27,10,Ralf Wittenberg                                                                                                                                                                                                                                           ,LEC
1177,CMPT    ,705,BURNABY   ,40,28,Leonid Chindelevitch                                                                                                                                                                                                                                      ,LEC
1137,CMPT    ,125,BURNABY   ,26,26,Scott Kristjanson                                                                                                                                                                                                                                         ,LAB
1131,MATH    ,495,BURNABY   ,30,13,David Muraki                                                                                                                                                                                                                                              ,LEC
1121,ENSC    ,427,BURNABY   ,40,35,<null>,TUT
1127,ENSC    ,395,OFF       ,25,5,<null>,SEC
1127,ENSC    ,395,BURNABY   ,25,19,<null>,SEC
1181,CMPT    ,489,BURNABY   ,45,13,Robert Cameron                                                                                                                                                                                                                                            ,LEC
1087,MATH    ,800,BURNABY   ,15,5,Michael Monagan                                                                                                                                                                                                                                           ,LEC
1097,MATH    ,800,BURNABY   ,5,2,Petr Lisonek                                                                                                                                                                                                                                              ,LEC
1181,ENSC    ,462,BURNABY   ,4,0,Bernhard Rabus                                                                                                                                                                                                                                            ,LEC
1171,ENSC    ,462,BURNABY   ,5,2,Bernhard Rabus                                                                                                                                                                                                                                            ,LEC
1124,ENSC    ,462,SURREY    ,40,17,Woo Soo Kim                                                                                                                                                                                                                                               ,LEC
1171,MACM    ,316,BURNABY   ,43,33,<null>,TUT
1147,MACM    ,316,BURNABY   ,36,32,<null>,TUT
1147,MACM    ,316,BURNABY   ,36,31,<null>,TUT
1081,MACM    ,316,BURNABY   ,32,17,<null>,TUT
1081,MACM    ,316,BURNABY   ,32,0,<null>,TUT
1081,MACM    ,316,SURREY    ,32,32,<null>,TUT
1097,CMPT    ,126,BURNABY   ,26,20,Michael Evans                                                                                                                                                                                                                                             ,LAB
1104,ENSC    ,895,BURNABY   ,15,0,<null>,LEC
1131,ENSC    ,295,BURNABY   ,25,31,<null>,SEC
1111,ENSC    ,395,OFF       ,10,6,<null>,SEC
1121,MATH    ,441,BURNABY   ,25,0,<null>,LEC
1167,MATH    ,345,BURNABY   ,40,30,Matthew DeVos                                                                                                                                                                                                                                             ,LEC
1171,ENSC    ,891,BURNABY   ,80,4,<null>,SEC
1167,ENSC    ,498,BURNABY   ,10,6,<null>,SEC
1107,ENSC    ,295,BURNABY   ,19,18,<null>,SEC
1094,ENSC    ,295,SURREY    ,20,3,<null>,SEC
1107,ENSC    ,295,SURREY    ,10,6,<null>,SEC
1081,CMPT    ,489,SURREY    ,24,7,Robert Cameron                                                                                                                                                                                                                                            ,LEC
1101,ENSC    ,896,BURNABY   ,50,0,. Faculty                                                                                                                                                                                                                                                 ,SEC
1111,ENSC    ,896,BURNABY   ,5,0,. Faculty                                                                                                                                                                                                                                                 ,SEC
1151,CMPT    ,880,BURNABY   ,15,11,Oliver Schulte                                                                                                                                                                                                                                            ,LEC
1137,CMPT    ,128,BURNABY   ,25,0,<null>,LAB
1131,ENSC    ,406,BURNABY   ,17,15,<null>,TUT
1134,ENSC    ,891,OFF       ,40,0,<null>,SEC
1157,ENSC    ,891,OFF       ,10,0,<null>,SEC
1091,KIN     ,241,BURNABY   ,16,17,<null>,LAB
1087,MATH    ,800,SURREY    ,15,7,Zhaosong Lu                                                                                                                                                                                                                                               ,LEC
1101,ENSC    ,895,BURNABY   ,10,4,Ljiljana Trajkovic                                                                                                                                                                                                                                        ,LEC
1131,ENSC    ,895,SURREY    ,15,0,Gary Wang                                                                                                                                                                                                                                                 ,LAB
1091,KIN     ,241,BURNABY   ,16,17,<null>,LAB
1091,KIN     ,481,BURNABY   ,18,18,<null>,TUT
1081,KIN     ,140,BURNABY   ,18,18,<null>,TUT
1091,KIN     ,140,BURNABY   ,18,18,<null>,TUT
1081,KIN     ,140,SURREY    ,18,18,<null>,TUT
1091,KIN     ,140,SURREY    ,18,19,<null>,TUT
1087,KIN     ,382,BURNABY   ,8,8,<null>,LAB
1181,MACM    ,316,BURNABY   ,37,33,<null>,TUT
1174,MACM    ,316,BURNABY   ,36,31,<null>,TUT
1094,MACM    ,316,BURNABY   ,32,32,<null>,TUT
1131,MATH    ,314,BURNABY   ,32,6,<null>,TUT
1144,MATH    ,310,BURNABY   ,40,38,<null>,TUT
1137,MATH    ,310,BURNABY   ,32,31,<null>,TUT
1147,MATH    ,308,BURNABY   ,36,30,<null>,TUT
1171,MATH    ,308,BURNABY   ,45,44,<null>,TUT
1157,MATH    ,308,SURREY    ,32,21,<null>,TUT
1127,MATH    ,310,BURNABY   ,32,28,<null>,TUT
1094,MACM    ,316,BURNABY   ,32,26,<null>,TUT
1091,MACM    ,316,SURREY    ,32,23,<null>,TUT
1087,MACM    ,201,BURNABY   ,60,0,<null>,OPL
1157,MATH    ,157,BURNABY   ,60,0,<null>,OPL
1117,MACM    ,316,BURNABY   ,32,28,<null>,TUT
1081,CMNS    ,353,HRBRCNTR  ,54,56,Peter Chow-White                                                                                                                                                                                                                                          ,LEC
1167,MATH    ,310,SURREY    ,32,32,<null>,TUT
1081,CMNS    ,428,HRBRCNTR  ,50,60,Roman Onufrijchuk                                                                                                                                                                                                                                         ,SEC
1091,CMNS    ,428,BURNABY   ,10,11,David Murphy                                                                                                                                                                                                                                              ,SEC
1081,CMNS    ,428,HRBRCNTR  ,60,47,"Gary McCarron, Richard Smith                                                                                                                                                                                                                              ",SEM
1091,CMNS    ,428,OFF       ,5,1,. Faculty                                                                                                                                                                                                                                                 ,SEM
1094,CMNS    ,448,OFF       ,10,0,. Faculty                                                                                                                                                                                                                                                 ,SEC
1087,CMNS    ,482,BURNABY   ,25,19,. Faculty                                                                                                                                                                                                                                                 ,SEC
1131,CMPT    ,150,HRBRCNTR  ,52,44,Diana Cukierman                                                                                                                                                                                                                                           ,LEC
1134,CMPT    ,275,HRBRCNTR  ,75,73,Herbert Tsang                                                                                                                                                                                                                                             ,LEC
1167,CMPT    ,165,BURNABY   ,75,72,". Faculty, Gregory Baker                                                                                                                                                                                                                                  ",SEC
1167,CMPT    ,165,BURNABY   ,75,75,". Faculty, Gregory Baker                                                                                                                                                                                                                                  ",SEC
1131,CMPT    ,150,BURNABY   ,26,25,Anthony Dixon                                                                                                                                                                                                                                             ,LAB
1147,CMPT    ,150,BURNABY   ,104,103,Bobby Chan                                                                                                                                                                                                                                                ,LEC
1117,CMPT    ,150,BURNABY   ,25,23,Bradley Bart                                                                                                                                                                                                                                              ,LAB
1084,CMPT    ,310,BURNABY   ,50,11,Veronica Dahl                                                                                                                                                                                                                                             ,LEC
1111,CMPT    ,405,BURNABY   ,32,32,Ramesh Krishnamurti                                                                                                                                                                                                                                       ,LEC
1127,CMPT    ,365,BURNABY   ,75,75,Jiangchuan Liu                                                                                                                                                                                                                                            ,LEC
1154,CMPT    ,882,BURNABY   ,30,5,Evgenia Ternovska                                                                                                                                                                                                                                         ,LEC
1087,KIN     ,201,BURNABY   ,19,20,<null>,TUT
1104,MACM    ,201,BURNABY   ,60,0,<null>,OPL
1121,MACM    ,316,BURNABY   ,35,36,<null>,TUT
1124,MATH    ,898,BURNABY   ,35,23,<null>,SEC
1157,MATH    ,898,BURNABY   ,35,9,<null>,SEC
1121,MATH    ,314,BURNABY   ,32,0,<null>,TUT
1181,MATH    ,308,BURNABY   ,32,30,<null>,TUT
1157,MATH    ,308,SURREY    ,32,25,<null>,TUT
1131,MATH    ,251,BURNABY   ,40,0,<null>,OPL
1167,MATH    ,343,BURNABY   ,32,23,<null>,TUT
1094,CMNS    ,240,BURNABY   ,72,49,Abu Jafar Md Shafiul A Bhuiyan                                                                                                                                                                                                                            ,LEC
1117,CMPT    ,102,BURNABY   ,50,43,"Christopher McIntosh, Ghassan Hamarneh                                                                                                                                                                                                                    ",LEC
1094,CMPT    ,310,BURNABY   ,55,46,Veronica Dahl                                                                                                                                                                                                                                             ,LEC
1177,CMPT    ,407,BURNABY   ,25,17,Valentine Kabanets                                                                                                                                                                                                                                        ,LEC
1127,CMPT    ,405,BURNABY   ,15,11,Ramesh Krishnamurti                                                                                                                                                                                                                                       ,LEC
1137,CMPT    ,363,HRBRCNTR  ,80,80,Paul Hibbitts                                                                                                                                                                                                                                             ,LEC
1094,MATH    ,100,BURNABY   ,60,0,<null>,OPL
1114,MATH    ,310,BURNABY   ,32,30,<null>,TUT
1114,MATH    ,310,BURNABY   ,32,30,<null>,TUT
1167,MATH    ,310,BURNABY   ,34,19,<null>,TUT
1087,MATH    ,310,SURREY    ,36,25,<null>,TUT
1154,MATH    ,894,BURNABY   ,6,0,<null>,SEC
1134,MATH    ,898,OFF       ,5,0,<null>,SEC
1091,CMNS    ,428,HRBRCNTR  ,50,64,Roman Onufrijchuk                                                                                                                                                                                                                                         ,SEC
1091,CMNS    ,481,BURNABY   ,15,9,. Faculty                                                                                                                                                                                                                                                 ,SEC
1131,CMPT    ,150,SURREY    ,20,18,Louis Hafer                                                                                                                                                                                                                                               ,LAB
1124,CMPT    ,275,HRBRCNTR  ,56,56,Herbert Tsang                                                                                                                                                                                                                                             ,LEC
1164,CMPT    ,475,HRBRCNTR  ,75,64,Danny Ridinger                                                                                                                                                                                                                                            ,LEC
1171,CMPT    ,470,HRBRCNTR  ,75,74,Shawn Jansepar                                                                                                                                                                                                                                            ,LEC
1154,CMPT    ,454,BURNABY   ,90,89,John Edgar                                                                                                                                                                                                                                                ,LEC
1094,CMPT    ,894,BURNABY   ,50,10,"Ghassan Hamarneh, Jian Pei, Mohamed Hefeeda, Suleyman Sahinalp, Uwe Glaesser                                                                                                                                                                              ",SEC
1177,ENSC    ,898,BURNABY   ,100,24,<null>,SEC
1121,ENSC    ,295,OFF       ,10,9,<null>,SEC
1131,ENSC    ,295,OFF       ,10,4,<null>,SEC
1147,MSE     ,801,SURREY    ,20,0,<null>,LEC
1157,ENSC    ,891,BURNABY   ,10,6,<null>,SEC
1084,KIN     ,140,BURNABY   ,18,18,<null>,TUT
1081,MATH    ,342,BURNABY   ,25,0,<null>,TUT
1111,MATH    ,899,BURNABY   ,35,22,<null>,SEC
1087,MATH    ,310,BURNABY   ,32,16,<null>,TUT
1177,MATH    ,310,BURNABY   ,32,32,<null>,TUT
1101,CMPT    ,764,BURNABY   ,15,8,Hao Zhang                                                                                                                                                                                                                                                 ,LEC
1097,ENSC    ,382,SURREY    ,72,52,Gary Wang                                                                                                                                                                                                                                                 ,TUT
1144,ENSC    ,215,BURNABY   ,60,58,Fabio Campi                                                                                                                                                                                                                                               ,LAB
1081,MATH    ,880,BURNABY   ,3,0,. Faculty                                                                                                                                                                                                                                                 ,SEC
1111,CMPT    ,125,SURREY    ,24,19,Brian Fraser                                                                                                                                                                                                                                              ,LAB
1111,CMPT    ,125,BURNABY   ,124,122,Anne Lavergne                                                                                                                                                                                                                                             ,LEC
1107,CMPT    ,426,BURNABY   ,22,21,Harriet Chicoine                                                                                                                                                                                                                                          ,SEC
1174,CMPT    ,426,METRO     ,70,64,Harriet Chicoine                                                                                                                                                                                                                                          ,SEC
1107,CMPT    ,426,OFF       ,1,0,"Frances McLafferty, Navinder Chima                                                                                                                                                                                                                        ",SEC
1121,CMPT    ,426,OFF       ,5,1,Frances McLafferty                                                                                                                                                                                                                                        ,SEC
1164,CMPT    ,426,OFF       ,15,3,Harriet Chicoine                                                                                                                                                                                                                                          ,SEC
1174,CMPT    ,426,OFF       ,5,1,Harriet Chicoine                                                                                                                                                                                                                                          ,SEC
1111,CMPT    ,414,BURNABY   ,26,23,Ze-Nian Li                                                                                                                                                                                                                                                ,LEC
1131,CMPT    ,413,BURNABY   ,50,39,Anoop Sarkar                                                                                                                                                                                                                                              ,LEC
1097,CMPT    ,823,BURNABY   ,20,6,James Delgrande                                                                                                                                                                                                                                           ,LEC
1137,CMPT    ,376W      ,BURNABY   ,81,81,Frederick Popowich                                                                                                                                                                                                                                        ,LEC
1111,CMPT    ,376W      ,BURNABY   ,75,74,Arthur Liestman                                                                                                                                                                                                                                           ,LEC
1121,CMPT    ,426,METRO     ,30,33,Cristina Eftenaru                                                                                                                                                                                                                                         ,SEC
1164,CMPT    ,894,BURNABY   ,8,7,. Faculty                                                                                                                                                                                                                                                 ,SEC
1137,CMPT    ,895,BURNABY   ,5,2,. Faculty                                                                                                                                                                                                                                                 ,IND
1137,ENSC    ,105W      ,BURNABY   ,250,181,Michael Sjoerdsma                                                                                                                                                                                                                                         ,LEC
1161,MACM    ,203,BURNABY   ,32,32,Mary Catherine Kropinski                                                                                                                                                                                                                                  ,LEC
1171,CHIN    ,280,BURNABY   ,8,1,Cynthia Xie                                                                                                                                                                                                                                               ,SEM
1174,CMPT    ,896,BURNABY   ,40,6,. Faculty                                                                                                                                                                                                                                                 ,SEC
1097,MATH    ,302,BURNABY   ,64,30,John Stockie                                                                                                                                                                                                                                              ,LEC
1134,MATH    ,240,BURNABY   ,140,130,Matthew DeVos                                                                                                                                                                                                                                             ,LEC
1091,IAT     ,202,SURREY    ,24,23,Lorna Boschman                                                                                                                                                                                                                                            ,STL
1084,REM     ,691,BURNABY   ,10,2,<null>,SEC
1131,CMPT    ,894,BURNABY   ,0,18,. Faculty                                                                                                                                                                                                                                                 ,SEC
1171,ENSC    ,405W      ,BURNABY   ,80,75,Stephen Whitmore                                                                                                                                                                                                                                          ,LEC
1177,CMPT    ,732,BURNABY   ,35,0,Gregory Baker                                                                                                                                                                                                                                             ,LAB
1164,MSE     ,111,SURREY    ,12,7,Amr Marzouk                                                                                                                                                                                                                                               ,LAB
1137,MSE     ,801,SURREY    ,25,0,Maureen Hindy                                                                                                                                                                                                                                             ,LEC
1161,MSE     ,726,SURREY    ,6,10,Gary Wang                                                                                                                                                                                                                                                 ,LEC
1171,MSE     ,726,SURREY    ,15,17,Gary Wang                                                                                                                                                                                                                                                 ,LEC
1181,MSE     ,726,SURREY    ,15,23,Gary Wang                                                                                                                                                                                                                                                 ,LEC
1164,MSE     ,499,SURREY    ,5,1,Gary Wang                                                                                                                                                                                                                                                 ,SEC
1161,CMPT    ,135,SURREY    ,26,25,Scott Kristjanson                                                                                                                                                                                                                                         ,LAB
1147,CMPT    ,128,BURNABY   ,26,26,Janice Regan                                                                                                                                                                                                                                              ,LAB
1137,CMPT    ,225,BURNABY   ,26,24,Michael Evans                                                                                                                                                                                                                                             ,LAB
1111,CMPT    ,225,BURNABY   ,26,26,Bradley Bart                                                                                                                                                                                                                                              ,LAB
1147,CMPT    ,128,BURNABY   ,26,26,Janice Regan                                                                                                                                                                                                                                              ,LAB
1124,CMPT    ,120,BURNABY   ,192,184,Hassan Khosravi                                                                                                                                                                                                                                           ,LEC
1147,CMPT    ,120,BURNABY   ,182,182,Diana Cukierman                                                                                                                                                                                                                                           ,LEC
1107,CMPT    ,120,BURNABY   ,25,23,Bradley Bart                                                                                                                                                                                                                                              ,LAB
1121,CMPT    ,120,SURREY    ,19,17,John Edgar                                                                                                                                                                                                                                                ,LAB
1147,CMPT    ,120,BURNABY   ,26,26,Diana Cukierman                                                                                                                                                                                                                                           ,LAB
1147,CMPT    ,120,BURNABY   ,26,26,Diana Cukierman                                                                                                                                                                                                                                           ,LAB
1117,CMPT    ,120,SURREY    ,13,12,John Edgar                                                                                                                                                                                                                                                ,LAB
1157,ENSC    ,370,BURNABY   ,10,10,Andrew Rawicz                                                                                                                                                                                                                                             ,SEM
1104,CMPT    ,710,BURNABY   ,10,5,Gabor Tardos                                                                                                                                                                                                                                              ,LEC
1111,ENSC    ,835,BURNABY   ,15,15,Ljiljana Trajkovic                                                                                                                                                                                                                                        ,LEC
1097,ENSC    ,802,BURNABY   ,30,22,Sami Muhaidat                                                                                                                                                                                                                                             ,LEC
1091,CMPT    ,475,BURNABY   ,40,37,Russell Tront                                                                                                                                                                                                                                             ,LEC
1107,CMPT    ,897,BURNABY   ,15,13,. Faculty                                                                                                                                                                                                                                                 ,SEC
1101,ENSC    ,494,BURNABY   ,6,6,. Faculty                                                                                                                                                                                                                                                 ,SEC
1174,CMPT    ,897,BURNABY   ,10,0,. Faculty                                                                                                                                                                                                                                                 ,SEC
1111,ENSC    ,899,BURNABY   ,90,87,. Faculty                                                                                                                                                                                                                                                 ,SEC
1177,ENSC    ,802,BURNABY   ,25,6,Daniel Lee                                                                                                                                                                                                                                                ,LEC
1091,CMNS    ,130W      ,SURREY    ,48,41,David Newman                                                                                                                                                                                                                                              ,LEC
1081,IAT     ,431,SURREY    ,24,0,Diane Gromala                                                                                                                                                                                                                                             ,OPL
1081,IAT     ,352,SURREY    ,24,20,Marek Hatala                                                                                                                                                                                                                                              ,LAB
1081,MATH    ,880,BURNABY   ,3,0,. Faculty                                                                                                                                                                                                                                                 ,SEC
1137,CMPT    ,225,BURNABY   ,104,99,Michael Evans                                                                                                                                                                                                                                             ,LEC
1154,CMPT    ,225,BURNABY   ,182,182,Geoffrey Tien                                                                                                                                                                                                                                             ,LEC
1104,CMPT    ,225,BURNABY   ,26,24,Bradley Bart                                                                                                                                                                                                                                              ,LAB
1097,CMPT    ,225,BURNABY   ,26,21,Michael Evans                                                                                                                                                                                                                                             ,LAB
1131,CMPT    ,120,BURNABY   ,26,24,Diana Cukierman                                                                                                                                                                                                                                           ,LAB
1131,CMPT    ,120,BURNABY   ,26,24,Diana Cukierman                                                                                                                                                                                                                                           ,LAB
1137,ENSC    ,411,BURNABY   ,0,5,John Jones                                                                                                                                                                                                                                                ,TUT
1117,CMPT    ,373,SURREY    ,7,6,Thomas Shermer                                                                                                                                                                                                                                            ,TUT
1151,DDP     ,310,OFF       ,30,3,Ze-Nian Li                                                                                                                                                                                                                                                ,SEC
1107,ENSC    ,182,SURREY    ,24,22,Amr Marzouk                                                                                                                                                                                                                                               ,LEC
1117,ENSC    ,215,BURNABY   ,88,86,William Scratchley                                                                                                                                                                                                                                        ,LEC
1107,ENSC    ,215,BURNABY   ,83,81,Kourosh Khosraviani                                                                                                                                                                                                                                       ,LEC
1144,CMPT    ,764,BURNABY   ,20,10,Hao Zhang                                                                                                                                                                                                                                                 ,LEC
1137,ENSC    ,215,BURNABY   ,22,22,William Scratchley                                                                                                                                                                                                                                        ,LAB
1167,ENSC    ,100W      ,BURNABY   ,8,0,<null>,LAB
1091,MATH    ,880,BURNABY   ,3,1,Nils Bruin                                                                                                                                                                                                                                                ,SEC
1161,MATH    ,880,BURNABY   ,3,0,. Faculty                                                                                                                                                                                                                                                 ,SEC
1114,CMPT    ,125,BURNABY   ,20,3,Louis Hafer                                                                                                                                                                                                                                               ,LAB
1084,CMNS    ,346,HRBRCNTR  ,72,61,Scott Uzelman                                                                                                                                                                                                                                             ,LEC
1141,ENSC    ,195,OFF       ,30,8,Harriet Chicoine                                                                                                                                                                                                                                          ,SEC
1151,ENSC    ,195,OFF       ,30,12,Harriet Chicoine                                                                                                                                                                                                                                          ,SEC
1117,ENSC    ,351,BURNABY   ,60,68,Lesley Shannon                                                                                                                                                                                                                                            ,LEC
1161,ENSC    ,450,BURNABY   ,90,65,Fabio Campi                                                                                                                                                                                                                                               ,TUT
1104,ENSC    ,320,BURNABY   ,32,30,John Bird                                                                                                                                                                                                                                                 ,LEC
1181,ENSC    ,296,OFF       ,10,0,Harriet Chicoine                                                                                                                                                                                                                                          ,SEC
1091,CMPT    ,150,BURNABY   ,25,18,Anthony Dixon                                                                                                                                                                                                                                             ,LAB
1181,ENSC    ,428,BURNABY   ,50,9,Ivan Bajic                                                                                                                                                                                                                                                ,LEC
1081,KIN     ,325,BURNABY   ,45,28,Josephine Anthony                                                                                                                                                                                                                                         ,SEC
1131,MATH    ,701,BURNABY   ,10,0,<null>,TUT
1101,MACM    ,101,BURNABY   ,24,24,Andrei Bulatov                                                                                                                                                                                                                                            ,TUT
1137,MACM    ,101,BURNABY   ,24,24,Andrei Bulatov                                                                                                                                                                                                                                            ,TUT
1144,MACM    ,101,BURNABY   ,24,22,Steven Pearce                                                                                                                                                                                                                                             ,TUT
1104,MACM    ,101,BURNABY   ,24,21,Binay Bhattacharya                                                                                                                                                                                                                                        ,TUT
1141,MACM    ,101,BURNABY   ,24,24,Binay Bhattacharya                                                                                                                                                                                                                                        ,TUT
1167,MACM    ,101,BURNABY   ,25,24,Andrei Bulatov                                                                                                                                                                                                                                            ,TUT
1127,MACM    ,101,SURREY    ,25,21,Steven Pearce                                                                                                                                                                                                                                             ,TUT
1177,MACM    ,101,BURNABY   ,25,24,Andrei Bulatov                                                                                                                                                                                                                                            ,TUT
1164,MSE     ,884,SURREY    ,40,0,<null>,LEC
1134,CMPT    ,120,BURNABY   ,26,24,Muntaseer Salahuddin                                                                                                                                                                                                                                      ,LAB
1181,CMPT    ,120,BURNABY   ,26,26,Angelica Lim                                                                                                                                                                                                                                              ,LAB
1164,CMPT    ,888,BURNABY   ,40,6,Hao Zhang                                                                                                                                                                                                                                                 ,LEC
1147,MSE     ,352,SURREY    ,40,0,<null>,LAB
1091,CMNS    ,480,BURNABY   ,15,24,. Faculty                                                                                                                                                                                                                                                 ,SEC
1171,ENSC    ,450,BURNABY   ,80,54,Peter Hallschmid                                                                                                                                                                                                                                          ,TUT
1154,ENSC    ,320,BURNABY   ,120,75,Parvaneh Saeedi                                                                                                                                                                                                                                           ,TUT
1114,ENSC    ,320,BURNABY   ,40,39,Ljiljana Trajkovic                                                                                                                                                                                                                                        ,LEC
1091,ENSC    ,263,SURREY    ,72,54,Behraad Bahreyni                                                                                                                                                                                                                                          ,LEC
1087,CMPT    ,300,HRBRCNTR  ,35,15,Michael Evans                                                                                                                                                                                                                                             ,LEC
1081,CMPT    ,150,HRBRCNTR  ,25,9,Alicja Pierzynska                                                                                                                                                                                                                                         ,LEC
1154,CMPT    ,225,BURNABY   ,26,26,Geoffrey Tien                                                                                                                                                                                                                                             ,LAB
1137,CMPT    ,225,SURREY    ,78,69,John Edgar                                                                                                                                                                                                                                                ,LEC
1144,CMPT    ,225,SURREY    ,107,107,John Edgar                                                                                                                                                                                                                                                ,LEC
1097,CMPT    ,225,SURREY    ,18,7,John Edgar                                                                                                                                                                                                                                                ,LAB
1097,CMPT    ,225,SURREY    ,18,17,John Edgar                                                                                                                                                                                                                                                ,LAB
1144,CMPT    ,225,SURREY    ,3,3,John Edgar                                                                                                                                                                                                                                                ,LAB
1174,CMPT    ,318,BURNABY   ,90,86,Gregory Baker                                                                                                                                                                                                                                             ,LEC
1107,CMPT    ,120,BURNABY   ,26,25,Bradley Bart                                                                                                                                                                                                                                              ,LAB
1107,CMPT    ,120,BURNABY   ,25,23,Bradley Bart                                                                                                                                                                                                                                              ,LAB
1111,CMPT    ,125,BURNABY   ,25,25,Anne Lavergne                                                                                                                                                                                                                                             ,LAB
1141,CMPT    ,250,BURNABY   ,26,25,Anthony Dixon                                                                                                                                                                                                                                             ,LAB
1151,ENSC    ,427,BURNABY   ,35,34,Ljiljana Trajkovic                                                                                                                                                                                                                                        ,LEC
1171,ENSC    ,427,BURNABY   ,40,25,Ljiljana Trajkovic                                                                                                                                                                                                                                        ,RQL
1167,CMPT    ,429,OFF       ,5,3,Harriet Chicoine                                                                                                                                                                                                                                          ,SEC
1181,ENSC    ,396,OFF       ,10,1,Harriet Chicoine                                                                                                                                                                                                                                          ,SEC
1121,ENSC    ,380,SURREY    ,96,66,Carlo Menon                                                                                                                                                                                                                                               ,LEC
1177,MATH    ,154,BURNABY   ,504,416,Matthew DeVos                                                                                                                                                                                                                                             ,LEC
1147,MATH    ,157,SURREY    ,60,0,<null>,OPL
1081,KIN     ,448,BURNABY   ,80,81,Joaquin Hoffer                                                                                                                                                                                                                                            ,LEC
1087,KIN     ,810,BURNABY   ,25,8,Michael Walsh                                                                                                                                                                                                                                             ,SEM
1107,MATH    ,157,SURREY    ,150,81,Jan Manuch                                                                                                                                                                                                                                                ,LEC
1097,MATH    ,467,BURNABY   ,25,22,Rustum Choksi                                                                                                                                                                                                                                             ,LEC
1094,MATH    ,157,BURNABY   ,200,160,Veselin Jungic                                                                                                                                                                                                                                            ,LEC
1161,CMPT    ,295,BURNABY   ,25,23,Anthony Dixon                                                                                                                                                                                                                                             ,LAB
1087,MATH    ,151,SURREY    ,150,64,Randall Pyke                                                                                                                                                                                                                                              ,LEC
1091,MATH    ,152,SURREY    ,90,75,Randall Pyke                                                                                                                                                                                                                                              ,LEC
1171,MATH    ,100,BURNABY   ,254,208,Veselin Jungic                                                                                                                                                                                                                                            ,LEC
1157,CMPT    ,127,BURNABY   ,64,62,Richard Vaughan                                                                                                                                                                                                                                           ,LAB
1157,MSE     ,793,VAN       ,50,2,Harriet Chicoine                                                                                                                                                                                                                                          ,PRA
1141,MATH    ,337,OFF       ,20,0,Stuart Billings                                                                                                                                                                                                                                           ,SEC
1167,MATH    ,337,OFF       ,20,1,Stuart Billings                                                                                                                                                                                                                                           ,SEC
1181,MSE     ,793,METRO     ,5,2,Harriet Chicoine                                                                                                                                                                                                                                          ,PRA
1111,CMPT    ,250,BURNABY   ,104,100,Anthony Dixon                                                                                                                                                                                                                                             ,LEC
1141,ENSC    ,396,BURNABY   ,20,0,Harriet Chicoine                                                                                                                                                                                                                                          ,SEC
1107,ENSC    ,220,SURREY    ,70,68,Ahmad Rad                                                                                                                                                                                                                                                 ,LEC
1117,ENSC    ,100,BURNABY   ,3,3,. Faculty                                                                                                                                                                                                                                                 ,TUT
1107,ENSC    ,100,BURNABY   ,1,0,Michael Sjoerdsma                                                                                                                                                                                                                                         ,TUT
1107,ENSC    ,100,BURNABY   ,4,4,Michael Sjoerdsma                                                                                                                                                                                                                                         ,TUT
1147,ENSC    ,853,BURNABY   ,25,6,Marek Syrzycki                                                                                                                                                                                                                                            ,LEC
1101,ENSC    ,427,BURNABY   ,41,41,Ljiljana Trajkovic                                                                                                                                                                                                                                        ,LEC
1181,ENSC    ,387,BURNABY   ,75,40,Balbir Gill                                                                                                                                                                                                                                               ,RQL
1087,KIN     ,821,BURNABY   ,25,9,Andrew Blaber                                                                                                                                                                                                                                             ,SEM
1147,CMPT    ,128,BURNABY   ,26,27,Janice Regan                                                                                                                                                                                                                                              ,LAB
1084,CMNS    ,488,BURNABY   ,0,0,Peter Chow-White                                                                                                                                                                                                                                          ,SEM
1114,MATH    ,150,BURNABY   ,60,0,<null>,LEC
1111,ENSC    ,320,BURNABY   ,50,50,John Bird                                                                                                                                                                                                                                                 ,TUT
1104,CMPT    ,429,SURREY    ,30,1,Frances McLafferty                                                                                                                                                                                                                                        ,SEC
1157,ENSC    ,383,BURNABY   ,150,86,Atousa Hajshirmohammadi                                                                                                                                                                                                                                   ,TUT
1117,ENSC    ,450,BURNABY   ,40,18,Richard Hobson                                                                                                                                                                                                                                            ,LEC
1081,CMPT    ,426,BURNABY   ,50,20,Harriet Chicoine                                                                                                                                                                                                                                          ,SEC
1081,ENSC    ,801,BURNABY   ,35,8,Carlo Menon                                                                                                                                                                                                                                               ,LEC
1127,CMPT    ,408,BURNABY   ,27,26,Ayse Ergun                                                                                                                                                                                                                                                ,LEC
1087,ENSC    ,802,BURNABY   ,30,19,Sami Muhaidat                                                                                                                                                                                                                                             ,LEC
1117,MATH    ,157,BURNABY   ,300,178,Vijaykumar Singh                                                                                                                                                                                                                                          ,LEC
1114,MACM    ,101,BURNABY   ,24,20,Steven Pearce                                                                                                                                                                                                                                             ,TUT
1097,MACM    ,101,SURREY    ,24,21,Kay Wiese                                                                                                                                                                                                                                                 ,TUT
1151,MACM    ,101,BURNABY   ,24,24,Binay Bhattacharya                                                                                                                                                                                                                                        ,TUT
1167,MACM    ,101,BURNABY   ,25,25,Andrei Bulatov                                                                                                                                                                                                                                            ,TUT
1177,MACM    ,101,BURNABY   ,25,25,Andrei Bulatov                                                                                                                                                                                                                                            ,TUT
1101,MACM    ,101,BURNABY   ,24,24,Andrei Bulatov                                                                                                                                                                                                                                            ,TUT
1127,MACM    ,101,BURNABY   ,24,24,Andrei Bulatov                                                                                                                                                                                                                                            ,TUT
1141,MACM    ,101,BURNABY   ,24,13,Binay Bhattacharya                                                                                                                                                                                                                                        ,TUT
1141,MACM    ,101,SURREY    ,96,77,Steven Pearce                                                                                                                                                                                                                                             ,LEC
1147,MSE     ,494,SURREY    ,10,4,Stephanie DeRapp                                                                                                                                                                                                                                          ,SEC
1157,MSE     ,494,SURREY    ,10,5,"Harriet Chicoine, Stephanie DeRapp                                                                                                                                                                                                                        ",SEC
1147,MSE     ,494,OFF       ,10,0,Stephanie DeRapp                                                                                                                                                                                                                                          ,SEC
1144,MSE     ,311,SURREY    ,144,133,Behraad Bahreyni                                                                                                                                                                                                                                          ,LEC
1151,MSE     ,223,SURREY    ,43,41,Erik Kjeang                                                                                                                                                                                                                                               ,LAB
1151,MSE     ,223,SURREY    ,43,36,Erik Kjeang                                                                                                                                                                                                                                               ,LAB
1147,MSE     ,221,SURREY    ,48,41,Flavio Firmani                                                                                                                                                                                                                                            ,LAB
1157,MSE     ,221,SURREY    ,27,27,Flavio Firmani                                                                                                                                                                                                                                            ,LAB
1151,MSE     ,450,SURREY    ,33,33,Mehrdad Moallem                                                                                                                                                                                                                                           ,LAB
1177,MSE     ,380,SURREY    ,54,47,Flavio Firmani                                                                                                                                                                                                                                            ,LAB
1094,KIN     ,444,BURNABY   ,30,24,Victoria Claydon                                                                                                                                                                                                                                          ,LEC
1107,CMPT    ,106,SURREY    ,12,11,Harinder Khangura                                                                                                                                                                                                                                         ,TUT
1181,MATH    ,437,OFF       ,20,0,Stuart Billings                                                                                                                                                                                                                                           ,SEC
1157,CMPT    ,105W      ,SURREY    ,52,52,Harinder Khangura                                                                                                                                                                                                                                         ,LEC
1117,ENSC    ,388,SURREY    ,90,79,Majid Bahrami                                                                                                                                                                                                                                             ,LEC
1141,MATH    ,895,BURNABY   ,6,1,Michael Monagan                                                                                                                                                                                                                                           ,SEC
1167,MATH    ,895,BURNABY   ,6,6,Paul Tupper                                                                                                                                                                                                                                               ,SEC
1104,MATH    ,895,BURNABY   ,6,0,. Faculty                                                                                                                                                                                                                                                 ,SEC
1081,IAT     ,267,SURREY    ,24,24,Helmine Serban                                                                                                                                                                                                                                            ,WKS
1104,DDP     ,210,OFF       ,30,10,Qianping Gu                                                                                                                                                                                                                                               ,SEC
1107,CMPT    ,820,SURREY    ,24,11,Mohamed Hefeeda                                                                                                                                                                                                                                           ,LEC
1131,CMPT    ,820,BURNABY   ,20,14,Ze-Nian Li                                                                                                                                                                                                                                                ,LEC
1091,KIN     ,453,OFF       ,15,1,<null>,PRA
1127,ENSC    ,383,BURNABY   ,75,68,. Faculty                                                                                                                                                                                                                                                 ,RQL
1084,MATH    ,437,BURNABY   ,20,2,"Faye Stefan, Tom Archibald                                                                                                                                                                                                                                ",SEC
1127,MATH    ,151,SURREY    ,100,62,Vijaykumar Singh                                                                                                                                                                                                                                          ,LEC
1101,MATH    ,314,BURNABY   ,20,11,Mary Catherine Kropinski                                                                                                                                                                                                                                  ,LEC
1154,MATH    ,486,OFF       ,20,0,Stuart Billings                                                                                                                                                                                                                                           ,SEC
1131,MATH    ,492,BURNABY   ,1,1,JF Williams                                                                                                                                                                                                                                               ,SEC
1127,MATH    ,486,BURNABY   ,20,0,Faye Stefan                                                                                                                                                                                                                                               ,SEC
1101,MACM    ,300,BURNABY   ,40,0,<null>,LEC
1151,MACM    ,101,SURREY    ,24,22,Kay Wiese                                                                                                                                                                                                                                                 ,TUT
1167,MACM    ,101,SURREY    ,24,23,Kay Wiese                                                                                                                                                                                                                                                 ,TUT
1137,MACM    ,101,HRBRCNTR  ,60,59,Pavol Hell                                                                                                                                                                                                                                                ,LEC
1127,MACM    ,101,HRBRCNTR  ,48,43,"Evgenia Ternovska, Steven Pearce                                                                                                                                                                                                                          ",LEC
1177,MACM    ,101,BURNABY   ,200,197,Andrei Bulatov                                                                                                                                                                                                                                            ,LEC
1154,MACM    ,101,BURNABY   ,24,23,Ramesh Krishnamurti                                                                                                                                                                                                                                       ,TUT
1087,MACM    ,101,BURNABY   ,25,24,Steven Pearce                                                                                                                                                                                                                                             ,TUT
1124,MATH    ,437,BURNABY   ,20,1,Stuart Billings                                                                                                                                                                                                                                           ,SEC
1104,MACM    ,101,SURREY    ,96,88,Harinder Khangura                                                                                                                                                                                                                                         ,LEC
1141,MACM    ,101,BURNABY   ,144,113,Binay Bhattacharya                                                                                                                                                                                                                                        ,LEC
1137,MSE     ,320,SURREY    ,108,85,Krishna Vijayaraghavan                                                                                                                                                                                                                                    ,LEC
1167,CMPT    ,130,SURREY    ,26,25,Brian Fraser                                                                                                                                                                                                                                              ,LAB
1167,CMPT    ,130,SURREY    ,26,26,Brian Fraser                                                                                                                                                                                                                                              ,LAB
1157,MSE     ,293,OFF       ,25,3,"Harriet Chicoine, Stephanie DeRapp                                                                                                                                                                                                                        ",SEC
1151,MATH    ,232,SURREY    ,102,86,Abraham Punnen                                                                                                                                                                                                                                            ,LEC
1117,MATH    ,493,BURNABY   ,6,6,Veselin Jungic                                                                                                                                                                                                                                            ,SEC
1134,CMPT    ,626,METRO     ,5,1,Harriet Chicoine                                                                                                                                                                                                                                          ,PRA
1147,CMPT    ,626,METRO     ,5,3,Harriet Chicoine                                                                                                                                                                                                                                          ,PRA
1127,CMPT    ,166,SURREY    ,7,7,Toby Donaldson                                                                                                                                                                                                                                            ,LAB
1161,CMPT    ,626,OFF       ,15,2,Harriet Chicoine                                                                                                                                                                                                                                          ,PRA
1081,IAT     ,337,SURREY    ,24,24,Halil Erhan                                                                                                                                                                                                                                               ,LAB
1091,IAT     ,235,SURREY    ,24,24,. TBD                                                                                                                                                                                                                                                     ,STL
1091,IAT     ,235,SURREY    ,24,24,Aaron Levisohn                                                                                                                                                                                                                                            ,STL
1174,MSE     ,486,SURREY    ,5,0,<null>,SEM
1104,MACM    ,203,BURNABY   ,22,10,<null>,LAB
1081,CMNS    ,461,BURNABY   ,5,0,. Faculty                                                                                                                                                                                                                                                 ,SEC
1134,MSE     ,497,SURREY    ,5,0,<null>,LAB
1091,CMNS    ,461,BURNABY   ,5,0,. Faculty                                                                                                                                                                                                                                                 ,SEC
1091,REM     ,100,BURNABY   ,18,18,. TBD                                                                                                                                                                                                                                                     ,TUT
1107,ENSC    ,470,BURNABY   ,16,15,<null>,LAB
1081,REM     ,100,BURNABY   ,18,17,. TBD                                                                                                                                                                                                                                                     ,TUT
1087,TECH    ,106,SURREY    ,24,0,<null>,LAB
1087,TECH    ,106,SURREY    ,0,0,<null>,LAB
1104,ENSC    ,224,BURNABY   ,63,63,Bonnie Gray                                                                                                                                                                                                                                               ,TUT
1087,IART    ,898,SURREY    ,20,2,. Faculty                                                                                                                                                                                                                                                 ,SEC
1124,ENSC    ,442W      ,SURREY    ,50,38,Farid Golnaraghi                                                                                                                                                                                                                                          ,TUT
1151,MATH    ,337,BURNABY   ,20,2,Stuart Billings                                                                                                                                                                                                                                           ,SEC
1097,MATH    ,895,BURNABY   ,6,0,. TBD                                                                                                                                                                                                                                                     ,SEC
1141,MATH    ,895,BURNABY   ,6,0,. Faculty                                                                                                                                                                                                                                                 ,SEC
1087,MATH    ,895,BURNABY   ,5,2,Tom Archibald                                                                                                                                                                                                                                             ,SEC
1084,IAT     ,267,SURREY    ,24,23,Helmine Serban                                                                                                                                                                                                                                            ,TUT
1087,KIN     ,499,BURNABY   ,5,1,<null>,SEC
1081,IAT     ,337,SURREY    ,24,18,Halil Erhan                                                                                                                                                                                                                                               ,LAB
1087,IAT     ,343,SURREY    ,24,23,Kyungjae Lee                                                                                                                                                                                                                                              ,LAB
1167,MSE     ,487,SURREY    ,5,0,<null>,SEM
1141,MSE     ,899,SURREY    ,65,60,<null>,SEC
1151,MSE     ,892,SURREY    ,10,0,<null>,SEC
1137,CMPT    ,106,SURREY    ,24,9,<null>,LAB
1101,MACM    ,101,SURREY    ,24,24,Thomas Shermer                                                                                                                                                                                                                                            ,TUT
1111,MACM    ,101,BURNABY   ,25,24,Evgenia Ternovska                                                                                                                                                                                                                                         ,LAB
1107,CMPT    ,128,SURREY    ,90,81,Toby Donaldson                                                                                                                                                                                                                                            ,LEC
1121,CMPT    ,128,SURREY    ,21,21,John Edgar                                                                                                                                                                                                                                                ,LEC
1107,CMPT    ,128,BURNABY   ,26,18,Janice Regan                                                                                                                                                                                                                                              ,LAB
1141,CMPT    ,125,BURNABY   ,32,34,Bradley Bart                                                                                                                                                                                                                                              ,LAB
1151,CMPT    ,126,BURNABY   ,95,65,Diana Cukierman                                                                                                                                                                                                                                           ,LEC
1144,CMPT    ,126,BURNABY   ,26,24,Ruiwen Chen                                                                                                                                                                                                                                               ,LAB
1154,CMPT    ,126,BURNABY   ,26,14,. Faculty                                                                                                                                                                                                                                                 ,LAB
1127,MATH    ,345,BURNABY   ,64,20,Matthew DeVos                                                                                                                                                                                                                                             ,LEC
1121,MATH    ,877,BURNABY   ,5,0,. Faculty                                                                                                                                                                                                                                                 ,SEC
1131,MATH    ,877,BURNABY   ,5,0,. Faculty                                                                                                                                                                                                                                                 ,SEC
1177,CMPT    ,626,OFF       ,25,1,Harriet Chicoine                                                                                                                                                                                                                                          ,PRA
1107,CMPT    ,106,SURREY    ,32,29,Harinder Khangura                                                                                                                                                                                                                                         ,LEC
1117,CMPT    ,106,SURREY    ,35,30,Harinder Khangura                                                                                                                                                                                                                                         ,LEC
1131,CMPT    ,106,SURREY    ,17,15,Harinder Khangura                                                                                                                                                                                                                                         ,LAB
1174,MATH    ,877,BURNABY   ,5,0,. Faculty                                                                                                                                                                                                                                                 ,SEC
1101,MATH    ,436,OFF       ,20,0,Faye Stefan                                                                                                                                                                                                                                               ,SEC
1157,MATH    ,304,BURNABY   ,72,70,Matthew DeVos                                                                                                                                                                                                                                             ,LEC
1144,MATH    ,342,BURNABY   ,120,110,Azhvan Ahmady                                                                                                                                                                                                                                             ,LEC
1167,MATH    ,879,BURNABY   ,6,5,"Marni Mishna, Razvan Fetecau                                                                                                                                                                                                                              ",SEC
1081,IAT     ,312,SURREY    ,86,49,Magy Seif El-Nasr                                                                                                                                                                                                                                         ,LEC
1117,ENSC    ,440W      ,BURNABY   ,54,53,Andrew Rawicz                                                                                                                                                                                                                                             ,LEC
1121,ENSC    ,440W      ,BURNABY   ,55,48,Andrew Rawicz                                                                                                                                                                                                                                             ,LEC
1161,MATH    ,380W      ,BURNABY   ,32,30,<null>,TUT
1081,KIN     ,804,BURNABY   ,5,1,. Faculty                                                                                                                                                                                                                                                 ,SEC
1157,MATH    ,718,BURNABY   ,10,0,Ralf Wittenberg                                                                                                                                                                                                                                           ,LEC
1097,MATH    ,725,BURNABY   ,15,4,Stephen Choi                                                                                                                                                                                                                                              ,LEC
1091,IAT     ,206,SURREY    ,24,24,Niranjan Rajah                                                                                                                                                                                                                                            ,TUT
1087,CMPT    ,126,HRBRCNTR  ,30,9,Anne Lavergne                                                                                                                                                                                                                                             ,LAB
1107,CMPT    ,128,BURNABY   ,26,26,Janice Regan                                                                                                                                                                                                                                              ,LAB
1181,MSE     ,497,SURREY    ,5,0,<null>,LAB
1181,MSE     ,497,SURREY    ,5,0,<null>,LAB
1167,MSE     ,899,SURREY    ,100,57,<null>,SEC
1124,ENSC    ,220,BURNABY   ,85,0,<null>,LAB
1124,ENSC    ,220,BURNABY   ,85,0,<null>,TUT
1087,ENSC    ,220,SURREY    ,26,0,<null>,LAB
1097,ENSC    ,231,SURREY    ,72,70,<null>,LAB
1081,REM     ,471,BURNABY   ,18,10,Kenneth Lertzman                                                                                                                                                                                                                                          ,TUT
1081,TECH    ,101W      ,SURREY    ,48,44,Janet McCracken                                                                                                                                                                                                                                           ,INS
1081,REM     ,100,BURNABY   ,18,18,. TBD                                                                                                                                                                                                                                                     ,TUT
1087,CMNS    ,332,BURNABY   ,18,20,<null>,TUT
1097,ENSC    ,231,SURREY    ,72,0,<null>,TUT
1121,ENSC    ,451,SURREY    ,33,33,<null>,LAB
1091,REM     ,652,HRBRCNTR  ,15,6,Alison Gill                                                                                                                                                                                                                                               ,SEM
1087,CMPT    ,477,BURNABY   ,20,8,Evgenia Ternovska                                                                                                                                                                                                                                         ,LEC
1091,MATH    ,240,BURNABY   ,0,0,<null>,OPL
1147,MATH    ,340,BURNABY   ,36,31,<null>,TUT
1181,ENSC    ,474,BURNABY   ,45,29,Parvaneh Saeedi                                                                                                                                                                                                                                           ,TUT
1107,CMPT    ,765,BURNABY   ,25,14,Ayse Ergun                                                                                                                                                                                                                                                ,LEC
1124,ENSC    ,894,SURREY    ,5,5,<null>,LAB
1127,ENSC    ,462,SURREY    ,14,10,Gary Wang                                                                                                                                                                                                                                                 ,LAB
1087,CMNS    ,221,HRBRCNTR  ,18,19,<null>,TUT
1087,KIN     ,810,BURNABY   ,25,0,<null>,SEM
1181,ENSC    ,853,BURNABY   ,25,0,<null>,LEC
1161,ENSC    ,386,BURNABY   ,50,17,Shahram Payandeh                                                                                                                                                                                                                                          ,TUT
1181,ENSC    ,386,BURNABY   ,50,32,Shahram Payandeh                                                                                                                                                                                                                                          ,TUT
1147,MSE     ,352,SURREY    ,40,40,Mohammad Al Qaderi                                                                                                                                                                                                                                        ,LAB
1151,MSE     ,726,SURREY    ,15,14,Gary Wang                                                                                                                                                                                                                                                 ,TUT
1161,MSE     ,780,SURREY    ,23,14,Kevin Oldknow                                                                                                                                                                                                                                             ,LEC
1141,CMPT    ,135,SURREY    ,45,38,Louis Hafer                                                                                                                                                                                                                                               ,LEC
1144,CMPT    ,135,SURREY    ,27,27,Toby Donaldson                                                                                                                                                                                                                                            ,LAB
1097,MATH    ,337,BURNABY   ,20,0,Faye Stefan                                                                                                                                                                                                                                               ,SEC
1081,CMPT    ,125,SURREY    ,24,0,<null>,LAB
1091,CMNS    ,262,BURNABY   ,17,19,<null>,TUT
1097,ENSC    ,896,BURNABY   ,50,3,. Faculty                                                                                                                                                                                                                                                 ,SEC
1091,CMNS    ,262,BURNABY   ,16,16,<null>,TUT
1174,ENSC    ,896,OFF       ,10,0,<null>,SEC
1157,CMPT    ,884,BURNABY   ,50,21,Ke Wang                                                                                                                                                                                                                                                   ,LEC
1181,CMPT    ,884,BURNABY   ,35,17,Martin Ester                                                                                                                                                                                                                                              ,LEC
1081,CMPT    ,884,BURNABY   ,10,9,Ke Wang                                                                                                                                                                                                                                                   ,LEC
1131,ENSC    ,462,SURREY    ,20,16,Gary Wang                                                                                                                                                                                                                                                 ,LEC
1151,ENSC    ,895,BURNABY   ,5,8,Mirza Beg                                                                                                                                                                                                                                                 ,LEC
1147,MSE     ,891,BURNABY   ,10,7,<null>,SEC
1091,ENSC    ,427,BURNABY   ,50,0,<null>,OPL
1157,MSE     ,995,SURREY    ,10,3,Krishna Vijayaraghavan                                                                                                                                                                                                                                    ,LAB
1117,CMPT    ,128,SURREY    ,3,3,John Edgar                                                                                                                                                                                                                                                ,LAB
1144,MATH    ,254,BURNABY   ,40,25,<null>,TUT
1084,CMNS    ,386,HRBRCNTR  ,18,18,<null>,TUT
1124,ENSC    ,460,SURREY    ,11,0,<null>,TUT
1174,ENSC    ,896,BURNABY   ,10,0,<null>,SEC
1181,ENSC    ,895,BURNABY   ,5,0,Peter Hallschmid                                                                                                                                                                                                                                          ,LAB
1081,IAT     ,431,SURREY    ,23,21,Diane Gromala                                                                                                                                                                                                                                             ,STL
1151,ENSC    ,370,BURNABY   ,15,7,Andrew Rawicz                                                                                                                                                                                                                                             ,TUT
1177,ENSC    ,370,BURNABY   ,15,3,Andrew Rawicz                                                                                                                                                                                                                                             ,TUT
1151,ENSC    ,372,BURNABY   ,20,6,Bonnie Gray                                                                                                                                                                                                                                               ,LEC
1111,ENSC    ,474,BURNABY   ,15,14,Mirza Beg                                                                                                                                                                                                                                                 ,TUT
1131,MATH    ,150,SURREY    ,90,26,Ping Ding                                                                                                                                                                                                                                                 ,LEC
1151,MATH    ,150,BURNABY   ,40,38,"Jamie Mulholland, Veselin Jungic                                                                                                                                                                                                                          ",SEC
1114,ENSC    ,461,SURREY    ,20,16,Erik Kjeang                                                                                                                                                                                                                                               ,LEC
1117,ENSC    ,100W      ,BURNABY   ,7,7,<null>,TUT
1091,CMNS    ,304W      ,BURNABY   ,84,80,Terry Neiman                                                                                                                                                                                                                                              ,LEC
1111,MATH    ,819,BURNABY   ,5,2,Michael Monagan                                                                                                                                                                                                                                           ,LEC
1101,MATH    ,819,BURNABY   ,10,3,Michael Monagan                                                                                                                                                                                                                                           ,LEC
1081,MATH    ,380W      ,BURNABY   ,20,0,<null>,TUT
1141,MATH    ,842,BURNABY   ,25,3,Imin Chen                                                                                                                                                                                                                                                 ,LEC
1101,MATH    ,845,BURNABY   ,15,3,Nils Bruin                                                                                                                                                                                                                                                ,LEC
1104,MATH    ,254,BURNABY   ,32,32,<null>,TUT
1127,CMPT    ,829,HRBRCNTR  ,18,14,Ghassan Hamarneh                                                                                                                                                                                                                                          ,LEC
1097,MATH    ,150,BURNABY   ,60,0,<null>,OPL
1097,ENSC    ,100W      ,BURNABY   ,4,5,<null>,RQL
1091,IAT     ,206,SURREY    ,24,25,Niranjan Rajah                                                                                                                                                                                                                                            ,TUT
1151,CMPT    ,135,SURREY    ,10,6,Toby Donaldson                                                                                                                                                                                                                                            ,LAB
1134,CMPT    ,895,BURNABY   ,5,2,. Faculty                                                                                                                                                                                                                                                 ,IND
1171,CMPT    ,895,BURNABY   ,5,0,. Faculty                                                                                                                                                                                                                                                 ,IND
1157,MATH    ,880,BURNABY   ,3,0,<null>,SEC
1081,CMNS    ,304W      ,BURNABY   ,15,13,<null>,TUT
1131,MATH    ,150,BURNABY   ,60,0,<null>,OPL
1084,CMNS    ,304W      ,BURNABY   ,18,10,<null>,TUT
1131,MACM    ,401,BURNABY   ,30,0,<null>,TUT
1081,CMNS    ,258,BURNABY   ,16,16,<null>,LAB
1091,CMNS    ,448,OFF       ,5,0,. Faculty                                                                                                                                                                                                                                                 ,SEC
1094,CMNS    ,428,HRBRCNTR  ,10,59,Roman Onufrijchuk                                                                                                                                                                                                                                         ,SEC
1084,CMNS    ,428,BURNABY   ,10,0,. Faculty                                                                                                                                                                                                                                                 ,SEC
1117,CMPT    ,376W      ,BURNABY   ,57,55,Arthur Liestman                                                                                                                                                                                                                                           ,LEC
1087,MATH    ,895,BURNABY   ,5,0,<null>,SEC
1091,CMNS    ,130W      ,BURNABY   ,40,40,Rowland Lorimer                                                                                                                                                                                                                                           ,SEC
1151,MSE     ,780,SURREY    ,2,2,Kevin Oldknow                                                                                                                                                                                                                                             ,LAB
1121,MATH    ,208W      ,SURREY    ,24,19,Abraham Punnen                                                                                                                                                                                                                                            ,LEC
1081,CMNS    ,235,BURNABY   ,18,19,<null>,TUT
1134,MATH    ,770,BURNABY   ,25,1,Paul Tupper                                                                                                                                                                                                                                               ,LEC
1151,MATH    ,795,BURNABY   ,10,3,David Muraki                                                                                                                                                                                                                                              ,LEC
1177,MATH    ,795,BURNABY   ,15,0,Jonathan Jedwab                                                                                                                                                                                                                                           ,LEC
1081,IAT     ,405,SURREY    ,45,29,"Kenneth Zupan, Thecla Schiphorst                                                                                                                                                                                                                          ",WKS
1127,ENSC    ,215,BURNABY   ,88,93,William Scratchley                                                                                                                                                                                                                                        ,TUT
1091,ENSC    ,282,SURREY    ,72,69,Farid Golnaraghi                                                                                                                                                                                                                                          ,TUT
1081,CMPT    ,150,SURREY    ,24,14,<null>,LAB
1104,ENSC    ,182,SURREY    ,24,24,Lakshman One                                                                                                                                                                                                                                              ,LEC
1084,CMPT    ,897,BURNABY   ,50,9,<null>,SEC
1081,MATH    ,739,BURNABY   ,15,3,Michael Monagan                                                                                                                                                                                                                                           ,LEC
1101,MATH    ,880,BURNABY   ,3,0,. Faculty                                                                                                                                                                                                                                                 ,SEC
1111,MATH    ,880,BURNABY   ,3,0,. Faculty                                                                                                                                                                                                                                                 ,SEC
1147,CMPT    ,150,BURNABY   ,0,0,Bobby Chan                                                                                                                                                                                                                                                ,LAB
1131,CMPT    ,275,BURNABY   ,75,78,Herbert Tsang                                                                                                                                                                                                                                             ,LEC
1154,MATH    ,155,BURNABY   ,60,0,<null>,OPL
1091,CMNS    ,892,BURNABY   ,5,0,Marcia Shimizu                                                                                                                                                                                                                                            ,SEC
1161,CMPT    ,165,BURNABY   ,200,183,Gregory Baker                                                                                                                                                                                                                                             ,LEC
1131,CMPT    ,150,BURNABY   ,156,152,Anthony Dixon                                                                                                                                                                                                                                             ,LEC
1117,CMPT    ,150,BURNABY   ,25,22,Bradley Bart                                                                                                                                                                                                                                              ,LAB
1124,CMPT    ,150,BURNABY   ,26,26,Bobby Chan                                                                                                                                                                                                                                                ,LAB
1137,CMPT    ,126,BURNABY   ,26,23,Scott Kristjanson                                                                                                                                                                                                                                         ,LAB
1101,ENSC    ,380,SURREY    ,30,0,<null>,OPL
1101,ENSC    ,380,SURREY    ,30,0,<null>,OPL
1177,CMPT    ,405,BURNABY   ,40,18,Leonid Chindelevitch                                                                                                                                                                                                                                      ,LEC
1111,ENSC    ,406,BURNABY   ,16,14,<null>,TUT
1081,CMPT    ,361,BURNABY   ,40,21,Hao Zhang                                                                                                                                                                                                                                                 ,LEC
1147,CMPT    ,361,BURNABY   ,75,73,Ping Tan                                                                                                                                                                                                                                                  ,LEC
1081,CMPT    ,225,HRBRCNTR  ,25,7,Michael Evans                                                                                                                                                                                                                                             ,LAB
1107,CMPT    ,125,BURNABY   ,26,26,Diana Cukierman                                                                                                                                                                                                                                           ,LAB
1124,CMPT    ,126,BURNABY   ,22,18,Anne Lavergne                                                                                                                                                                                                                                             ,LAB
1144,CMPT    ,428,OFF       ,5,4,Harriet Chicoine                                                                                                                                                                                                                                          ,SEC
1151,CMPT    ,454,SURREY    ,70,67,John Edgar                                                                                                                                                                                                                                                ,LEC
1081,CMNS    ,223W      ,BURNABY   ,96,89,Steven Kammerer                                                                                                                                                                                                                                           ,LEC
1094,ENSC    ,196,OFF       ,10,5,<null>,SEC
1104,CMPT    ,383,BURNABY   ,65,65,Gregory Baker                                                                                                                                                                                                                                             ,LEC
1124,CMPT    ,225,BURNABY   ,125,125,Anne Lavergne                                                                                                                                                                                                                                             ,LEC
1087,ENSC    ,220,SURREY    ,26,27,<null>,OPL
1091,MATH    ,437,OFF       ,20,0,<null>,SEC
1097,CMPT    ,371,BURNABY   ,50,48,Ayse Ergun                                                                                                                                                                                                                                                ,LEC
1134,CMPT    ,225,BURNABY   ,100,84,Anne Lavergne                                                                                                                                                                                                                                             ,LEC
1127,CMPT    ,128,BURNABY   ,26,23,Janice Regan                                                                                                                                                                                                                                              ,LAB
1117,ENSC    ,196,SURREY    ,10,2,<null>,SEC
1121,ENSC    ,196,OFF       ,5,0,<null>,SEC
1087,CMPT    ,365,BURNABY   ,50,42,Mark Drew                                                                                                                                                                                                                                                 ,LEC
1121,CMPT    ,225,BURNABY   ,25,25,Gregory Mori                                                                                                                                                                                                                                              ,LAB
1114,ENSC    ,182,SURREY    ,24,23,Amr Marzouk                                                                                                                                                                                                                                               ,LEC
1124,ENSC    ,332,SURREY    ,9,11,Amr Marzouk                                                                                                                                                                                                                                               ,TUT
1081,CMPT    ,764,BURNABY   ,25,2,Hao Zhang                                                                                                                                                                                                                                                 ,LEC
1127,ENSC    ,182,SURREY    ,30,30,Amr Marzouk                                                                                                                                                                                                                                               ,TUT
1091,CMPT    ,764,BURNABY   ,10,5,Hao Zhang                                                                                                                                                                                                                                                 ,LEC
1127,ENSC    ,182,SURREY    ,30,28,Amr Marzouk                                                                                                                                                                                                                                               ,TUT
1094,CMNS    ,396,BURNABY   ,25,11,Marcia Shimizu                                                                                                                                                                                                                                            ,PRA
1087,IAT     ,202,SURREY    ,24,23,Michael Filimowicz                                                                                                                                                                                                                                        ,LAB
1087,IAT     ,202,SURREY    ,96,95,Michael Filimowicz                                                                                                                                                                                                                                        ,LEC
1081,CMNS    ,856,BURNABY   ,20,0,Shane Gunster                                                                                                                                                                                                                                             ,SEM
1094,CMNS    ,481,BURNABY   ,10,11,. Faculty                                                                                                                                                                                                                                                 ,SEC
1107,CMPT    ,126,BURNABY   ,40,29,Michael Evans                                                                                                                                                                                                                                             ,LEC
1137,CMPT    ,128,BURNABY   ,26,26,Janice Regan                                                                                                                                                                                                                                              ,LAB
1111,CMPT    ,428,BURNABY   ,15,13,Harriet Chicoine                                                                                                                                                                                                                                          ,SEC
1107,CMPT    ,225,BURNABY   ,26,26,David Mitchell                                                                                                                                                                                                                                            ,LAB
1091,CMPT    ,225,BURNABY   ,75,58,Michael Evans                                                                                                                                                                                                                                             ,LEC
1147,CMPT    ,426,METRO     ,50,47,Harriet Chicoine                                                                                                                                                                                                                                          ,SEC
1161,CMPT    ,426,METRO     ,40,43,Harriet Chicoine                                                                                                                                                                                                                                          ,SEC
1147,CMPT    ,225,BURNABY   ,26,26,David Mitchell                                                                                                                                                                                                                                            ,LAB
1114,CMPT    ,120,BURNABY   ,26,23,Gregory Baker                                                                                                                                                                                                                                             ,LAB
1181,CMPT    ,426,METRO     ,15,8,Harriet Chicoine                                                                                                                                                                                                                                          ,SEC
1134,CMPT    ,150,BURNABY   ,26,25,Bobby Chan                                                                                                                                                                                                                                                ,LAB
1104,CMPT    ,320,SURREY    ,30,28,Christopher Bastone                                                                                                                                                                                                                                       ,LEC
1121,ENSC    ,196,OFF       ,10,3,<null>,SEC
1084,CMPT    ,301,SURREY    ,24,15,Anthony Chan                                                                                                                                                                                                                                              ,LEC
1137,ENSC    ,100,BURNABY   ,0,0,<null>,TUT
1117,ENSC    ,100,BURNABY   ,2,2,<null>,TUT
1081,CMPT    ,320,BURNABY   ,75,53,Oliver Schulte                                                                                                                                                                                                                                            ,LEC
1091,CMPT    ,320,BURNABY   ,85,84,Oliver Schulte                                                                                                                                                                                                                                            ,LEC
1161,CMPT    ,426,OFF       ,15,2,Harriet Chicoine                                                                                                                                                                                                                                          ,SEC
1181,CMPT    ,426,OFF       ,15,1,Harriet Chicoine                                                                                                                                                                                                                                          ,SEC
1087,IAT     ,265,SURREY    ,24,24,Yingchen Yang                                                                                                                                                                                                                                             ,LAB
1154,ENSC    ,400,BURNABY   ,5,0,<null>,SEC
1151,CMPT    ,405,BURNABY   ,20,15,Petra Berenbrink                                                                                                                                                                                                                                          ,LEC
1131,CMPT    ,225,BURNABY   ,26,27,Gregory Mori                                                                                                                                                                                                                                              ,LAB
1101,ENSC    ,406,BURNABY   ,15,15,<null>,TUT
1097,CMPT    ,365,BURNABY   ,45,43,Mark Drew                                                                                                                                                                                                                                                 ,LEC
1084,CMPT    ,363,BURNABY   ,50,45,M. Atkins                                                                                                                                                                                                                                                 ,LEC
1134,CMPT    ,225,BURNABY   ,25,25,Anne Lavergne                                                                                                                                                                                                                                             ,LAB
1147,CMPT    ,225,SURREY    ,24,23,Geoffrey Tien                                                                                                                                                                                                                                             ,LAB
1154,CMPT    ,428,METRO     ,30,31,Harriet Chicoine                                                                                                                                                                                                                                          ,SEC
1101,CMPT    ,428,OFF       ,10,0,Frances McLafferty                                                                                                                                                                                                                                        ,SEC
1111,CMPT    ,125,BURNABY   ,25,24,Anne Lavergne                                                                                                                                                                                                                                             ,LAB
1137,CMPT    ,128,BURNABY   ,26,26,Janice Regan                                                                                                                                                                                                                                              ,LAB
1131,ENSC    ,498,BURNABY   ,10,8,<null>,SEC
1181,CMPT    ,894,BURNABY   ,5,1,Richard Frank                                                                                                                                                                                                                                             ,SEC
1087,CMNS    ,497,BURNABY   ,10,7,. Faculty                                                                                                                                                                                                                                                 ,SEC
1171,CMPT    ,426,METRO     ,75,68,Harriet Chicoine                                                                                                                                                                                                                                          ,SEC
1147,CMPT    ,426,OFF       ,10,8,Harriet Chicoine                                                                                                                                                                                                                                          ,SEC
1161,CMPT    ,426,OFF       ,15,6,Harriet Chicoine                                                                                                                                                                                                                                          ,SEC
1177,CMPT    ,120,BURNABY   ,26,26,Diana Cukierman                                                                                                                                                                                                                                           ,LAB
1141,CMPT    ,120,BURNABY   ,26,25,Jeremie Lumbroso                                                                                                                                                                                                                                          ,LAB
1127,CMPT    ,120,BURNABY   ,26,26,Diana Cukierman                                                                                                                                                                                                                                           ,LAB
1137,CMPT    ,120,BURNABY   ,26,25,Diana Cukierman                                                                                                                                                                                                                                           ,LAB
1087,CMPT    ,454,BURNABY   ,40,32,Ke Wang                                                                                                                                                                                                                                                   ,LEC
1167,CMPT    ,454,BURNABY   ,75,69,Ke Wang                                                                                                                                                                                                                                                   ,LEC
1127,CMPT    ,120,BURNABY   ,26,26,Diana Cukierman                                                                                                                                                                                                                                           ,LAB
1177,CMPT    ,120,BURNABY   ,26,25,Diana Cukierman                                                                                                                                                                                                                                           ,LAB
1147,CMPT    ,426,OFF       ,15,0,Harriet Chicoine                                                                                                                                                                                                                                          ,SEC
1157,CMPT    ,426,OFF       ,10,1,Harriet Chicoine                                                                                                                                                                                                                                          ,SEC
1137,CMPT    ,120,BURNABY   ,26,26,Diana Cukierman                                                                                                                                                                                                                                           ,LAB
1177,CMPT    ,120,BURNABY   ,26,25,Diana Cukierman                                                                                                                                                                                                                                           ,LAB
1081,IAT     ,344,SURREY    ,24,0,<null>,STL
1134,MSE     ,891,SURREY    ,15,5,<null>,SEC
1101,ENSC    ,282,SURREY    ,66,57,<null>,TUT
1091,CMNS    ,130W      ,BURNABY   ,16,15,<null>,TUT
1117,ENSC    ,382,SURREY    ,30,0,<null>,LAB
1114,ENSC    ,215,BURNABY   ,22,22,<null>,LAB
1087,CMPT    ,150,BURNABY   ,25,21,Bradley Bart                                                                                                                                                                                                                                              ,LAB
1101,CMPT    ,150,BURNABY   ,26,19,Anthony Dixon                                                                                                                                                                                                                                             ,LAB
1107,CMPT    ,320,HRBRCNTR  ,40,36,Christopher Bastone                                                                                                                                                                                                                                       ,LEC
1087,IAT     ,265,SURREY    ,24,24,Yingchen Yang                                                                                                                                                                                                                                             ,LAB
1117,ENSC    ,481,BURNABY   ,25,26,Andrew Rawicz                                                                                                                                                                                                                                             ,LEC
1171,ENSC    ,450,BURNABY   ,80,54,Peter Hallschmid                                                                                                                                                                                                                                          ,LEC
1151,ENSC    ,495,BURNABY   ,15,14,Glenn Chapman                                                                                                                                                                                                                                             ,LEC
1131,ENSC    ,495,BURNABY   ,6,6,Glenn Chapman                                                                                                                                                                                                                                             ,LAB
1174,ENSC    ,425,BURNABY   ,40,27,Maryam Dehghani Estarki                                                                                                                                                                                                                                   ,TUT
1151,ENSC    ,406,BURNABY   ,18,17,Michael Sjoerdsma                                                                                                                                                                                                                                         ,TUT
1117,ENSC    ,488,BURNABY   ,60,60,Kamal Gupta                                                                                                                                                                                                                                               ,LEC
1114,ENSC    ,899,BURNABY   ,100,99,. Faculty                                                                                                                                                                                                                                                 ,SEC
1084,KIN     ,311,BURNABY   ,54,44,Amandio Vieira                                                                                                                                                                                                                                            ,LEC
1171,CMPT    ,475,BURNABY   ,90,88,Danny Ridinger                                                                                                                                                                                                                                            ,LEC
1141,CMPT    ,120,BURNABY   ,26,25,Jeremie Lumbroso                                                                                                                                                                                                                                          ,LAB
1107,CMPT    ,120,HRBRCNTR  ,26,25,William Havens                                                                                                                                                                                                                                            ,LEC
1177,MATH    ,152,BURNABY   ,60,0,<null>,OPL
1174,MATH    ,896,BURNABY   ,6,0,<null>,SEC
1081,IAT     ,431,SURREY    ,24,0,<null>,OPL
1121,CMPT    ,120,SURREY    ,0,0,<null>,LAB
1127,CMPT    ,120,HRBRCNTR  ,26,0,<null>,LAB
1107,CMPT    ,120,BURNABY   ,0,0,<null>,LAB
1141,CMPT    ,118,BURNABY   ,128,133,"Bradley Bart, Richard Vaughan                                                                                                                                                                                                                             ",SEC
1111,CMPT    ,376W      ,BURNABY   ,0,0,<null>,LEC
1114,CMPT    ,710,BURNABY   ,0,0,<null>,SEC
1111,ENSC    ,282,SURREY    ,100,82,<null>,TUT
1114,ENSC    ,331,SURREY    ,82,39,<null>,TUT
1087,CMNS    ,223W      ,BURNABY   ,16,17,<null>,TUT
1081,CMNS    ,498,BURNABY   ,15,4,. Faculty                                                                                                                                                                                                                                                 ,SEC
1094,CMNS    ,880,OFF       ,10,0,. Faculty                                                                                                                                                                                                                                                 ,SEC
1124,CMPT    ,894,BURNABY   ,0,10,. Faculty                                                                                                                                                                                                                                                 ,SEC
1157,CMPT    ,894,BURNABY   ,5,3,. Faculty                                                                                                                                                                                                                                                 ,SEC
1141,MSE     ,780,SURREY    ,10,0,<null>,TUT
1117,CMPT    ,120,SURREY    ,25,0,<null>,LAB
1107,ENSC    ,441,SURREY    ,0,0,<null>,SEM
1084,KIN     ,431,BURNABY   ,18,0,<null>,TUT
1111,MATH    ,240,BURNABY   ,60,0,<null>,OPL
1111,CMPT    ,225,BURNABY   ,0,0,<null>,LAB
1097,ENSC    ,424,BURNABY   ,60,0,<null>,OPL
1181,MSE     ,489,SURREY    ,5,0,<null>,SEM
1171,MSE     ,489,SURREY    ,5,0,<null>,SEM
1107,CMPT    ,250,BURNABY   ,26,18,Anthony Dixon                                                                                                                                                                                                                                             ,LAB
1147,CMPT    ,250,BURNABY   ,26,25,Anthony Dixon                                                                                                                                                                                                                                             ,LAB
1091,CMPT    ,300,BURNABY   ,60,56,Bradley Bart                                                                                                                                                                                                                                              ,LEC
1107,CMPT    ,250,SURREY    ,24,24,Brian Fraser                                                                                                                                                                                                                                              ,LAB
1097,CMPT    ,354,BURNABY   ,78,74,Ke Wang                                                                                                                                                                                                                                                   ,LEC
1121,CMPT    ,310,BURNABY   ,75,76,James Delgrande                                                                                                                                                                                                                                           ,LEC
1147,ENSC    ,351,BURNABY   ,153,134,Fabio Campi                                                                                                                                                                                                                                               ,LEC
1117,ENSC    ,351,BURNABY   ,76,68,Lesley Shannon                                                                                                                                                                                                                                            ,TUT
1181,ENSC    ,450,BURNABY   ,80,38,Peter Hallschmid                                                                                                                                                                                                                                          ,TUT
1137,ENSC    ,450,BURNABY   ,50,40,Fabio Campi                                                                                                                                                                                                                                               ,RQL
1107,ENSC    ,327,BURNABY   ,78,76,Jie Liang                                                                                                                                                                                                                                                 ,LEC
1117,ENSC    ,327,BURNABY   ,85,84,Paul Ho                                                                                                                                                                                                                                                   ,LEC
1174,ENSC    ,320,BURNABY   ,165,148,Parvaneh Saeedi                                                                                                                                                                                                                                           ,RQL
1137,ENSC    ,802,BURNABY   ,35,14,Daniel Lee                                                                                                                                                                                                                                                ,LEC
1164,ENSC    ,428,BURNABY   ,45,19,Daniel Lee                                                                                                                                                                                                                                                ,LEC
1087,KIN     ,207,BURNABY   ,95,92,Christine MacKenzie                                                                                                                                                                                                                                       ,LEC
1081,KIN     ,351,BURNABY   ,15,11,Darleen Bemister                                                                                                                                                                                                                                          ,PRA
1171,MACM    ,401,BURNABY   ,40,33,Michael Monagan                                                                                                                                                                                                                                           ,TUT
1104,MATH    ,436,OFF       ,20,0,Faye Stefan                                                                                                                                                                                                                                               ,SEC
1147,MATH    ,322,BURNABY   ,72,58,Marni Mishna                                                                                                                                                                                                                                              ,LEC
1087,MATH    ,308,BURNABY   ,96,31,Cedric Chauve                                                                                                                                                                                                                                             ,LEC
1101,MATH    ,895,BURNABY   ,5,0,. Faculty                                                                                                                                                                                                                                                 ,SEC
1091,MATH    ,877,BURNABY   ,5,0,. Faculty                                                                                                                                                                                                                                                 ,SEC
1174,MATH    ,437,OFF       ,20,0,Stuart Billings                                                                                                                                                                                                                                           ,SEC
1151,CMPT    ,127,BURNABY   ,64,64,Richard Vaughan                                                                                                                                                                                                                                           ,LAB
1091,CMNS    ,898,BURNABY   ,60,21,. Faculty                                                                                                                                                                                                                                                 ,SEC
1151,ENSC    ,320,BURNABY   ,100,130,Rodney Vaughan                                                                                                                                                                                                                                            ,TUT
1137,ENSC    ,296,OFF       ,1,2,Harriet Chicoine                                                                                                                                                                                                                                          ,SEC
1144,ENSC    ,296,OFF       ,10,3,Harriet Chicoine                                                                                                                                                                                                                                          ,SEC
1154,ENSC    ,263,BURNABY   ,5,3,Fabio Campi                                                                                                                                                                                                                                               ,LAB
1147,ENSC    ,220,BURNABY   ,220,109,Ljiljana Trajkovic                                                                                                                                                                                                                                        ,TUT
1107,ENSC    ,101,BURNABY   ,88,68,Michael Sjoerdsma                                                                                                                                                                                                                                         ,LEC
1137,ENSC    ,387,BURNABY   ,50,27,. Sessional                                                                                                                                                                                                                                               ,TUT
1097,ENSC    ,387,SURREY    ,72,52,Edward Park                                                                                                                                                                                                                                               ,LEC
1161,ENSC    ,383,BURNABY   ,125,81,Atousa Hajshirmohammadi                                                                                                                                                                                                                                   ,LEC
1127,CMPT    ,320,BURNABY   ,100,103,Steven Pearce                                                                                                                                                                                                                                             ,LEC
1131,CMPT    ,429,OFF       ,15,0,Harriet Chicoine                                                                                                                                                                                                                                          ,SEC
1081,CMPT    ,428,BURNABY   ,50,24,Harriet Chicoine                                                                                                                                                                                                                                          ,SEC
1164,CMPT    ,429,METRO     ,15,0,Harriet Chicoine                                                                                                                                                                                                                                          ,SEC
1087,MATH    ,348,SURREY    ,12,6,<null>,TUT
1131,CMPT    ,429,OFF       ,15,1,Harriet Chicoine                                                                                                                                                                                                                                          ,SEC
1087,CMPT    ,412,BURNABY   ,20,14,Brian Funt                                                                                                                                                                                                                                                ,LEC
1097,CMPT    ,412,BURNABY   ,35,32,Brian Funt                                                                                                                                                                                                                                                ,LEC
1104,CMPT    ,470,HRBRCNTR  ,65,64,Gregory Baker                                                                                                                                                                                                                                             ,LEC
1081,CMNS    ,130W      ,SURREY    ,16,12,<null>,TUT
1087,CMNS    ,130W      ,BURNABY   ,16,15,<null>,TUT
1121,ENSC    ,372,BURNABY   ,20,0,<null>,LEC
1141,ENSC    ,194,BURNABY   ,10,0,Harriet Chicoine                                                                                                                                                                                                                                          ,SEC
1107,ENSC    ,892,BURNABY   ,80,10,. Faculty                                                                                                                                                                                                                                                 ,SEC
1081,KIN     ,311,BURNABY   ,55,55,". Sessional, Melodie Yong                                                                                                                                                                                                                                 ",SEC
1087,KIN     ,343,HRBRCNTR  ,32,31,Ryan Dill                                                                                                                                                                                                                                                 ,LEC
1087,MACM    ,101,HRBRCNTR  ,50,31,Steven Pearce                                                                                                                                                                                                                                             ,LEC
1097,MACM    ,101,HRBRCNTR  ,50,46,Evgeny Skvortsov                                                                                                                                                                                                                                          ,LEC
1154,MACM    ,101,BURNABY   ,144,141,Ramesh Krishnamurti                                                                                                                                                                                                                                       ,LEC
1104,MACM    ,101,BURNABY   ,24,24,Binay Bhattacharya                                                                                                                                                                                                                                        ,TUT
1141,MACM    ,101,BURNABY   ,24,23,Binay Bhattacharya                                                                                                                                                                                                                                        ,TUT
1101,MACM    ,101,BURNABY   ,24,22,Andrei Bulatov                                                                                                                                                                                                                                            ,TUT
1127,MACM    ,101,BURNABY   ,24,24,Andrei Bulatov                                                                                                                                                                                                                                            ,TUT
1157,MATH    ,125,BURNABY   ,25,4,Nilima Nigam                                                                                                                                                                                                                                              ,TUT
1181,ENSC    ,701,OFF       ,5,0,Harriet Chicoine                                                                                                                                                                                                                                          ,PRA
1181,MSE     ,426,SURREY    ,35,36,Gary Wang                                                                                                                                                                                                                                                 ,LAB
1151,ENSC    ,701,BURNABY   ,10,3,Harriet Chicoine                                                                                                                                                                                                                                          ,PRA
1181,MSE     ,750,SURREY    ,5,6,Jiacheng Wang                                                                                                                                                                                                                                             ,LEC
1177,ENSC    ,120,BURNABY   ,210,175,Atousa Hajshirmohammadi                                                                                                                                                                                                                                   ,LEC
1174,MSE     ,312,SURREY    ,40,14,"Krishna Vijayaraghavan, Mehrdad Moallem, Mohammad Narimani, Siamak Arzanpour                                                                                                                                                                              ",LAB
1164,MSE     ,312,SURREY    ,36,35,"Amr Marzouk, Krishna Vijayaraghavan, Mehrdad Moallem                                                                                                                                                                                                      ",LAB
1171,MSE     ,210,SURREY    ,42,41,Flavio Firmani                                                                                                                                                                                                                                            ,LAB
1157,MSE     ,221,SURREY    ,42,42,Flavio Firmani                                                                                                                                                                                                                                            ,LAB
1157,ENSC    ,380,BURNABY   ,120,64,Paul Ho                                                                                                                                                                                                                                                   ,TUT
1084,KIN     ,110,BURNABY   ,110,99,". Sessional, Penelope Deck                                                                                                                                                                                                                                ",SEC
1171,MSE     ,921,SURREY    ,0,0,. TBD                                                                                                                                                                                                                                                     ,OPL
1144,MATH    ,155,BURNABY   ,229,155,Keshav Mukunda                                                                                                                                                                                                                                            ,LEC
1154,MATH    ,155,BURNABY   ,200,148,Navid Alaei                                                                                                                                                                                                                                               ,LEC
1111,MATH    ,155,SURREY    ,150,113,Natalia Kouzniak                                                                                                                                                                                                                                          ,LEC
1151,MACM    ,101,SURREY    ,24,23,Kay Wiese                                                                                                                                                                                                                                                 ,TUT
1167,MACM    ,101,SURREY    ,24,23,Kay Wiese                                                                                                                                                                                                                                                 ,TUT
1091,MATH    ,157,SURREY    ,100,73,Natalia Kouzniak                                                                                                                                                                                                                                          ,LEC
1091,MATH    ,157,BURNABY   ,330,263,Yves Van Gennip                                                                                                                                                                                                                                           ,LEC
1104,MATH    ,436,BURNABY   ,20,1,Faye Stefan                                                                                                                                                                                                                                               ,SEC
1127,ENSC    ,364,SURREY    ,25,22,Kevin Oldknow                                                                                                                                                                                                                                             ,LAB
1181,MATH    ,808,SURREY    ,25,6,Zhaosong Lu                                                                                                                                                                                                                                               ,LEC
1094,REM     ,670,BURNABY   ,22,15,Kenneth Lertzman                                                                                                                                                                                                                                          ,SEC
1127,CMPT    ,166,SURREY    ,26,26,Toby Donaldson                                                                                                                                                                                                                                            ,LAB
1121,MACM    ,203,BURNABY   ,48,24,Karen Yeats                                                                                                                                                                                                                                               ,LEC
1137,MACM    ,204,BURNABY   ,40,25,Michael Monagan                                                                                                                                                                                                                                           ,LEC
1181,CMPT    ,165,SURREY    ,24,0,<null>,LAB
1117,MATH    ,742,BURNABY   ,5,2,Petr Lisonek                                                                                                                                                                                                                                              ,LEC
1087,ENSC    ,894,BURNABY   ,20,0,<null>,LEC
1171,ENSC    ,894,BURNABY   ,5,0,<null>,LAB
1094,CMNS    ,461,OFF       ,5,0,. Faculty                                                                                                                                                                                                                                                 ,SEC
1087,IAT     ,443,SURREY    ,24,0,<null>,LAB
1091,ENSC    ,263,SURREY    ,0,0,<null>,LAB
1117,MATH    ,437,BURNABY   ,20,0,Faye Stefan                                                                                                                                                                                                                                               ,SEC
1104,MACM    ,101,BURNABY   ,24,20,Binay Bhattacharya                                                                                                                                                                                                                                        ,TUT
1114,MACM    ,101,BURNABY   ,24,23,Steven Pearce                                                                                                                                                                                                                                             ,TUT
1111,MACM    ,101,BURNABY   ,25,25,Evgenia Ternovska                                                                                                                                                                                                                                         ,LAB
1127,MACM    ,101,BURNABY   ,24,24,Andrei Bulatov                                                                                                                                                                                                                                            ,TUT
1137,MACM    ,101,BURNABY   ,24,24,Andrei Bulatov                                                                                                                                                                                                                                            ,TUT
1154,MACM    ,101,BURNABY   ,24,24,Ramesh Krishnamurti                                                                                                                                                                                                                                       ,TUT
1137,MACM    ,101,BURNABY   ,24,24,Andrei Bulatov                                                                                                                                                                                                                                            ,TUT
1111,MACM    ,101,BURNABY   ,25,24,Evgenia Ternovska                                                                                                                                                                                                                                         ,LAB
1111,MACM    ,101,BURNABY   ,25,25,Evgenia Ternovska                                                                                                                                                                                                                                         ,LAB
1154,MSE     ,481,SURREY    ,100,89,Kevin Oldknow                                                                                                                                                                                                                                             ,TUT
1181,MSE     ,102,SURREY    ,120,0,<null>,LAB
1151,MSE     ,102,SURREY    ,30,0,<null>,TUT
1127,CMPT    ,166,SURREY    ,25,21,Toby Donaldson                                                                                                                                                                                                                                            ,LAB
1131,CMPT    ,626,OFF       ,0,0,Harriet Chicoine                                                                                                                                                                                                                                          ,PRA
1101,CMPT    ,275,BURNABY   ,0,0,<null>,LEC
1151,MSE     ,280,SURREY    ,65,0,<null>,LAB
1081,TECH    ,101W      ,SURREY    ,48,23,Stephanie Sauve                                                                                                                                                                                                                                           ,INS
1171,CHIN    ,191,BURNABY   ,25,20,Cynthia Xie                                                                                                                                                                                                                                               ,TUT
1084,IAT     ,486,SURREY    ,3,8,"Jim Bizzocchi, Magy Seif El-Nasr, Ronald Wakkary, Stephen Dipaola                                                                                                                                                                                         ",LEC
1087,IAT     ,487,SURREY    ,1,1,Helmine Serban                                                                                                                                                                                                                                            ,LEC
1167,CMPT    ,721,BURNABY   ,15,9,James Delgrande                                                                                                                                                                                                                                           ,LEC
1171,ENSC    ,474,BURNABY   ,45,50,Mirza Beg                                                                                                                                                                                                                                                 ,LEC
1097,MATH    ,436,BURNABY   ,20,0,Faye Stefan                                                                                                                                                                                                                                               ,SEC
1131,MATH    ,893,BURNABY   ,6,0,Stuart Billings                                                                                                                                                                                                                                           ,SEC
1107,MATH    ,437,OFF       ,20,0,Faye Stefan                                                                                                                                                                                                                                               ,SEC
1121,MATH    ,437,OFF       ,20,0,"Faye Stefan, Stuart Billings                                                                                                                                                                                                                              ",SEC
1154,MATH    ,895,BURNABY   ,6,3,Michael Monagan                                                                                                                                                                                                                                           ,SEC
1137,MATH    ,895,BURNABY   ,6,3,Weiran Sun                                                                                                                                                                                                                                                ,SEC
1171,ENSC    ,475,BURNABY   ,24,24,Bonnie Gray                                                                                                                                                                                                                                               ,LEC
1181,ENSC    ,475,BURNABY   ,20,17,Bruno Jaggi                                                                                                                                                                                                                                               ,LEC
1154,MSE     ,405W      ,SURREY    ,50,33,Maureen Hindy                                                                                                                                                                                                                                             ,TUT
1174,CMPT    ,127,BURNABY   ,64,62,Anoop Sarkar                                                                                                                                                                                                                                              ,LAB
1141,MACM    ,101,SURREY    ,24,23,Steven Pearce                                                                                                                                                                                                                                             ,TUT
1157,MSE     ,250,SURREY    ,108,114,Ahmad Rad                                                                                                                                                                                                                                                 ,TUT
1167,CMPT    ,130,SURREY    ,130,123,Brian Fraser                                                                                                                                                                                                                                              ,LEC
1167,CMPT    ,130,SURREY    ,26,25,Brian Fraser                                                                                                                                                                                                                                              ,LAB
1177,CMPT    ,130,SURREY    ,24,25,Toby Donaldson                                                                                                                                                                                                                                            ,LAB
1161,MATH    ,808,SURREY    ,25,8,Zhaosong Lu                                                                                                                                                                                                                                               ,LEC
1141,CMPT    ,166,SURREY    ,76,72,Toby Donaldson                                                                                                                                                                                                                                            ,LEC
1091,REM     ,100,BURNABY   ,180,174,Duncan Knowler                                                                                                                                                                                                                                            ,LEC
1091,REM     ,100,SURREY    ,54,35,John Irwin                                                                                                                                                                                                                                                ,LEC
1157,MSE     ,110,SURREY    ,30,0,<null>,TUT
1157,MSE     ,110,SURREY    ,30,0,<null>,TUT
1174,CMPT    ,626,OFF       ,5,2,Harriet Chicoine                                                                                                                                                                                                                                          ,PRA
1087,IAT     ,313,SURREY    ,47,47,Jim Bizzocchi                                                                                                                                                                                                                                             ,LEC
1141,ENSC    ,895,BURNABY   ,3,1,Lesley Shannon                                                                                                                                                                                                                                            ,TUT
1177,MSE     ,495,SURREY    ,5,0,<null>,LAB
1107,ENSC    ,104,SURREY    ,100,85,<null>,TUT
1131,ENSC    ,460,SURREY    ,20,0,<null>,TUT
1167,MSE     ,100,SURREY    ,0,0,<null>,LAB
1094,CMNS    ,454,HRBRCNTR  ,54,24,James Rennie                                                                                                                                                                                                                                              ,LEC
1087,CMPT    ,363,BURNABY   ,55,50,Herbert Tsang                                                                                                                                                                                                                                             ,LEC
1104,CMPT    ,428,OFF       ,15,2,Frances McLafferty                                                                                                                                                                                                                                        ,SEC
1151,CMPT    ,428,OFF       ,5,0,Harriet Chicoine                                                                                                                                                                                                                                          ,SEC
1164,CMPT    ,426,METRO     ,35,37,Harriet Chicoine                                                                                                                                                                                                                                          ,SEC
1174,CMPT    ,894,BURNABY   ,1,1,Binay Bhattacharya                                                                                                                                                                                                                                        ,SEC
1114,CMPT    ,898,BURNABY   ,100,75,. Faculty                                                                                                                                                                                                                                                 ,SEC
1131,ENSC    ,474,BURNABY   ,20,16,Parvaneh Saeedi                                                                                                                                                                                                                                           ,TUT
1151,ENSC    ,851,BURNABY   ,8,0,<null>,LEC
1087,ENSC    ,472,BURNABY   ,20,5,"Andrew Rawicz, Stephen Robinovitch                                                                                                                                                                                                                        ",LEC
1137,MATH    ,725,BURNABY   ,4,2,Nilima Nigam                                                                                                                                                                                                                                              ,LEC
1151,MSE     ,721,SURREY    ,15,0,<null>,LEC
1081,IAT     ,813,SURREY    ,24,10,Marek Hatala                                                                                                                                                                                                                                              ,SEM
1137,CMPT    ,459,BURNABY   ,76,75,Jian Pei                                                                                                                                                                                                                                                  ,LEC
1097,CMPT    ,829,HRBRCNTR  ,20,8,Ghassan Hamarneh                                                                                                                                                                                                                                          ,LEC
1107,CMPT    ,128,BURNABY   ,26,26,Janice Regan                                                                                                                                                                                                                                              ,LAB
1117,CMPT    ,128,BURNABY   ,26,20,Anne Lavergne                                                                                                                                                                                                                                             ,LAB
1081,CMPT    ,765,BURNABY   ,10,9,Qianping Gu                                                                                                                                                                                                                                               ,LEC
1087,CMNS    ,855,HRBRCNTR  ,20,4,Kirsten McAllister                                                                                                                                                                                                                                        ,SEM
1174,CMPT    ,127,BURNABY   ,64,57,Anoop Sarkar                                                                                                                                                                                                                                              ,LAB
1164,MSE     ,494,SURREY    ,30,2,Stephanie DeRapp                                                                                                                                                                                                                                          ,SEC
1134,MSE     ,300,SURREY    ,80,74,Kevin Oldknow                                                                                                                                                                                                                                             ,LEC
1174,MSE     ,494,SURREY    ,30,9,Stephanie DeRapp                                                                                                                                                                                                                                          ,SEC
1134,MSE     ,311,SURREY    ,37,35,Behraad Bahreyni                                                                                                                                                                                                                                          ,LAB
1134,MSE     ,311,SURREY    ,37,35,Behraad Bahreyni                                                                                                                                                                                                                                          ,LAB
1161,MSE     ,490,SURREY    ,10,8,Majid Bahrami                                                                                                                                                                                                                                             ,SEM
1081,REM     ,100,BURNABY   ,18,17,. TBD                                                                                                                                                                                                                                                     ,TUT
1147,CMPT    ,627,OFF       ,2,0,Harriet Chicoine                                                                                                                                                                                                                                          ,PRA
1167,MATH    ,716,BURNABY   ,3,0,Nilima Nigam                                                                                                                                                                                                                                              ,LEC
1174,CMPT    ,626,METRO     ,25,25,Harriet Chicoine                                                                                                                                                                                                                                          ,PRA
1157,CMPT    ,627,METRO     ,30,15,Harriet Chicoine                                                                                                                                                                                                                                          ,PRA
1147,CMPT    ,106,SURREY    ,15,13,Harinder Khangura                                                                                                                                                                                                                                         ,LAB
1107,CMPT    ,106,SURREY    ,20,18,Harinder Khangura                                                                                                                                                                                                                                         ,TUT
1117,CMPT    ,106,SURREY    ,17,16,Harinder Khangura                                                                                                                                                                                                                                         ,TUT
1141,CHIN    ,281,BURNABY   ,10,5,"Cynthia Xie, Haisheng Jiang                                                                                                                                                                                                                               ",TUT
1094,IAT     ,309W      ,SURREY    ,50,51,Joel Flynn                                                                                                                                                                                                                                                ,LEC
1091,IAT     ,235,SURREY    ,24,22,. TBD                                                                                                                                                                                                                                                     ,STL
1087,IAT     ,343,SURREY    ,24,24,Kyungjae Lee                                                                                                                                                                                                                                              ,LAB
1087,IAT     ,343,SURREY    ,24,0,Kyungjae Lee                                                                                                                                                                                                                                              ,LAB
1141,CMPT    ,898,BURNABY   ,130,51,. Faculty                                                                                                                                                                                                                                                 ,SEC
1111,CMPT    ,454,BURNABY   ,64,64,Ke Wang                                                                                                                                                                                                                                                   ,LEC
1091,ENSC    ,887,BURNABY   ,25,0,<null>,LEC
1134,ENSC    ,250,BURNABY   ,100,96,Lakshman One                                                                                                                                                                                                                                              ,TUT
1121,ENSC    ,150,BURNABY   ,200,151,Liila Torabi                                                                                                                                                                                                                                              ,LEC
1091,ENSC    ,102,BURNABY   ,220,166,Michael Sjoerdsma                                                                                                                                                                                                                                         ,LEC
1151,ENSC    ,195,BURNABY   ,30,41,Harriet Chicoine                                                                                                                                                                                                                                          ,SEC
1177,ENSC    ,195,METRO     ,35,31,Harriet Chicoine                                                                                                                                                                                                                                          ,SEC
1097,ENSC    ,195,OFF       ,10,3,Farid Golnaraghi                                                                                                                                                                                                                                          ,SEC
1144,ENSC    ,194,BURNABY   ,10,0,Harriet Chicoine                                                                                                                                                                                                                                          ,SEC
1087,ENSC    ,325,BURNABY   ,50,18,Marek Syrzycki                                                                                                                                                                                                                                            ,LEC
1141,CMPT    ,880,BURNABY   ,15,10,Oliver Schulte                                                                                                                                                                                                                                            ,LEC
1147,ENSC    ,462,BURNABY   ,25,11,Marek Syrzycki                                                                                                                                                                                                                                            ,LEC
1107,ENSC    ,381,SURREY    ,75,45,<null>,TUT
1121,ENSC    ,428,BURNABY   ,50,0,<null>,OPL
1127,MACM    ,101,HRBRCNTR  ,24,0,<null>,TUT
1127,MACM    ,101,HRBRCNTR  ,24,0,<null>,TUT
1087,MACM    ,101,BURNABY   ,0,0,<null>,TUT
1094,KIN     ,142,BURNABY   ,55,52,Robert Asmundson                                                                                                                                                                                                                                          ,SEC
1084,KIN     ,110,BURNABY   ,60,60,Matthew White                                                                                                                                                                                                                                             ,LEC
1141,MATH    ,155,SURREY    ,200,128,Keshav Mukunda                                                                                                                                                                                                                                            ,LEC
1131,MATH    ,155,BURNABY   ,60,0,Petra Menz                                                                                                                                                                                                                                                ,OPL
1097,MACM    ,101,SURREY    ,144,125,Kay Wiese                                                                                                                                                                                                                                                 ,LEC
1177,MACM    ,101,SURREY    ,96,96,Kay Wiese                                                                                                                                                                                                                                                 ,LEC
1111,MATH    ,130,SURREY    ,75,59,Ping Ding                                                                                                                                                                                                                                                 ,LEC
1141,CMPT    ,125,BURNABY   ,32,33,Bradley Bart                                                                                                                                                                                                                                              ,LAB
1154,CMPT    ,126,BURNABY   ,0,0,. Faculty                                                                                                                                                                                                                                                 ,LAB
1154,CMPT    ,126,BURNABY   ,26,14,. Faculty                                                                                                                                                                                                                                                 ,LAB
1107,CMPT    ,128,BURNABY   ,26,26,Janice Regan                                                                                                                                                                                                                                              ,LAB
1117,CMPT    ,128,BURNABY   ,26,26,Anne Lavergne                                                                                                                                                                                                                                             ,LAB
1117,CMPT    ,128,SURREY    ,19,19,John Edgar                                                                                                                                                                                                                                                ,LAB
1087,CMNS    ,371,BURNABY   ,120,54,Maureen Gillis                                                                                                                                                                                                                                            ,SEC
1121,ENSC    ,105W      ,SURREY    ,100,0,<null>,TUT
1091,CMNS    ,304W      ,BURNABY   ,14,13,<null>,TUT
1104,CMPT    ,428,BURNABY   ,30,16,Harriet Chicoine                                                                                                                                                                                                                                          ,SEC
1117,MATH    ,408,SURREY    ,2,2,Tamon Stephen                                                                                                                                                                                                                                             ,SEC
1181,ENSC    ,894,BURNABY   ,3,1,<null>,LAB
1087,IAT     ,338,SURREY    ,30,0,Russell Taylor                                                                                                                                                                                                                                            ,LEC
1087,IAT     ,487,SURREY    ,6,6,Ronald Wakkary                                                                                                                                                                                                                                            ,LEC
1091,IAT     ,320,SURREY    ,24,24,"Gregory Corness, Jinsil Seo                                                                                                                                                                                                                               ",STL
1114,MATH    ,878,BURNABY   ,5,6,Cedric Chauve                                                                                                                                                                                                                                             ,SEC
1097,ENSC    ,327,BURNABY   ,80,0,<null>,OPL
1151,MATH    ,819,BURNABY   ,5,2,Michael Monagan                                                                                                                                                                                                                                           ,LEC
1157,MATH    ,817,BURNABY   ,25,7,Imin Chen                                                                                                                                                                                                                                                 ,LEC
1151,MATH    ,745,BURNABY   ,10,3,Ladislav Stacho                                                                                                                                                                                                                                           ,LEC
1171,MSE     ,895,SURREY    ,10,0,<null>,LEC
1181,MSE     ,895,SURREY    ,10,0,<null>,LEC
1094,IAT     ,899,SURREY    ,50,34,. TBD                                                                                                                                                                                                                                                     ,SEC
1104,ENSC    ,325,BURNABY   ,51,50,Sami Muhaidat                                                                                                                                                                                                                                             ,LEC
1141,ENSC    ,296,BURNABY   ,20,0,Harriet Chicoine                                                                                                                                                                                                                                          ,SEC
1167,ENSC    ,296,OFF       ,10,3,Harriet Chicoine                                                                                                                                                                                                                                          ,SEC
1164,ENSC    ,263,BURNABY   ,3,4,William Scratchley                                                                                                                                                                                                                                        ,TUT
1167,ENSC    ,263,BURNABY   ,1,2,William Scratchley                                                                                                                                                                                                                                        ,LAB
1154,ENSC    ,263,BURNABY   ,9,9,Fabio Campi                                                                                                                                                                                                                                               ,LAB
1147,ENSC    ,488,BURNABY   ,45,39,Shahram Payandeh                                                                                                                                                                                                                                          ,LEC
1094,CMNS    ,346,HRBRCNTR  ,18,19,<null>,TUT
1147,ENSC    ,387,BURNABY   ,0,0,. Sessional                                                                                                                                                                                                                                               ,RQL
1134,ENSC    ,383,BURNABY   ,85,85,Mirza Beg                                                                                                                                                                                                                                                 ,TUT
1147,ENSC    ,327,BURNABY   ,100,82,Jie Liang                                                                                                                                                                                                                                                 ,LEC
1167,MACM    ,101,BURNABY   ,25,24,Steven Pearce                                                                                                                                                                                                                                             ,TUT
1087,MACM    ,101,HRBRCNTR  ,50,31,Steven Pearce                                                                                                                                                                                                                                             ,TUT
1097,MACM    ,101,HRBRCNTR  ,50,46,Evgeny Skvortsov                                                                                                                                                                                                                                          ,TUT
1147,MATH    ,100,SURREY    ,96,91,Pooja Pandey                                                                                                                                                                                                                                              ,LEC
1157,MATH    ,100,SURREY    ,102,82,Nancy Azer                                                                                                                                                                                                                                                ,LEC
1161,MATH    ,100,SURREY    ,70,51,Pooja Pandey                                                                                                                                                                                                                                              ,LEC
1151,MACM    ,101,BURNABY   ,144,143,Binay Bhattacharya                                                                                                                                                                                                                                        ,LEC
1101,MACM    ,101,BURNABY   ,24,20,Andrei Bulatov                                                                                                                                                                                                                                            ,TUT
1084,MACM    ,101,BURNABY   ,100,71,". Faculty, Anthony Dixon                                                                                                                                                                                                                                  ",SEC
1154,MACM    ,101,BURNABY   ,24,24,Ramesh Krishnamurti                                                                                                                                                                                                                                       ,TUT
1107,CMPT    ,426,OFF       ,13,12,Harriet Chicoine                                                                                                                                                                                                                                          ,SEC
1174,CMPT    ,426,METRO     ,15,14,Harriet Chicoine                                                                                                                                                                                                                                          ,SEC
1117,CMPT    ,426,OFF       ,10,9,Cristina Eftenaru                                                                                                                                                                                                                                         ,SEC
1131,CMPT    ,426,OFF       ,15,1,Harriet Chicoine                                                                                                                                                                                                                                          ,SEC
1121,CMPT    ,426,METRO     ,5,5,Frances McLafferty                                                                                                                                                                                                                                        ,SEC
1174,CMPT    ,894,BURNABY   ,1,1,Robert Cameron                                                                                                                                                                                                                                            ,SEC
1091,ENSC    ,887,BURNABY   ,25,0,<null>,LEC
1121,ENSC    ,351,BURNABY   ,66,45,William Scratchley                                                                                                                                                                                                                                        ,LEC
1137,ENSC    ,488,BURNABY   ,60,52,Shahram Payandeh                                                                                                                                                                                                                                          ,RQL
1137,ENSC    ,387,BURNABY   ,50,27,". Sessional, Reza Sabzehgar                                                                                                                                                                                                                               ",LEC
1167,ENSC    ,396,OFF       ,25,1,Harriet Chicoine                                                                                                                                                                                                                                          ,SEC
1081,CMNS    ,353,HRBRCNTR  ,18,18,<null>,LAB
1181,ENSC    ,897,BURNABY   ,45,1,<null>,SEC
1141,CMPT    ,880,SUR       ,4,3,Ryan D'Arcy                                                                                                                                                                                                                                               ,LEC
1101,ENSC    ,895,BURNABY   ,10,5,Parvaneh Saeedi                                                                                                                                                                                                                                           ,LEC
1137,ENSC    ,895,BURNABY   ,9,8,Marinko Sarunic                                                                                                                                                                                                                                           ,LEC
1141,ENSC    ,895,BURNABY   ,5,1,Mirza Beg                                                                                                                                                                                                                                                 ,TUT
1141,MATH    ,1XX       ,BURNABY   ,1,1,<null>,LEC
1157,MATH    ,304,BURNABY   ,36,35,<null>,TUT
1121,ENSC    ,283,SURREY    ,96,92,<null>,TUT
1121,ENSC    ,283,SURREY    ,96,0,<null>,TUT
1081,IAT     ,445,SURREY    ,24,0,<null>,LAB
1147,ENSC    ,100W      ,BURNABY   ,8,8,<null>,TUT
1157,ENSC    ,100W      ,BURNABY   ,8,8,<null>,LAB
1087,CMNS    ,324,BURNABY   ,88,94,Sara Grimes                                                                                                                                                                                                                                               ,LEC
1091,CMNS    ,396,BURNABY   ,25,10,Marcia Shimizu                                                                                                                                                                                                                                            ,PRA
1094,CMNS    ,448,BURNABY   ,10,0,. Faculty                                                                                                                                                                                                                                                 ,SEC
1144,CMPT    ,125,BURNABY   ,5,3,<null>,LAB
1171,ENSC    ,350,BURNABY   ,150,144,Lesley Shannon                                                                                                                                                                                                                                            ,LEC
1127,ENSC    ,327,BURNABY   ,89,87,. Faculty                                                                                                                                                                                                                                                 ,RQL
1167,ENSC    ,802,BURNABY   ,30,18,Ivan Bajic                                                                                                                                                                                                                                                ,LEC
1147,ENSC    ,801,BURNABY   ,50,27,Mirza Beg                                                                                                                                                                                                                                                 ,LEC
1087,ENSC    ,850,BURNABY   ,40,4,Glenn Chapman                                                                                                                                                                                                                                             ,LEC
1111,ENSC    ,483,BURNABY   ,50,48,Mehrdad Saif                                                                                                                                                                                                                                              ,TUT
1174,ENSC    ,425,BURNABY   ,40,27,". Sessional, Maryam Dehghani Estarki                                                                                                                                                                                                                      ",LEC
1097,CMPT    ,128,BURNABY   ,24,0,<null>,LAB
1101,ENSC    ,899,BURNABY   ,70,67,. Faculty                                                                                                                                                                                                                                                 ,SEC
1127,ENSC    ,499,SURREY    ,5,0,<null>,SEC
1091,CMNS    ,240,BURNABY   ,18,19,<null>,TUT
1094,DDP     ,310,OFF       ,10,5,<null>,SEC
1094,KIN     ,898,BURNABY   ,30,16,<null>,SEC
1091,KIN     ,861,BURNABY   ,25,0,<null>,SEC
1114,MACM    ,101,BURNABY   ,24,20,Steven Pearce                                                                                                                                                                                                                                             ,TUT
1111,MATH    ,461,BURNABY   ,25,6,JF Williams                                                                                                                                                                                                                                               ,LEC
1141,MATH    ,443,BURNABY   ,25,7,Marni Mishna                                                                                                                                                                                                                                              ,LEC
1091,MATH    ,440,BURNABY   ,25,6,Imin Chen                                                                                                                                                                                                                                                 ,LEC
1171,MATH    ,440,BURNABY   ,25,11,Nils Bruin                                                                                                                                                                                                                                                ,LEC
1114,MATH    ,232,SURREY    ,200,123,Keshav Mukunda                                                                                                                                                                                                                                            ,LEC
1094,MATH    ,157,SURREY    ,75,22,Mohamed Sulman                                                                                                                                                                                                                                            ,LEC
1157,MATH    ,437,OFF       ,20,0,Stuart Billings                                                                                                                                                                                                                                           ,SEC
1087,KIN     ,497,BURNABY   ,5,4,<null>,SEC
1154,MATH    ,436,BURNABY   ,20,2,Stuart Billings                                                                                                                                                                                                                                           ,SEC
1137,MATH    ,436,OFF       ,20,0,Stuart Billings                                                                                                                                                                                                                                           ,SEC
1177,ENSC    ,396,OFF       ,25,0,Harriet Chicoine                                                                                                                                                                                                                                          ,SEC
1087,MATH    ,895,BURNABY   ,6,1,Sandy Rutherford                                                                                                                                                                                                                                          ,SEC
1151,MATH    ,895,BURNABY   ,6,0,. Faculty                                                                                                                                                                                                                                                 ,SEC
1134,MATH    ,893,BURNABY   ,20,0,Stuart Billings                                                                                                                                                                                                                                           ,SEC
1121,ENSC    ,150,BURNABY   ,40,25,<null>,TUT
1097,ENSC    ,100,BURNABY   ,2,2,<null>,RQL
1091,ENSC    ,150,BURNABY   ,50,52,<null>,TUT
1097,ENSC    ,100,BURNABY   ,1,1,<null>,RQL
1104,ENSC    ,195,BURNABY   ,13,12,<null>,SEC
1154,ENSC    ,899,BURNABY   ,120,47,<null>,SEC
1154,ENSC    ,899,OFF       ,10,3,<null>,SEC
1101,ENSC    ,320,BURNABY   ,25,25,<null>,TUT
1154,ENSC    ,494,BURNABY   ,10,4,<null>,SEC
1091,KIN     ,110,BURNABY   ,18,18,<null>,TUT
1111,MATH    ,157,BURNABY   ,60,0,<null>,OPL
1081,WKTM    ,100,SURREY    ,50,17,"Frances McLafferty, Navinder Chima                                                                                                                                                                                                                        ",SEC
1107,MATH    ,232,BURNABY   ,60,0,<null>,OPL
1117,MATH    ,232,BURNABY   ,60,0,<null>,OPL
1157,MATH    ,322,BURNABY   ,32,31,<null>,TUT
1141,MSE     ,499,SURREY    ,5,0,<null>,SEC
1151,MSE     ,499,SURREY    ,5,0,<null>,SEC
1127,MATH    ,345,BURNABY   ,32,0,<null>,TUT
1131,CMPT    ,102,BURNABY   ,50,25,Brian Funt                                                                                                                                                                                                                                                ,LEC
1157,CMPT    ,275,BURNABY   ,55,47,Herbert Tsang                                                                                                                                                                                                                                             ,LEC
1094,CMNS    ,892,BURNABY   ,5,0,Marcia Shimizu                                                                                                                                                                                                                                            ,SEC
1094,CMNS    ,892,OFF       ,5,0,Marcia Shimizu                                                                                                                                                                                                                                            ,SEC
1121,CMPT    ,212,SURREY    ,54,49,Brian Fraser                                                                                                                                                                                                                                              ,LEC
1164,CMPT    ,165,BURNABY   ,200,163,Gregory Baker                                                                                                                                                                                                                                             ,LEC
1167,CMPT    ,165,BURNABY   ,75,70,". Faculty, Gregory Baker                                                                                                                                                                                                                                  ",SEC
1177,CMPT    ,165,BURNABY   ,75,74,Ramesh Krishnamurti                                                                                                                                                                                                                                       ,SEC
1121,CMPT    ,150,BURNABY   ,26,26,Anthony Dixon                                                                                                                                                                                                                                             ,LAB
1131,CMPT    ,150,BURNABY   ,26,26,Anthony Dixon                                                                                                                                                                                                                                             ,LAB
1104,MACM    ,202,BURNABY   ,44,0,<null>,LEC
1087,KIN     ,105,BURNABY   ,120,116,Ryan Dill                                                                                                                                                                                                                                                 ,SEC
1087,KIN     ,340,BURNABY   ,60,60,Stephen Brown                                                                                                                                                                                                                                             ,LEC
1151,MATH    ,155,SURREY    ,150,81,Natalia Kouzniak                                                                                                                                                                                                                                          ,LEC
1151,MACM    ,101,BURNABY   ,24,24,Binay Bhattacharya                                                                                                                                                                                                                                        ,TUT
1127,MACM    ,101,SURREY    ,25,23,Steven Pearce                                                                                                                                                                                                                                             ,TUT
1141,MACM    ,101,BURNABY   ,24,23,Binay Bhattacharya                                                                                                                                                                                                                                        ,TUT
1151,MACM    ,101,BURNABY   ,24,13,Binay Bhattacharya                                                                                                                                                                                                                                        ,TUT
1091,MACM    ,401,BURNABY   ,25,7,Michael Monagan                                                                                                                                                                                                                                           ,LEC
1167,MACM    ,101,BURNABY   ,175,174,Andrei Bulatov                                                                                                                                                                                                                                            ,LEC
1141,MATH    ,232,BURNABY   ,380,356,JF Williams                                                                                                                                                                                                                                               ,LEC
1144,MATH    ,436,OFF       ,20,0,Stuart Billings                                                                                                                                                                                                                                           ,SEC
1154,MATH    ,436,OFF       ,20,0,Stuart Billings                                                                                                                                                                                                                                           ,SEC
1154,MATH    ,342,BURNABY   ,120,88,Imin Chen                                                                                                                                                                                                                                                 ,LEC
1087,MATH    ,337,BURNABY   ,20,0,Faye Stefan                                                                                                                                                                                                                                               ,SEC
1104,MATH    ,337,BURNABY   ,20,1,Faye Stefan                                                                                                                                                                                                                                               ,SEC
1141,MATH    ,337,BURNABY   ,20,2,Stuart Billings                                                                                                                                                                                                                                           ,SEC
1177,MATH    ,337,VAN       ,20,4,Stuart Billings                                                                                                                                                                                                                                           ,SEC
1117,MATH    ,322,BURNABY   ,72,67,John Stockie                                                                                                                                                                                                                                              ,LEC
1147,MATH    ,497,BURNABY   ,3,1,Sandy Rutherford                                                                                                                                                                                                                                          ,SEC
1171,MATH    ,437,BURNABY   ,20,0,Stuart Billings                                                                                                                                                                                                                                           ,SEC
1131,CMPT    ,150,BURNABY   ,26,26,Anthony Dixon                                                                                                                                                                                                                                             ,LAB
1107,CMPT    ,150,BURNABY   ,26,24,Bradley Bart                                                                                                                                                                                                                                              ,LAB
1084,CMPT    ,401,BURNABY   ,30,22,Alexandra Fedorova                                                                                                                                                                                                                                        ,LEC
1097,CMPT    ,363,BURNABY   ,70,68,Arthur Kirkpatrick                                                                                                                                                                                                                                        ,LEC
1107,CMPT    ,361,BURNABY   ,65,66,Torsten Moller                                                                                                                                                                                                                                            ,LEC
1117,CMPT    ,361,BURNABY   ,75,74,Torsten Moller                                                                                                                                                                                                                                            ,LEC
1151,CMPT    ,428,METRO     ,15,14,Harriet Chicoine                                                                                                                                                                                                                                          ,SEC
1177,CMPT    ,428,OFF       ,25,1,Harriet Chicoine                                                                                                                                                                                                                                          ,SEC
1167,CMPT    ,428,METRO     ,5,4,Harriet Chicoine                                                                                                                                                                                                                                          ,SEC
1127,ENSC    ,896,BURNABY   ,15,1,<null>,SEC
1094,CMNS    ,223W      ,BURNABY   ,16,14,<null>,TUT
1114,ENSC    ,331,SURREY    ,23,19,<null>,LAB
1124,ENSC    ,215,BURNABY   ,22,14,<null>,LAB
1097,ENSC    ,215,BURNABY   ,22,22,<null>,LAB
1111,ENSC    ,182,SURREY    ,24,26,<null>,TUT
1087,IAT     ,202,SURREY    ,22,0,<null>,LAB
1091,ENSC    ,226,SURREY    ,24,14,<null>,LAB
1091,ENSC    ,226,SURREY    ,24,18,<null>,LAB
1114,ENSC    ,332,SURREY    ,30,9,<null>,LAB
1097,ENSC    ,382,SURREY    ,72,52,<null>,LAB
1104,ENSC    ,384,SURREY    ,60,41,<null>,TUT
1167,MATH    ,895,OFF       ,5,0,<null>,SEC
1091,CMNS    ,223W      ,BURNABY   ,16,16,<null>,TUT
1087,CMNS    ,130W      ,BURNABY   ,16,14,<null>,TUT
1087,CMNS    ,130W      ,BURNABY   ,16,17,<null>,TUT
1154,MATH    ,880,BURNABY   ,3,0,<null>,SEC
1151,MATH    ,150,BURNABY   ,60,0,<null>,OPL
1081,CMNS    ,321,HRBRCNTR  ,19,19,<null>,TUT
1084,CMNS    ,321,HRBRCNTR  ,18,17,<null>,TUT
1081,CMNS    ,323,HRBRCNTR  ,15,14,<null>,TUT
1091,REM     ,690,BURNABY   ,10,1,<null>,SEC
1181,CMPT    ,165,SURREY    ,24,0,<null>,LAB
1134,MSE     ,491,SURREY    ,50,0,<null>,TUT
1167,MATH    ,480W      ,BURNABY   ,32,5,Jonathan Jedwab                                                                                                                                                                                                                                           ,LEC
1177,MATH    ,480W      ,BURNABY   ,32,6,Jonathan Jedwab                                                                                                                                                                                                                                           ,LEC
1177,MATH    ,232,SURREY    ,102,68,Tamon Stephen                                                                                                                                                                                                                                             ,LEC
1097,ENSC    ,296,OFF       ,10,2,<null>,SEC
1114,ENSC    ,296,OFF       ,5,3,<null>,SEC
1087,ENSC    ,396,BURNABY   ,50,1,<null>,SEC
1127,MATH    ,895,BURNABY   ,5,0,<null>,SEC
1081,REM     ,100,BURNABY   ,18,16,. TBD                                                                                                                                                                                                                                                     ,TUT
1124,MATH    ,1XXQ      ,BURNABY   ,20,1,<null>,LEC
1087,KIN     ,142,BURNABY   ,19,19,<null>,LAB
1087,KIN     ,142,BURNABY   ,19,18,<null>,LAB
1094,KIN     ,311,BURNABY   ,18,18,<null>,TUT
1121,MATH    ,232,BURNABY   ,60,0,<null>,OPL
1137,CMPT    ,106,SURREY    ,24,0,<null>,LAB
1094,MATH    ,880,BURNABY   ,3,0,<null>,SEC
1151,MACM    ,203,BURNABY   ,16,17,<null>,LAB
1127,MATH    ,303,BURNABY   ,36,29,<null>,TUT
1087,CMNS    ,130W      ,BURNABY   ,16,16,<null>,TUT
1091,CMNS    ,130W      ,BURNABY   ,16,17,<null>,TUT
1154,MSE     ,498,SURREY    ,5,0,<null>,SEC
1154,CMPT    ,626,OFF       ,5,2,Harriet Chicoine                                                                                                                                                                                                                                          ,PRA
1084,CMNS    ,230,BURNABY   ,0,0,<null>,TUT
1147,MACM    ,204,BURNABY   ,44,29,Michael Monagan                                                                                                                                                                                                                                           ,LEC
1104,MATH    ,895,BURNABY   ,6,2,Nilima Nigam                                                                                                                                                                                                                                              ,SEC
1081,ENSC    ,150,BURNABY   ,50,50,<null>,TUT
1101,ENSC    ,194,SURREY    ,5,2,<null>,SEC
1164,ENSC    ,897,BURNABY   ,10,3,<null>,SEC
1121,ENSC    ,897,BURNABY   ,45,2,<null>,SEC
1181,ENSC    ,892,OFF       ,10,0,<null>,SEC
1081,ENSC    ,351,BURNABY   ,22,20,<null>,LAB
1104,ENSC    ,195,OFF       ,25,1,<null>,SEC
1104,MATH    ,342,BURNABY   ,32,23,<null>,TUT
1081,MATH    ,158,BURNABY   ,60,0,<null>,OPL
1161,MATH    ,158,BURNABY   ,60,0,<null>,OPL
1167,MSE     ,499,SURREY    ,5,0,<null>,SEC
1114,MATH    ,895,BURNABY   ,6,0,<null>,SEC
1177,MATH    ,895,BURNABY   ,6,0,<null>,SEC
1147,MATH    ,322,BURNABY   ,36,29,<null>,TUT
1157,MATH    ,322,BURNABY   ,32,21,<null>,TUT
1091,IAT     ,222,SURREY    ,24,24,<null>,TUT
1081,CMNS    ,130W      ,BURNABY   ,16,16,<null>,TUT
1081,CMNS    ,223W      ,SURREY    ,16,0,<null>,TUT
1094,CMNS    ,223W      ,BURNABY   ,16,15,<null>,TUT
1097,CMPT    ,897,BURNABY   ,20,10,<null>,SEC
1087,REM     ,356,BURNABY   ,18,16,<null>,TUT
1161,CHIN    ,281,BURNABY   ,15,12,". Sessional, Cynthia Xie, Haisheng Jiang                                                                                                                                                                                                                  ",TUT
1141,MATH    ,341,BURNABY   ,32,13,Jonathan Jedwab                                                                                                                                                                                                                                           ,LEC
1177,CMPT    ,428,METRO     ,24,5,Harriet Chicoine                                                                                                                                                                                                                                          ,SEC
1151,MATH    ,126,BURNABY   ,10,4,Nilima Nigam                                                                                                                                                                                                                                              ,LEC
1147,ENSC    ,701,BURNABY   ,2,1,Harriet Chicoine                                                                                                                                                                                                                                          ,PRA
1161,ENSC    ,701,BURNABY   ,10,1,Harriet Chicoine                                                                                                                                                                                                                                          ,PRA
1171,ENSC    ,701,OFF       ,10,0,Harriet Chicoine                                                                                                                                                                                                                                          ,PRA
1087,CMPT    ,880,BURNABY   ,20,0,<null>,LEC
1167,CMPT    ,880,BURNABY   ,27,0,<null>,LEC
1141,CMPT    ,880,SURREY    ,24,0,<null>,LEC
1161,MSE     ,222,SURREY    ,110,103,Kambiz Haji Hajikolaei                                                                                                                                                                                                                                    ,LEC
1137,MSE     ,380,SURREY    ,99,92,Kevin Oldknow                                                                                                                                                                                                                                             ,LEC
1151,MSE     ,410,SURREY    ,32,0,Farid Golnaraghi                                                                                                                                                                                                                                          ,OPL
1154,MSE     ,293,SURREY    ,20,18,Stephanie DeRapp                                                                                                                                                                                                                                          ,SEC
1114,ENSC    ,442W      ,SURREY    ,35,30,"Farid Golnaraghi, Maureen Hindy                                                                                                                                                                                                                           ",SEM
1167,MSE     ,250,SURREY    ,108,104,Ahmad Rad                                                                                                                                                                                                                                                 ,TUT
1141,MATH    ,495,BURNABY   ,18,0,<null>,OPL
1144,MSE     ,300,SURREY    ,130,126,Kevin Oldknow                                                                                                                                                                                                                                             ,TUT
1154,MSE     ,300,SURREY    ,124,118,Kevin Oldknow                                                                                                                                                                                                                                             ,TUT
1137,MSE     ,494,OFF       ,20,1,Harriet Chicoine                                                                                                                                                                                                                                          ,SEC
1174,MSE     ,494,OFF       ,1,0,Stephanie DeRapp                                                                                                                                                                                                                                          ,SEC
1164,MSE     ,491,SURREY    ,20,10,Flavio Firmani                                                                                                                                                                                                                                            ,LAB
1134,MSE     ,312,SURREY    ,110,0,"Farid Golnaraghi, Krishna Vijayaraghavan, Mehrdad Moallem, Siamak Arzanpour                                                                                                                                                                               ",TUT
1121,MATH    ,741,BURNABY   ,10,0,Michael Monagan                                                                                                                                                                                                                                           ,LEC
1081,CMPT    ,368,SURREY    ,24,5,Tamara Smyth                                                                                                                                                                                                                                              ,LEC
1107,CMPT    ,128,SURREY    ,0,0,<null>,LEC
1087,IAT     ,488,SURREY    ,1,1,Ronald Wakkary                                                                                                                                                                                                                                            ,SEC
1087,CMPT    ,767,BURNABY   ,10,5,Torsten Moller                                                                                                                                                                                                                                            ,LEC
1111,CMPT    ,771,SURREY    ,6,5,Mohamed Hefeeda                                                                                                                                                                                                                                           ,LEC
1137,CMPT    ,771,BURNABY   ,30,27,Jiangchuan Liu                                                                                                                                                                                                                                            ,LEC
1094,TECH    ,124,SURREY    ,48,38,Joel Flynn                                                                                                                                                                                                                                                ,LEC
1097,ENSC    ,381,SURREY    ,72,46,Ahmad Rad                                                                                                                                                                                                                                                 ,LEC
1127,MATH    ,408,SURREY    ,22,13,Abraham Punnen                                                                                                                                                                                                                                            ,LEC
1111,MATH    ,158,BURNABY   ,0,0,<null>,LEC
1117,CMPT    ,128,BURNABY   ,25,0,<null>,LAB
1087,TECH    ,101W      ,SURREY    ,48,0,C. Andrew Paulin                                                                                                                                                                                                                                          ,INS
1157,MATH    ,348,SURREY    ,32,19,Scott Pai                                                                                                                                                                                                                                                 ,LEC
1081,CMPT    ,884,BURNABY   ,10,0,<null>,LEC
1121,ENSC    ,305W      ,BURNABY   ,55,48,Stephen Whitmore                                                                                                                                                                                                                                          ,LEC
1087,KIN     ,180W      ,BURNABY   ,18,16,Anne-Kristina Arnold                                                                                                                                                                                                                                      ,TUT
1121,MATH    ,130,SURREY    ,80,68,Steven Pearce                                                                                                                                                                                                                                             ,LEC
1084,CMPT    ,126,BURNABY   ,28,22,"Diana Cukierman, Gregory Baker                                                                                                                                                                                                                            ",LEC
1094,CMPT    ,126,BURNABY   ,26,22,Louis Hafer                                                                                                                                                                                                                                               ,LEC
1114,CMPT    ,128,SURREY    ,26,17,Brian Fraser                                                                                                                                                                                                                                              ,LAB
1167,CMPT    ,128,BURNABY   ,26,26,Janice Regan                                                                                                                                                                                                                                              ,LAB
1081,MATH    ,345,BURNABY   ,64,29,Matthew DeVos                                                                                                                                                                                                                                             ,LEC
1091,MATH    ,345,BURNABY   ,64,27,Bojan Mohar                                                                                                                                                                                                                                               ,LEC
1157,MATH    ,800,BURNABY   ,25,5,Luis Goddyn                                                                                                                                                                                                                                               ,LEC
1174,CMPT    ,626,OFF       ,1,0,Harriet Chicoine                                                                                                                                                                                                                                          ,PRA
1167,CMPT    ,627,METRO     ,30,7,Harriet Chicoine                                                                                                                                                                                                                                          ,PRA
1167,CMPT    ,627,OFF       ,15,2,Harriet Chicoine                                                                                                                                                                                                                                          ,PRA
1137,CMPT    ,626,OFF       ,10,1,Harriet Chicoine                                                                                                                                                                                                                                          ,PRA
1084,DDP     ,310,OFF       ,20,7,. Faculty                                                                                                                                                                                                                                                 ,SEC
1084,CMNS    ,342,HRBRCNTR  ,0,0,<null>,TUT
1107,CMPT    ,128,BURNABY   ,0,0,<null>,LAB
1091,IAT     ,487,SURREY    ,1,1,Magy Seif El-Nasr                                                                                                                                                                                                                                         ,LEC
1161,ENSC    ,474,BURNABY   ,45,33,Mirza Beg                                                                                                                                                                                                                                                 ,RQL
1101,CMPT    ,884,BURNABY   ,25,18,Ke Wang                                                                                                                                                                                                                                                   ,LEC
1141,CMPT    ,150,BURNABY   ,156,151,Bradley Bart                                                                                                                                                                                                                                              ,LEC
1167,ENSC    ,462,BURNABY   ,10,9,Meenakshinathan Parameswaran                                                                                                                                                                                                                              ,LEC
1127,ENSC    ,462,SURREY    ,14,10,Gary Wang                                                                                                                                                                                                                                                 ,TUT
1124,ENSC    ,462,SURREY    ,40,17,Woo Soo Kim                                                                                                                                                                                                                                               ,LAB
1114,ENSC    ,320,BURNABY   ,0,0,<null>,TUT
1091,ENSC    ,380,SURREY    ,36,0,<null>,TUT
1091,CMNS    ,498,OFF       ,5,0,. Faculty                                                                                                                                                                                                                                                 ,SEC
1144,CMPT    ,150,BURNABY   ,26,26,Geoffrey Tien                                                                                                                                                                                                                                             ,LAB
1154,CMPT    ,150,BURNABY   ,23,22,Anthony Dixon                                                                                                                                                                                                                                             ,LAB
1111,CMPT    ,150,SURREY    ,25,25,Harinder Khangura                                                                                                                                                                                                                                         ,LAB
1137,CMPT    ,150,BURNABY   ,26,26,Anthony Dixon                                                                                                                                                                                                                                             ,LAB
1101,CMPT    ,307,BURNABY   ,60,43,Arthur Liestman                                                                                                                                                                                                                                           ,LEC
1147,CMPT    ,428,METRO     ,20,16,Harriet Chicoine                                                                                                                                                                                                                                          ,SEC
1134,MATH    ,338,BURNABY   ,32,12,Jonathan Jedwab                                                                                                                                                                                                                                           ,LEC
1087,CMNS    ,432,BURNABY   ,30,30,Catherine Murray                                                                                                                                                                                                                                          ,SEM
1117,CMPT    ,498,BURNABY   ,1,1,Robert Cameron                                                                                                                                                                                                                                            ,SEC
1171,MATH    ,800,BURNABY   ,10,7,Bojan Mohar                                                                                                                                                                                                                                               ,LEC
1147,MATH    ,800,BURNABY   ,5,4,Petr Lisonek                                                                                                                                                                                                                                              ,LEC
1127,ENSC    ,494,SURREY    ,5,0,<null>,SEC
1087,CMNS    ,472,HRBRCNTR  ,0,0,<null>,SEM
1081,CMNS    ,200,BURNABY   ,36,36,Cathryn Hill                                                                                                                                                                                                                                              ,LEC
1087,CMNS    ,353,HRBRCNTR  ,54,27,Peter Chow-White                                                                                                                                                                                                                                          ,LEC
1084,CMNS    ,851,BURNABY   ,20,1,. Faculty                                                                                                                                                                                                                                                 ,SEC
1121,CMPT    ,454,BURNABY   ,55,53,Ke Wang                                                                                                                                                                                                                                                   ,LEC
1154,MSE     ,411W      ,SURREY    ,8,0,<null>,SEM
1091,IAT     ,352,SURREY    ,0,0,<null>,LAB
1161,CMPT    ,295,SURREY    ,0,0,<null>,LAB
1177,MATH    ,817,BURNABY   ,15,11,Nathan Ilten                                                                                                                                                                                                                                              ,LEC
1091,CMPT    ,126,BURNABY   ,20,22,Diana Cukierman                                                                                                                                                                                                                                           ,LAB
1134,CMPT    ,125,BURNABY   ,26,24,Louis Hafer                                                                                                                                                                                                                                               ,LAB
1094,CMNS    ,230,BURNABY   ,108,73,Vladan Pantic                                                                                                                                                                                                                                             ,LEC
1091,KIN     ,899,BURNABY   ,30,12,<null>,SEC
1091,CMNS    ,371,BURNABY   ,65,62,Maureen Gillis                                                                                                                                                                                                                                            ,SEC
1087,CMNS    ,396,BURNABY   ,25,19,Marcia Shimizu                                                                                                                                                                                                                                            ,PRA
1091,CMNS    ,472,HRBRCNTR  ,25,25,Jamie Broadhurst                                                                                                                                                                                                                                          ,SEM
1157,ENSC    ,2XX       ,BURNABY   ,1,2,<null>,LEC
1181,CMPT    ,428,OFF       ,15,0,Harriet Chicoine                                                                                                                                                                                                                                          ,SEC
1107,CMPT    ,454,BURNABY   ,60,61,Ke Wang                                                                                                                                                                                                                                                   ,LEC
1124,ENSC    ,442W      ,SURREY    ,50,0,<null>,TUT
1174,MSE     ,311,SURREY    ,60,0,<null>,LAB
1081,CMPT    ,370,BURNABY   ,50,29,Danny Ridinger                                                                                                                                                                                                                                            ,LEC
1134,CMPT    ,370,BURNABY   ,85,84,Danny Ridinger                                                                                                                                                                                                                                            ,LEC
1121,CMPT    ,365,BURNABY   ,70,68,Jiangchuan Liu                                                                                                                                                                                                                                            ,LEC
1121,CMPT    ,363,BURNABY   ,85,80,Steven Pearce                                                                                                                                                                                                                                             ,LEC
1134,CMPT    ,428,METRO     ,30,28,Harriet Chicoine                                                                                                                                                                                                                                          ,SEC
1087,CMPT    ,419,HRBRCNTR  ,20,6,Ghassan Hamarneh                                                                                                                                                                                                                                          ,LEC
1091,CMPT    ,428,BURNABY   ,15,9,Harriet Chicoine                                                                                                                                                                                                                                          ,SEC
1144,CMPT    ,426,VAN       ,10,9,Harriet Chicoine                                                                                                                                                                                                                                          ,SEC
1144,CMPT    ,426,OFF       ,10,7,Harriet Chicoine                                                                                                                                                                                                                                          ,SEC
1111,CMPT    ,894,BURNABY   ,8,9,. Faculty                                                                                                                                                                                                                                                 ,SEC
1157,CMPT    ,428,METRO     ,40,20,Harriet Chicoine                                                                                                                                                                                                                                          ,SEC
1177,CMPT    ,428,OFF       ,50,0,Harriet Chicoine                                                                                                                                                                                                                                          ,SEC
1124,CMPT    ,898,BURNABY   ,130,69,. Faculty                                                                                                                                                                                                                                                 ,SEC
1147,CMPT    ,898,BURNABY   ,130,71,. Faculty                                                                                                                                                                                                                                                 ,SEC
1171,CMPT    ,898,OFF       ,0,1,. Faculty                                                                                                                                                                                                                                                 ,SEC
1084,MATH    ,470,BURNABY   ,32,0,<null>,LEC
1084,MATH    ,470,BURNABY   ,32,0,<null>,LEC
1121,CMPT    ,128,SURREY    ,0,0,<null>,LAB
1107,CMPT    ,128,BURNABY   ,0,0,<null>,LAB
1127,ENSC    ,364,SURREY    ,75,64,Kevin Oldknow                                                                                                                                                                                                                                             ,LEC
1134,ENSC    ,220,BURNABY   ,39,39,Meenakshinathan Parameswaran                                                                                                                                                                                                                              ,LAB
1161,ENSC    ,195,BURNABY   ,30,54,Harriet Chicoine                                                                                                                                                                                                                                          ,SEC
1157,ENSC    ,195,OFF       ,25,9,Harriet Chicoine                                                                                                                                                                                                                                          ,SEC
1137,CMPT    ,894,BURNABY   ,0,3,. Faculty                                                                                                                                                                                                                                                 ,SEC
1154,CMPT    ,894,BURNABY   ,5,17,. Faculty                                                                                                                                                                                                                                                 ,SEC
1094,CMPT    ,825,BURNABY   ,20,12,Frederick Popowich                                                                                                                                                                                                                                        ,LEC
1167,MSE     ,3XX       ,BURNABY   ,1,1,<null>,LEC
1174,ENSC    ,406,BURNABY   ,18,0,Balbir Gill                                                                                                                                                                                                                                               ,TUT
1171,ENSC    ,396,BURNABY   ,20,3,Harriet Chicoine                                                                                                                                                                                                                                          ,SEC
1177,ENSC    ,396,OFF       ,15,0,Harriet Chicoine                                                                                                                                                                                                                                          ,SEC
1097,ENSC    ,854,BURNABY   ,30,31,Meenakshinathan Parameswaran                                                                                                                                                                                                                              ,LEC
1147,ENSC    ,802,BURNABY   ,50,9,Daniel Lee                                                                                                                                                                                                                                                ,LEC
1151,ENSC    ,495,BURNABY   ,7,6,Glenn Chapman                                                                                                                                                                                                                                             ,LAB
1094,ENSC    ,494,BURNABY   ,10,5,. Faculty                                                                                                                                                                                                                                                 ,SEC
1161,ENSC    ,195,OFF       ,30,21,Harriet Chicoine                                                                                                                                                                                                                                          ,SEC
1147,ENSC    ,351,BURNABY   ,44,39,Fabio Campi                                                                                                                                                                                                                                               ,LAB
1144,ENSC    ,383,BURNABY   ,100,101,Mirza Beg                                                                                                                                                                                                                                                 ,TUT
1181,ENSC    ,296,METRO     ,20,5,Harriet Chicoine                                                                                                                                                                                                                                          ,SEC
1167,ENSC    ,264,BURNABY   ,1,1,Lakshman One                                                                                                                                                                                                                                              ,LAB
1144,ENSC    ,220,BURNABY   ,99,89,Balbir Gill                                                                                                                                                                                                                                               ,TUT
1147,ENSC    ,220,BURNABY   ,50,33,Ljiljana Trajkovic                                                                                                                                                                                                                                        ,LAB
1081,ENSC    ,483,BURNABY   ,50,48,Mehrdad Saif                                                                                                                                                                                                                                              ,LEC
1114,ENSC    ,893,SURREY    ,0,0,<null>,LEC
1147,MATH    ,125,BURNABY   ,25,0,<null>,TUT
1091,IAT     ,235,SURREY    ,24,0,<null>,STL
1091,IAT     ,235,SURREY    ,23,0,<null>,STL
1167,MATH    ,345,BURNABY   ,32,0,<null>,TUT
1091,CMNS    ,304W      ,BURNABY   ,0,0,<null>,TUT
1101,ENSC    ,376,BURNABY   ,0,0,<null>,OPL
1127,ENSC    ,897,BURNABY   ,5,1,. Faculty                                                                                                                                                                                                                                                 ,SEC
1097,ENSC    ,892,BURNABY   ,30,2,. Faculty                                                                                                                                                                                                                                                 ,SEC
1114,ENSC    ,892,BURNABY   ,6,4,. Faculty                                                                                                                                                                                                                                                 ,SEC
1084,ENSC    ,899,BURNABY   ,50,46,. Faculty                                                                                                                                                                                                                                                 ,SEC
1107,ENSC    ,899,BURNABY   ,100,86,. Faculty                                                                                                                                                                                                                                                 ,SEC
1087,ENSC    ,893,SURREY    ,15,0,<null>,LEC
1097,MATH    ,345,BURNABY   ,32,0,<null>,TUT
1081,KIN     ,142,SURREY    ,45,44,Vineet Johnson                                                                                                                                                                                                                                            ,LEC
1091,KIN     ,340,BURNABY   ,60,61,Stephen Brown                                                                                                                                                                                                                                             ,LEC
1121,MATH    ,462,BURNABY   ,20,10,Mary Catherine Kropinski                                                                                                                                                                                                                                  ,LEC
1091,MACM    ,101,BURNABY   ,33,29,Andrei Bulatov                                                                                                                                                                                                                                            ,TUT
1151,MATH    ,440,BURNABY   ,13,13,Nathan Ilten                                                                                                                                                                                                                                              ,LEC
1121,ENSC    ,462,BURNABY   ,10,0,<null>,LEC
1154,MACM    ,101,BURNABY   ,75,68,Anthony Dixon                                                                                                                                                                                                                                             ,SEC
1134,MATH    ,155,BURNABY   ,140,130,Mahdad Khatirinejad                                                                                                                                                                                                                                       ,LEC
1161,MATH    ,155,BURNABY   ,440,376,Luis Goddyn                                                                                                                                                                                                                                               ,LEC
1171,MATH    ,155,BURNABY   ,440,384,Jeremy Chiu                                                                                                                                                                                                                                               ,LEC
1161,MATH    ,155,SURREY    ,200,95,Natalia Kouzniak                                                                                                                                                                                                                                          ,LEC
1081,MACM    ,101,SURREY    ,96,65,Habil Zare                                                                                                                                                                                                                                                ,LEC
1157,MACM    ,101,BURNABY   ,25,25,Andrei Bulatov                                                                                                                                                                                                                                            ,TUT
1131,MACM    ,101,BURNABY   ,25,22,Bradley Bart                                                                                                                                                                                                                                              ,TUT
1147,MACM    ,101,BURNABY   ,24,23,Andrei Bulatov                                                                                                                                                                                                                                            ,TUT
1097,MATH    ,437,BURNABY   ,20,1,Faye Stefan                                                                                                                                                                                                                                               ,SEC
1131,MACM    ,101,BURNABY   ,25,23,Bradley Bart                                                                                                                                                                                                                                              ,TUT
1107,MACM    ,101,BURNABY   ,24,25,Evgenia Ternovska                                                                                                                                                                                                                                         ,LAB
1121,MACM    ,101,SURREY    ,24,21,Kay Wiese                                                                                                                                                                                                                                                 ,TUT
1107,MACM    ,101,BURNABY   ,24,26,Evgenia Ternovska                                                                                                                                                                                                                                         ,LAB
1121,MACM    ,101,SURREY    ,24,22,Kay Wiese                                                                                                                                                                                                                                                 ,TUT
1107,MACM    ,101,BURNABY   ,24,24,Evgenia Ternovska                                                                                                                                                                                                                                         ,LAB
1107,MACM    ,101,SURREY    ,25,25,Kay Wiese                                                                                                                                                                                                                                                 ,LAB
1101,MATH    ,157,BURNABY   ,335,299,Jonathan Jedwab                                                                                                                                                                                                                                           ,LEC
1167,MATH    ,100,BURNABY   ,331,291,Veselin Jungic                                                                                                                                                                                                                                            ,LEC
1177,MATH    ,100,BURNABY   ,300,250,Veselin Jungic                                                                                                                                                                                                                                            ,LEC
1151,MATH    ,100,BURNABY   ,254,176,Fiachra Knox                                                                                                                                                                                                                                              ,LEC
1141,MATH    ,100,SURREY    ,70,68,Pooja Pandey                                                                                                                                                                                                                                              ,LEC
1151,MATH    ,100,SURREY    ,90,61,Pooja Pandey                                                                                                                                                                                                                                              ,LEC
1157,MATH    ,232,BURNABY   ,330,291,Ladislav Stacho                                                                                                                                                                                                                                           ,LEC
1157,MATH    ,309,BURNABY   ,64,48,Paul Tupper                                                                                                                                                                                                                                               ,LEC
1161,MATH    ,158,BURNABY   ,326,197,Luis Goddyn                                                                                                                                                                                                                                               ,LEC
1174,MATH    ,342,BURNABY   ,133,90,Matthew DeVos                                                                                                                                                                                                                                             ,LEC
1091,MATH    ,337,BURNABY   ,20,1,Faye Stefan                                                                                                                                                                                                                                               ,SEC
1104,MATH    ,890,BURNABY   ,6,0,Faye Stefan                                                                                                                                                                                                                                               ,SEC
1134,MATH    ,337,BURNABY   ,20,4,Stuart Billings                                                                                                                                                                                                                                           ,SEC
1157,MATH    ,337,BURNABY   ,20,0,Stuart Billings                                                                                                                                                                                                                                           ,SEC
1181,MATH    ,337,BURNABY   ,20,4,Stuart Billings                                                                                                                                                                                                                                           ,SEC
1177,MATH    ,890,BURNABY   ,20,1,Stuart Billings                                                                                                                                                                                                                                           ,SEC
1157,MATH    ,337,OFF       ,20,0,Stuart Billings                                                                                                                                                                                                                                           ,SEC
1141,MATH    ,497,BURNABY   ,1,0,Marni Mishna                                                                                                                                                                                                                                              ,SEC
1094,MATH    ,436,BURNABY   ,20,1,Faye Stefan                                                                                                                                                                                                                                               ,SEC
1107,MATH    ,436,BURNABY   ,20,0,Faye Stefan                                                                                                                                                                                                                                               ,SEC
1151,ENSC    ,850,BURNABY   ,10,0,<null>,SEC
1121,CMPT    ,150,HRBRCNTR  ,25,0,<null>,LAB
1094,CMNS    ,240,BURNABY   ,0,0,<null>,TUT
1084,CMNS    ,342,HRBRCNTR  ,28,19,<null>,TUT
1137,ENSC    ,204,BURNABY   ,1,0,<null>,SEC
1087,ENSC    ,325,BURNABY   ,25,0,<null>,TUT
1091,ENSC    ,263,SURREY    ,24,0,<null>,LAB
1174,MSE     ,311,SURREY    ,60,0,<null>,LAB
1164,CMPT    ,127,BURNABY   ,32,0,<null>,LAB
1081,IAT     ,267,SURREY    ,24,0,<null>,WKS
1117,MACM    ,101,SURREY    ,24,24,Binay Bhattacharya                                                                                                                                                                                                                                        ,TUT
1181,MACM    ,101,BURNABY   ,24,24,Binay Bhattacharya                                                                                                                                                                                                                                        ,TUT
1167,MATH    ,322,BURNABY   ,40,29,David Muraki                                                                                                                                                                                                                                              ,TUT
1174,MATH    ,436,OFF       ,20,0,Stuart Billings                                                                                                                                                                                                                                           ,SEC
1091,MATH    ,895,BURNABY   ,6,3,Tom Archibald                                                                                                                                                                                                                                             ,SEC
1081,KIN     ,496,BURNABY   ,10,8,<null>,SEC
1131,MATH    ,155,SURREY    ,60,0,<null>,OPL
1097,MATH    ,157,SURREY    ,200,0,<null>,OPL
1081,KIN     ,898,BURNABY   ,30,18,<null>,SEC
1087,ENSC    ,195,OFF       ,50,0,<null>,SEC
1091,ENSC    ,263,SURREY    ,0,0,<null>,OPL
1127,ENSC    ,195,BURNABY   ,35,36,<null>,SEC
1091,ENSC    ,380,SURREY    ,0,0,<null>,OPL
1111,ENSC    ,296,SURREY    ,20,5,<null>,SEC
1111,ENSC    ,195,OFF       ,15,10,<null>,SEC
1097,ENSC    ,194,OFF       ,10,0,<null>,SEC
1084,KIN     ,110,BURNABY   ,15,15,<null>,TUT
1151,ENSC    ,320,BURNABY   ,100,0,<null>,LEC
1091,IAT     ,351,SURREY    ,24,0,<null>,LAB
1081,KIN     ,105,BURNABY   ,100,97,Ryan Dill                                                                                                                                                                                                                                                 ,SEC
1107,ENSC    ,489,BURNABY   ,1,0,<null>,OPL
1084,WKTM    ,400,SURREY    ,50,9,"Frances McLafferty, Navinder Chima                                                                                                                                                                                                                        ",SEC
1084,KIN     ,499,BURNABY   ,3,2,<null>,SEC
1087,MATH    ,308,BURNABY   ,32,0,<null>,TUT
1154,MATH    ,100,BURNABY   ,60,0,<null>,OPL
1141,ENSC    ,406,BURNABY   ,18,18,<null>,TUT
1127,ENSC    ,195,SURREY    ,25,6,<null>,SEC
1101,ENSC    ,195,OFF       ,20,0,<null>,SEC
1097,ENSC    ,100,BURNABY   ,4,3,<null>,RQL
1114,ENSC    ,194,BURNABY   ,5,1,<null>,SEC
1147,ENSC    ,897,BURNABY   ,5,2,<null>,SEC
1157,ENSC    ,897,BURNABY   ,15,1,<null>,SEC
1111,ENSC    ,396,BURNABY   ,5,0,<null>,SEC
1177,ENSC    ,899,OFF       ,20,1,<null>,SEC
1161,ENSC    ,897,BURNABY   ,45,2,<null>,SEC
1101,ENSC    ,396,SURREY    ,30,0,<null>,SEC
1101,ENSC    ,396,OFF       ,30,0,<null>,SEC
1087,KIN     ,110,BURNABY   ,18,18,<null>,TUT
1087,KIN     ,142,BURNABY   ,19,19,<null>,LAB
1141,MATH    ,100,BURNABY   ,60,0,<null>,OPL
1151,MATH    ,100,BURNABY   ,60,0,<null>,OPL
1151,MATH    ,100,SURREY    ,90,0,<null>,OPL
1181,MATH    ,155,BURNABY   ,60,0,<null>,OPL
1134,MACM    ,101,BURNABY   ,24,19,Steven Pearce                                                                                                                                                                                                                                             ,TUT
1117,MACM    ,101,BURNABY   ,24,24,Andrei Bulatov                                                                                                                                                                                                                                            ,TUT
1177,MATH    ,337,OFF       ,20,0,Stuart Billings                                                                                                                                                                                                                                           ,SEC
1171,MATH    ,895,BURNABY   ,6,0,. Faculty                                                                                                                                                                                                                                                 ,SEC
1087,CMNS    ,354,HRBRCNTR  ,0,0,<null>,LAB
1114,MATH    ,157,BURNABY   ,0,0,<null>,OPL
1111,MACM    ,101,BURNABY   ,0,0,<null>,LAB
1091,CMNS    ,353,HRBRCNTR  ,15,17,<null>,LAB
1087,CMNS    ,324,BURNABY   ,18,19,<null>,TUT
1084,KIN     ,498,BURNABY   ,5,2,<null>,SEC
1097,ENSC    ,450,BURNABY   ,50,0,<null>,OPL
1127,ENSC    ,899,OFF       ,20,1,<null>,SEC
1124,ENSC    ,396,OFF       ,10,0,<null>,SEC
1154,MATH    ,342,BURNABY   ,40,38,<null>,TUT
1154,ENSC    ,254,BURNABY   ,40,11,Fabio Campi                                                                                                                                                                                                                                               ,LAB
1164,ENSC    ,252,BURNABY   ,40,0,Lakshman One                                                                                                                                                                                                                                              ,LAB
1164,MSE     ,353,SURREY    ,32,31,Jiacheng Wang                                                                                                                                                                                                                                             ,LAB
1141,ENSC    ,494,BURNABY   ,10,0,<null>,SEC
1174,ENSC    ,892,BURNABY   ,40,0,<null>,SEC
1141,ENSC    ,406,BURNABY   ,18,18,<null>,TUT
1097,ENSC    ,325,BURNABY   ,27,26,<null>,TUT
1131,ENSC    ,351,BURNABY   ,22,21,<null>,TUT
1087,ENSC    ,488,BURNABY   ,50,0,<null>,OPL
1121,ENSC    ,150,BURNABY   ,40,39,<null>,TUT
1101,ENSC    ,263,SURREY    ,35,34,<null>,LAB
1111,ENSC    ,396,OFF       ,10,0,<null>,SEC
1101,ENSC    ,296,BURNABY   ,2,2,<null>,SEC
1091,ENSC    ,380,SURREY    ,36,38,<null>,TUT
1164,MSE     ,722,SURREY    ,3,0,Erik Kjeang                                                                                                                                                                                                                                               ,LAB
1181,MSE     ,450,SURREY    ,82,66,Jiacheng Wang                                                                                                                                                                                                                                             ,LEC
1181,MSE     ,280,SURREY    ,50,45,Amr Marzouk                                                                                                                                                                                                                                               ,LAB
1147,MSE     ,310,SURREY    ,120,102,Edward Park                                                                                                                                                                                                                                               ,LEC
1171,MSE     ,101W      ,SURREY    ,120,77,Maureen Hindy                                                                                                                                                                                                                                             ,TUT
1137,MSE     ,110,SURREY    ,30,21,Amr Marzouk                                                                                                                                                                                                                                               ,LEC
1087,KIN     ,142,SURREY    ,19,19,<null>,LAB
1081,KIN     ,110,BURNABY   ,18,16,<null>,TUT
1087,KIN     ,142,BURNABY   ,19,19,<null>,LAB
1094,KIN     ,444,BURNABY   ,15,13,<null>,LAB
1167,ENSC    ,801,BURNABY   ,30,0,<null>,LEC
1157,MATH    ,877,BURNABY   ,5,0,<null>,SEC
1157,MATH    ,899,BURNABY   ,35,19,<null>,SEC
1134,ENSC    ,296,OFF       ,10,2,<null>,SEC
1144,MATH    ,895,BURNABY   ,6,0,<null>,SEC
1167,ENSC    ,477,BURNABY   ,34,25,"Marinko Sarunic, Teresa Cheung                                                                                                                                                                                                                            ",TUT
1174,MSE     ,922,SURREY    ,0,0,Farid Golnaraghi                                                                                                                                                                                                                                          ,OPL
1171,CMPT    ,295,BURNABY   ,26,26,Bradley Bart                                                                                                                                                                                                                                              ,LAB
1174,ENSC    ,702,OFF       ,10,0,Harriet Chicoine                                                                                                                                                                                                                                          ,PRA
1177,ENSC    ,251,BURNABY   ,48,0,Herbert Tsang                                                                                                                                                                                                                                             ,LAB
1114,MATH    ,436,BURNABY   ,20,3,<null>,SEC
1157,ENSC    ,252,BURNABY   ,19,17,Lakshman One                                                                                                                                                                                                                                              ,LAB
1154,ENSC    ,254,BURNABY   ,40,0,Fabio Campi                                                                                                                                                                                                                                               ,LAB
1131,MATH    ,158,BURNABY   ,60,0,<null>,OPL
1127,MATH    ,895,BURNABY   ,6,0,<null>,SEC
1154,MATH    ,895,BURNABY   ,6,0,<null>,SEC
1124,ENSC    ,296,SURREY    ,50,0,<null>,SEC
1154,MATH    ,895,BURNABY   ,6,0,<null>,SEC
1107,MATH    ,322,BURNABY   ,32,23,<null>,TUT
1124,ENSC    ,195,OFF       ,15,9,<null>,SEC
1164,CMPT    ,295,BURNABY   ,104,73,Anthony Dixon                                                                                                                                                                                                                                             ,LEC
1171,CMPT    ,295,BURNABY   ,26,23,Bradley Bart                                                                                                                                                                                                                                              ,LAB
1171,CMPT    ,295,BURNABY   ,7,0,Bradley Bart                                                                                                                                                                                                                                              ,LAB
1174,ENSC    ,703,BURNABY   ,10,0,Harriet Chicoine                                                                                                                                                                                                                                          ,PRA
1157,ENSC    ,385,BURNABY   ,60,27,Carlo Menon                                                                                                                                                                                                                                               ,LEC
1177,ENSC    ,385,BURNABY   ,60,47,Nimal Rajapakse                                                                                                                                                                                                                                           ,RQL
1181,CMPT    ,295,BURNABY   ,26,26,Bradley Bart                                                                                                                                                                                                                                              ,LAB
1161,MSE     ,750,SURREY    ,6,8,Jiacheng Wang                                                                                                                                                                                                                                             ,LEC
1157,ENSC    ,120,BURNABY   ,34,34,Meenakshinathan Parameswaran                                                                                                                                                                                                                              ,LAB
1157,ENSC    ,120,BURNABY   ,34,34,Meenakshinathan Parameswaran                                                                                                                                                                                                                              ,LAB
1147,ENSC    ,120,BURNABY   ,30,33,Meenakshinathan Parameswaran                                                                                                                                                                                                                              ,LAB
1137,MSE     ,250,SURREY    ,36,0,Ahmad Rad                                                                                                                                                                                                                                                 ,LAB
1157,MSE     ,892,SURREY    ,20,0,. TBD                                                                                                                                                                                                                                                     ,SEC
1137,MSE     ,486,SURREY    ,5,2,Kevin Oldknow                                                                                                                                                                                                                                             ,SEM
1154,MSE     ,486,SURREY    ,6,3,Kevin Oldknow                                                                                                                                                                                                                                             ,SEM
1157,MSE     ,220,SURREY    ,36,36,Woo Soo Kim                                                                                                                                                                                                                                               ,LAB
1157,MSE     ,220,SURREY    ,43,43,Woo Soo Kim                                                                                                                                                                                                                                               ,LAB
1154,MSE     ,110,SURREY    ,30,28,Amr Marzouk                                                                                                                                                                                                                                               ,LEC
1141,MSE     ,110,SURREY    ,30,30,Amr Marzouk                                                                                                                                                                                                                                               ,TUT
1157,MSE     ,110,SURREY    ,30,0,. TBD                                                                                                                                                                                                                                                     ,LAB
1177,MSE     ,294,METRO     ,10,3,Stephanie DeRapp                                                                                                                                                                                                                                          ,SEC
1127,CMPT    ,130,SURREY    ,26,26,Brian Fraser                                                                                                                                                                                                                                              ,LAB
1137,CMPT    ,130,SURREY    ,26,26,Brian Fraser                                                                                                                                                                                                                                              ,LAB
1141,MSE     ,490,SURREY    ,40,27,Ahmad Rad                                                                                                                                                                                                                                                 ,LAB
1134,MSE     ,490,SURREY    ,50,0,Carolyn Sparrey                                                                                                                                                                                                                                           ,OPL
1107,CMPT    ,105W      ,SURREY    ,32,29,Harinder Khangura                                                                                                                                                                                                                                         ,LEC
1157,CMPT    ,106,SURREY    ,52,52,Harinder Khangura                                                                                                                                                                                                                                         ,LEC
1097,ENSC    ,387,BURNABY   ,50,0,<null>,OPL
1167,ENSC    ,254,BURNABY   ,0,0,William Scratchley                                                                                                                                                                                                                                        ,LAB
1174,MSE     ,353,SURREY    ,25,15,Jiacheng Wang                                                                                                                                                                                                                                             ,LAB
1174,MSE     ,711,SURREY    ,10,5,Behraad Bahreyni                                                                                                                                                                                                                                          ,LEC
1141,MSE     ,280,SURREY    ,120,121,Amr Marzouk                                                                                                                                                                                                                                               ,LEC
1151,MSE     ,280,SURREY    ,130,94,Siamak Arzanpour                                                                                                                                                                                                                                          ,LEC
1144,CMPT    ,628,VAN       ,5,0,Harriet Chicoine                                                                                                                                                                                                                                          ,PRA
1154,CMPT    ,166,SURREY    ,26,25,Toby Donaldson                                                                                                                                                                                                                                            ,LAB
1151,CMPT    ,166,SURREY    ,15,12,Toby Donaldson                                                                                                                                                                                                                                            ,LAB
1111,MATH    ,302,BURNABY   ,64,52,Jamie Mulholland                                                                                                                                                                                                                                          ,LEC
1131,CMPT    ,404,BURNABY   ,48,44,Andrei Bulatov                                                                                                                                                                                                                                            ,LEC
1164,MSE     ,711,SURREY    ,1,1,Mohammad Amin Rasouli                                                                                                                                                                                                                                     ,LAB
1171,MSE     ,782,SURREY    ,2,1,Mehrdad Moallem                                                                                                                                                                                                                                           ,LAB
1164,MSE     ,722,SURREY    ,3,0,Erik Kjeang                                                                                                                                                                                                                                               ,LAB
1137,ENSC    ,387,BURNABY   ,50,0,<null>,OPL
1081,IAT     ,404,SURREY    ,30,24,"Helmine Serban, Yingchen Yang                                                                                                                                                                                                                             ",WKS
1091,IAT     ,404,SURREY    ,74,4,"Kenneth Zupan, Thecla Schiphorst, Yingchen Yang                                                                                                                                                                                                           ",STL
1127,DDP     ,310,OFF       ,30,6,Qianping Gu                                                                                                                                                                                                                                               ,SEC
1087,ENSC    ,387,BURNABY   ,50,0,<null>,OPL
1091,TECH    ,106,SURREY    ,24,19,Belgacem Ben Youssef                                                                                                                                                                                                                                      ,LEC
1121,ENSC    ,451,SURREY    ,66,37,Mehrdad Moallem                                                                                                                                                                                                                                           ,LEC
1164,CMPT    ,165,SURREY    ,24,0,<null>,LAB
1164,CMPT    ,165,SURREY    ,24,0,<null>,LAB
1181,MSE     ,102,SURREY    ,80,78,Bruce Fingarson                                                                                                                                                                                                                                           ,LEC
1137,MSE     ,250,SURREY    ,50,37,Ahmad Rad                                                                                                                                                                                                                                                 ,LAB
1171,MSE     ,280,SURREY    ,60,60,Mohammad Narimani                                                                                                                                                                                                                                         ,LAB
1161,MSE     ,450,SURREY    ,96,101,Jiacheng Wang                                                                                                                                                                                                                                             ,LEC
1177,MSE     ,310,SURREY    ,54,30,Mohammad Narimani                                                                                                                                                                                                                                         ,LAB
1167,MSE     ,310,SURREY    ,20,0,Shaghayegh Zihajehzadeh                                                                                                                                                                                                                                   ,LAB
1137,MSE     ,110,SURREY    ,30,29,Amr Marzouk                                                                                                                                                                                                                                               ,LEC
1141,MSE     ,110,SURREY    ,30,28,Amr Marzouk                                                                                                                                                                                                                                               ,TUT
1151,MSE     ,110,SURREY    ,30,30,Amr Marzouk                                                                                                                                                                                                                                               ,TUT
1144,MSE     ,110,SURREY    ,30,30,Amr Marzouk                                                                                                                                                                                                                                               ,TUT
1151,MSE     ,251,SURREY    ,44,44,Behraad Bahreyni                                                                                                                                                                                                                                          ,LAB
1124,ENSC    ,384,SURREY    ,100,57,"Farid Golnaraghi, Krishna Vijayaraghavan, Mehrdad Moallem, Siamak Arzanpour                                                                                                                                                                               ",TUT
1081,REM     ,100,SURREY    ,18,11,<null>,TUT
1091,ENSC    ,897,BURNABY   ,45,2,<null>,SEC
1127,ENSC    ,351,BURNABY   ,60,0,<null>,OPL
1124,MATH    ,150,BURNABY   ,35,25,"Jamie Mulholland, Veselin Jungic                                                                                                                                                                                                                          ",SEC
1111,MATH    ,150,BURNABY   ,200,170,Veselin Jungic                                                                                                                                                                                                                                            ,LEC
1121,ENSC    ,402,BURNABY   ,2,0,<null>,SEC
1101,CMPT    ,125,SURREY    ,24,14,Toby Donaldson                                                                                                                                                                                                                                            ,LAB
1104,CMPT    ,125,SURREY    ,48,35,Toby Donaldson                                                                                                                                                                                                                                            ,LEC
1114,ENSC    ,460,SURREY    ,40,31,". Faculty, Carolyn Sparrey                                                                                                                                                                                                                                ",LEC
1144,MATH    ,879,BURNABY   ,6,0,<null>,SEC
1081,ENSC    ,894,BURNABY   ,9,7,Glenn Chapman                                                                                                                                                                                                                                             ,LEC
1181,ENSC    ,894,BURNABY   ,10,7,Shahram Payandeh                                                                                                                                                                                                                                          ,LEC
1097,CMPT    ,711,BURNABY   ,20,11,Suleyman Sahinalp                                                                                                                                                                                                                                         ,LEC
1167,CMPT    ,711,BURNABY   ,20,15,Leonid Chindelevitch                                                                                                                                                                                                                                      ,LEC
1164,CMPT    ,276,HRBRCNTR  ,75,75,Bobby Chan                                                                                                                                                                                                                                                ,LEC
1181,CMPT    ,473,SURREY    ,65,43,William Sumner                                                                                                                                                                                                                                            ,LEC
1157,CMPT    ,373,SURREY    ,24,24,William Sumner                                                                                                                                                                                                                                            ,TUT
1081,IAT     ,102,SURREY    ,23,24,. TBD                                                                                                                                                                                                                                                     ,TUT
1091,IAT     ,102,SURREY    ,24,25,Angela Tomizu                                                                                                                                                                                                                                             ,STL
1181,MATH    ,341,BURNABY   ,32,12,Jonathan Jedwab                                                                                                                                                                                                                                           ,LEC
1121,ENSC    ,461,SURREY    ,38,39,<null>,LAB
1147,MATH    ,888,SURREY    ,10,0,<null>,SEC
1107,MATH    ,304,BURNABY   ,32,24,<null>,TUT
1174,MSE     ,491,SURREY    ,18,0,<null>,LAB
1171,ENSC    ,350,BURNABY   ,45,0,<null>,RQL
1124,ENSC    ,442W      ,SURREY    ,16,0,<null>,LAB
1087,CMNS    ,200,HRBRCNTR  ,36,35,Terry Neiman                                                                                                                                                                                                                                              ,LEC
1157,CMPT    ,441,BURNABY   ,30,18,Leonid Chindelevitch                                                                                                                                                                                                                                      ,LEC
1137,CMPT    ,741,BURNABY   ,43,38,Jian Pei                                                                                                                                                                                                                                                  ,LEC
1087,CMPT    ,125,BURNABY   ,57,54,Diana Cukierman                                                                                                                                                                                                                                           ,LEC
1167,ENSC    ,894,BURNABY   ,3,2,Glenn Chapman                                                                                                                                                                                                                                             ,LAB
1084,CMNS    ,486,BURNABY   ,25,14,Peter Chow-White                                                                                                                                                                                                                                          ,SEM
1147,ENSC    ,100W      ,BURNABY   ,8,8,<null>,TUT
1167,MSE     ,498,SURREY    ,5,0,<null>,SEC
1127,MATH    ,345,BURNABY   ,32,20,<null>,TUT
1121,MACM    ,203,BURNABY   ,18,17,<null>,LAB
1114,ENSC    ,895,SURREY    ,15,6,<null>,TUT
1137,MSE     ,221,SURREY    ,0,0,<null>,LAB
1121,ENSC    ,893,SURREY    ,15,0,<null>,LEC
1141,CMPT    ,105W      ,SURREY    ,27,0,<null>,TUT
1081,ENSC    ,472,BURNABY   ,20,0,<null>,LEC
1081,CMNS    ,260,BURNABY   ,108,97,Amir Hassan Ghaseminejad Tafreshi                                                                                                                                                                                                                         ,LEC
1107,MATH    ,345,BURNABY   ,32,0,<null>,TUT
1091,CMNS    ,483,BURNABY   ,15,5,. Faculty                                                                                                                                                                                                                                                 ,SEC
1114,MATH    ,879,BURNABY   ,6,0,<null>,SEC
1151,MSE     ,110,SURREY    ,30,10,Amr Marzouk                                                                                                                                                                                                                                               ,TUT
1174,MSE     ,110,SURREY    ,20,0,Amr Marzouk                                                                                                                                                                                                                                               ,LAB
1127,CMPT    ,130,SURREY    ,26,26,Brian Fraser                                                                                                                                                                                                                                              ,LAB
1147,MSE     ,394,SURREY    ,10,4,Stephanie DeRapp                                                                                                                                                                                                                                          ,SEC
1157,MSE     ,394,SURREY    ,10,7,"Harriet Chicoine, Stephanie DeRapp                                                                                                                                                                                                                        ",SEC
1174,CMPT    ,628,OFF       ,1,0,Harriet Chicoine                                                                                                                                                                                                                                          ,PRA
1177,CMPT    ,166,SURREY    ,120,101,Karol Swietlicki                                                                                                                                                                                                                                          ,LEC
1171,CMPT    ,135,SURREY    ,72,61,Toby Donaldson                                                                                                                                                                                                                                            ,LEC
1131,ENSC    ,436,SURREY    ,38,32,Siamak Arzanpour                                                                                                                                                                                                                                          ,LEC
1124,CMPT    ,627,OFF       ,30,0,Cristina Eftenaru                                                                                                                                                                                                                                         ,PRA
1124,ENSC    ,894,SURREY    ,8,8,Martin Ordonez                                                                                                                                                                                                                                            ,LEC
1157,MSE     ,320,SURREY    ,0,0,<null>,OPL
1107,MATH    ,304,BURNABY   ,32,31,<null>,TUT
1141,MATH    ,808,SURREY    ,25,0,<null>,LEC
1141,MATH    ,808,SURREY    ,25,0,<null>,LEC
1081,CMNS    ,473,HRBRCNTR  ,60,57,"Anne Ahmad, Janet Russell                                                                                                                                                                                                                                 ",LEC
1101,MATH    ,380W      ,BURNABY   ,22,22,<null>,TUT
1104,CMPT    ,250,HRBRCNTR  ,30,21,Yaroslav Litus                                                                                                                                                                                                                                            ,LAB
1117,CMPT    ,307,BURNABY   ,85,86,Valentine Kabanets                                                                                                                                                                                                                                        ,LEC
1121,CMPT    ,307,BURNABY   ,85,80,Valentine Kabanets                                                                                                                                                                                                                                        ,LEC
1131,CMPT    ,307,BURNABY   ,100,96,Valentine Kabanets                                                                                                                                                                                                                                        ,LEC
1097,CMPT    ,250,BURNABY   ,26,24,Anthony Dixon                                                                                                                                                                                                                                             ,LAB
1097,CMPT    ,250,BURNABY   ,26,25,Anthony Dixon                                                                                                                                                                                                                                             ,LAB
1081,CMPT    ,379,SURREY    ,24,7,Dirk Beyer                                                                                                                                                                                                                                                ,LEC
1154,MATH    ,888,SURREY    ,10,0,<null>,SEC
1131,CMPT    ,165,BURNABY   ,26,26,Anne Lavergne                                                                                                                                                                                                                                             ,LAB
1134,CMPT    ,165,BURNABY   ,26,26,Anne Lavergne                                                                                                                                                                                                                                             ,LAB
1151,CMPT    ,165,BURNABY   ,75,70,". Faculty, Stephen Makonin                                                                                                                                                                                                                                ",SEC
1107,CMPT    ,165,BURNABY   ,26,26,Anne Lavergne                                                                                                                                                                                                                                             ,LAB
1124,CMPT    ,165,SURREY    ,25,23,Brian Fraser                                                                                                                                                                                                                                              ,LAB
1094,CMPT    ,165,SURREY    ,20,18,Colin Stewart                                                                                                                                                                                                                                             ,LAB
1157,CMPT    ,354,SURREY    ,97,96,John Edgar                                                                                                                                                                                                                                                ,LEC
1147,CMPT    ,308,BURNABY   ,50,46,Valentine Kabanets                                                                                                                                                                                                                                        ,LEC
1101,CMPT    ,250,BURNABY   ,26,21,Anthony Dixon                                                                                                                                                                                                                                             ,LAB
1131,ENSC    ,895,SURREY    ,15,0,<null>,LEC
1087,CMPT    ,250,BURNABY   ,140,129,Anthony Dixon                                                                                                                                                                                                                                             ,LEC
1117,CMPT    ,165,BURNABY   ,26,26,Anne Lavergne                                                                                                                                                                                                                                             ,LAB
1131,CMPT    ,165,BURNABY   ,26,26,Anne Lavergne                                                                                                                                                                                                                                             ,LAB
1107,CMPT    ,165,SURREY    ,25,24,Brian Fraser                                                                                                                                                                                                                                              ,LAB
1117,CMPT    ,165,SURREY    ,26,26,Tamara Smyth                                                                                                                                                                                                                                              ,LAB
1134,CMPT    ,165,BURNABY   ,26,26,Anne Lavergne                                                                                                                                                                                                                                             ,LAB
1094,CMPT    ,165,SURREY    ,64,53,Colin Stewart                                                                                                                                                                                                                                             ,LEC
1107,CMPT    ,165,SURREY    ,101,93,Brian Fraser                                                                                                                                                                                                                                              ,LEC
1177,CMPT    ,300,BURNABY   ,90,89,Steven Pearce                                                                                                                                                                                                                                             ,LEC
1124,CMPT    ,165,SURREY    ,25,25,Brian Fraser                                                                                                                                                                                                                                              ,LAB
1177,CMPT    ,166,SURREY    ,24,23,Karol Swietlicki                                                                                                                                                                                                                                          ,LAB
1124,CMPT    ,777,BURNABY   ,10,6,Evgenia Ternovska                                                                                                                                                                                                                                         ,LEC
1147,CMPT    ,777,BURNABY   ,7,5,Evgenia Ternovska                                                                                                                                                                                                                                         ,LEC
1081,IAT     ,102,SURREY    ,24,24,. TBD                                                                                                                                                                                                                                                     ,TUT
1107,CMPT    ,467,BURNABY   ,15,10,Torsten Moller                                                                                                                                                                                                                                            ,LEC
1127,MATH    ,340,BURNABY   ,96,57,Nils Bruin                                                                                                                                                                                                                                                ,LEC
1137,MATH    ,340,BURNABY   ,64,51,Nils Bruin                                                                                                                                                                                                                                                ,LEC
1087,IAT     ,334,SURREY    ,96,92,Victoria Moulder                                                                                                                                                                                                                                          ,LEC
1087,IAT     ,432,SURREY    ,24,20,Alissa Antle                                                                                                                                                                                                                                              ,LAB
1161,ENSC    ,328,BURNABY   ,3,0,Atousa Hajshirmohammadi                                                                                                                                                                                                                                   ,LAB
1157,CMPT    ,417,BURNABY   ,55,45,David Mitchell                                                                                                                                                                                                                                            ,LEC
1181,CMPT    ,427,METRO     ,75,55,Harriet Chicoine                                                                                                                                                                                                                                          ,SEC
1161,CMPT    ,427,METRO     ,15,8,Harriet Chicoine                                                                                                                                                                                                                                          ,SEC
1167,CMPT    ,415,SURREY    ,10,11,"Arthur Kirkpatrick, Brian Fraser, Steven Pearce                                                                                                                                                                                                           ",SEC
1177,CMPT    ,415,BURNABY   ,2,2,Brian Funt                                                                                                                                                                                                                                                ,SEC
1117,CMPT    ,430,OFF       ,5,4,Cristina Eftenaru                                                                                                                                                                                                                                         ,SEC
1107,CMPT    ,430,OFF       ,1,0,"Frances McLafferty, Navinder Chima                                                                                                                                                                                                                        ",SEC
1124,ENSC    ,895,SURREY    ,15,9,<null>,LAB
1137,CMPT    ,899,BURNABY   ,130,92,. Faculty                                                                                                                                                                                                                                                 ,SEC
1111,ENSC    ,462,SURREY    ,40,27,<null>,LAB
1087,CMNS    ,324,BURNABY   ,18,19,<null>,TUT
1157,ENSC    ,424,BURNABY   ,90,74,Jie Liang                                                                                                                                                                                                                                                 ,LEC
1084,CMPT    ,320,BURNABY   ,70,54,Christopher Bastone                                                                                                                                                                                                                                       ,LEC
1087,CMPT    ,250,BURNABY   ,28,20,Anthony Dixon                                                                                                                                                                                                                                             ,LAB
1124,CMPT    ,427,METRO     ,30,30,Cristina Eftenaru                                                                                                                                                                                                                                         ,SEC
1087,CMPT    ,415,BURNABY   ,2,2,"Alexandra Fedorova, Anoop Sarkar                                                                                                                                                                                                                          ",SEC
1181,CMPT    ,427,OFF       ,25,4,Harriet Chicoine                                                                                                                                                                                                                                          ,SEC
1097,CMPT    ,415,BURNABY   ,6,6,Arthur Kirkpatrick                                                                                                                                                                                                                                        ,SEC
1177,CMPT    ,415,BURNABY   ,2,2,Ryan Shea                                                                                                                                                                                                                                                 ,SEC
1111,CMPT    ,471,SURREY    ,30,28,Mohamed Hefeeda                                                                                                                                                                                                                                           ,LEC
1127,CMPT    ,471,SURREY    ,30,30,Qianping Gu                                                                                                                                                                                                                                               ,LEC
1091,CMNS    ,304W      ,BURNABY   ,14,17,<null>,TUT
1097,MATH    ,345,BURNABY   ,32,17,<null>,TUT
1167,MATH    ,345,BURNABY   ,40,30,<null>,TUT
1164,CMPT    ,430,OFF       ,15,0,Harriet Chicoine                                                                                                                                                                                                                                          ,SEC
1147,CMPT    ,165,SURREY    ,25,22,Harinder Khangura                                                                                                                                                                                                                                         ,LAB
1127,CMPT    ,371,BURNABY   ,76,66,Janice Regan                                                                                                                                                                                                                                              ,LEC
1111,CMPT    ,371,SURREY    ,30,27,Joseph Peters                                                                                                                                                                                                                                             ,LEC
1114,CMPT    ,371,HRBRCNTR  ,75,64,Marjan Marzban                                                                                                                                                                                                                                            ,LEC
1151,CMPT    ,371,HRBRCNTR  ,75,71,Balbir Gill                                                                                                                                                                                                                                               ,LEC
1181,CMPT    ,822,BURNABY   ,25,8,Brian Funt                                                                                                                                                                                                                                                ,LEC
1124,ENSC    ,461,SURREY    ,15,7,<null>,LAB
1117,CMPT    ,461,BURNABY   ,13,11,Torsten Moller                                                                                                                                                                                                                                            ,LEC
1131,CMPT    ,475,BURNABY   ,55,38,Uwe Glaesser                                                                                                                                                                                                                                              ,LEC
1094,CMNS    ,240,BURNABY   ,18,11,<null>,TUT
1117,ENSC    ,201,BURNABY   ,30,6,John Jones                                                                                                                                                                                                                                                ,LEC
1124,MATH    ,882,BURNABY   ,10,1,Tom Archibald                                                                                                                                                                                                                                             ,SEC
1141,ENSC    ,472,BURNABY   ,18,14,Stephen Robinovitch                                                                                                                                                                                                                                       ,LEC
1101,MATH    ,150,SURREY    ,100,22,Gaitri Yapa                                                                                                                                                                                                                                               ,LEC
1101,MATH    ,150,BURNABY   ,150,87,Jamie Mulholland                                                                                                                                                                                                                                          ,LEC
1167,ENSC    ,100W      ,BURNABY   ,9,8,Michael Sjoerdsma                                                                                                                                                                                                                                         ,LAB
1167,ENSC    ,100W      ,BURNABY   ,9,9,Michael Sjoerdsma                                                                                                                                                                                                                                         ,LAB
1177,ENSC    ,100W      ,BURNABY   ,8,8,Michael Sjoerdsma                                                                                                                                                                                                                                         ,LAB
1091,ENSC    ,440W      ,BURNABY   ,60,71,Patrick Leung                                                                                                                                                                                                                                             ,LEC
1161,ENSC    ,440W      ,BURNABY   ,123,114,Andrew Rawicz                                                                                                                                                                                                                                             ,LEC
1081,IAT     ,333,SURREY    ,24,24,Ronald Wakkary                                                                                                                                                                                                                                            ,TUT
1181,ENSC    ,488,BURNABY   ,50,34,Shahram Payandeh                                                                                                                                                                                                                                          ,LEC
1141,ENSC    ,427,BURNABY   ,47,42,Ljiljana Trajkovic                                                                                                                                                                                                                                        ,LEC
1127,ENSC    ,387,SURREY    ,72,63,Edward Park                                                                                                                                                                                                                                               ,LEC
1117,ENSC    ,492,BURNABY   ,5,0,. Faculty                                                                                                                                                                                                                                                 ,SEC
1104,ENSC    ,891,BURNABY   ,40,37,. Faculty                                                                                                                                                                                                                                                 ,SEC
1114,ENSC    ,891,BURNABY   ,20,23,. Faculty                                                                                                                                                                                                                                                 ,SEC
1081,ENSC    ,851,BURNABY   ,3,3,Albert Leung                                                                                                                                                                                                                                              ,LEC
1181,MSE     ,890,SURREY    ,50,29,Mehrdad Moallem                                                                                                                                                                                                                                           ,RSC
1171,CMPT    ,295,BURNABY   ,144,102,Bradley Bart                                                                                                                                                                                                                                              ,LEC
1181,CMPT    ,295,BURNABY   ,182,181,Bradley Bart                                                                                                                                                                                                                                              ,LEC
1164,CMPT    ,430,METRO     ,30,6,Harriet Chicoine                                                                                                                                                                                                                                          ,SEC
1117,ENSC    ,493,BURNABY   ,5,0,. Faculty                                                                                                                                                                                                                                                 ,SEC
1171,ENSC    ,851,BURNABY   ,9,8,Michael Adachi                                                                                                                                                                                                                                            ,LEC
1131,ENSC    ,851,BURNABY   ,6,5,Glenn Chapman                                                                                                                                                                                                                                             ,LAB
1171,MSE     ,110,SURREY    ,24,21,Amr Marzouk                                                                                                                                                                                                                                               ,LAB
1134,MSE     ,110,SURREY    ,30,25,Amr Marzouk                                                                                                                                                                                                                                               ,LAB
1137,MSE     ,294,SURREY    ,10,0,Harriet Chicoine                                                                                                                                                                                                                                          ,SEC
1154,MSE     ,294,SURREY    ,50,7,Stephanie DeRapp                                                                                                                                                                                                                                          ,SEC
1127,CMPT    ,130,SURREY    ,140,133,Brian Fraser                                                                                                                                                                                                                                              ,LEC
1177,CMPT    ,628,OFF       ,25,0,Harriet Chicoine                                                                                                                                                                                                                                          ,PRA
1147,ENSC    ,196,BURNABY   ,25,12,Harriet Chicoine                                                                                                                                                                                                                                          ,SEC
1157,ENSC    ,351,BURNABY   ,106,101,. Sessional                                                                                                                                                                                                                                               ,TUT
1127,ENSC    ,325,BURNABY   ,70,67,Marek Syrzycki                                                                                                                                                                                                                                            ,TUT
1171,ENSC    ,325,BURNABY   ,100,69,Marek Syrzycki                                                                                                                                                                                                                                            ,RQL
1177,ENSC    ,440,BURNABY   ,20,11,Andrew Rawicz                                                                                                                                                                                                                                             ,LEC
1164,ENSC    ,264,BURNABY   ,5,0,Lakshman One                                                                                                                                                                                                                                              ,LAB
1154,ENSC    ,225,BURNABY   ,155,149,Meenakshinathan Parameswaran                                                                                                                                                                                                                              ,TUT
1177,ENSC    ,220,BURNABY   ,55,51,Ljiljana Trajkovic                                                                                                                                                                                                                                        ,LAB
1177,ENSC    ,220,BURNABY   ,50,35,Ljiljana Trajkovic                                                                                                                                                                                                                                        ,LAB
1097,ENSC    ,489,BURNABY   ,70,54,Carlo Menon                                                                                                                                                                                                                                               ,LEC
1084,IAT     ,100,SURREY    ,24,25,Jack Stockholm III                                                                                                                                                                                                                                        ,STL
1091,MATH    ,843,BURNABY   ,15,5,Stephen Choi                                                                                                                                                                                                                                              ,LEC
1087,IAT     ,898,SURREY    ,30,21,. Faculty                                                                                                                                                                                                                                                 ,SEC
1161,CMPT    ,120,BURNABY   ,25,25,Anne Lavergne                                                                                                                                                                                                                                             ,LAB
1174,CMPT    ,120,BURNABY   ,26,26,Anne Lavergne                                                                                                                                                                                                                                             ,LAB
1094,CMPT    ,120,BURNABY   ,26,22,Steven Pearce                                                                                                                                                                                                                                             ,LAB
1174,CMPT    ,120,BURNABY   ,26,25,Anne Lavergne                                                                                                                                                                                                                                             ,LAB
1101,CMPT    ,125,BURNABY   ,25,25,Louis Hafer                                                                                                                                                                                                                                               ,LAB
1101,CMPT    ,120,HRBRCNTR  ,28,30,Diana Cukierman                                                                                                                                                                                                                                           ,LEC
1097,CMPT    ,705,BURNABY   ,37,37,Andrei Bulatov                                                                                                                                                                                                                                            ,LEC
1164,MSE     ,411,SURREY    ,34,0,Flavio Firmani                                                                                                                                                                                                                                            ,OPL
1181,CMPT    ,295,BURNABY   ,26,26,Bradley Bart                                                                                                                                                                                                                                              ,LAB
1171,CMPT    ,295,BURNABY   ,26,19,Bradley Bart                                                                                                                                                                                                                                              ,LAB
1134,MSE     ,893,SURREY    ,5,3,Behraad Bahreyni                                                                                                                                                                                                                                          ,LEC
1174,MSE     ,394,OFF       ,30,2,Stephanie DeRapp                                                                                                                                                                                                                                          ,SEC
1137,MSE     ,493,SURREY    ,35,27,Harriet Chicoine                                                                                                                                                                                                                                          ,SEC
1144,MSE     ,391,SURREY    ,148,139,Jiacheng Wang                                                                                                                                                                                                                                             ,LEC
1137,MSE     ,220,SURREY    ,108,111,Woo Soo Kim                                                                                                                                                                                                                                               ,LEC
1161,MSE     ,193,SURREY    ,10,0,Stephanie DeRapp                                                                                                                                                                                                                                          ,SEC
1181,MSE     ,193,OFF       ,10,0,Stephanie DeRapp                                                                                                                                                                                                                                          ,SEC
1177,CMPT    ,628,OFF       ,25,0,Harriet Chicoine                                                                                                                                                                                                                                          ,PRA
1181,CMPT    ,628,OFF       ,30,0,Harriet Chicoine                                                                                                                                                                                                                                          ,PRA
1177,CMPT    ,166,SURREY    ,24,24,Karol Swietlicki                                                                                                                                                                                                                                          ,LAB
1141,CMPT    ,628,METRO     ,5,1,Harriet Chicoine                                                                                                                                                                                                                                          ,PRA
1151,CMPT    ,628,METRO     ,5,3,Harriet Chicoine                                                                                                                                                                                                                                          ,PRA
1154,ENSC    ,280,BURNABY   ,150,134,Atousa Hajshirmohammadi                                                                                                                                                                                                                                   ,LEC
1111,ENSC    ,105W      ,SURREY    ,72,70,Maureen Hindy                                                                                                                                                                                                                                             ,LEC
1157,ENSC    ,470,BURNABY   ,34,30,Glenn Chapman                                                                                                                                                                                                                                             ,TUT
1167,ENSC    ,470,BURNABY   ,17,16,Glenn Chapman                                                                                                                                                                                                                                             ,LAB
1141,CHIN    ,182,BURNABY   ,25,13,Yujia Jiang                                                                                                                                                                                                                                               ,TUT
1097,ENSC    ,426,BURNABY   ,50,17,Shawn Stapleton                                                                                                                                                                                                                                           ,LEC
1107,ENSC    ,383,BURNABY   ,72,72,Carlo Menon                                                                                                                                                                                                                                               ,LEC
1161,ENSC    ,425,BURNABY   ,36,24,Lakshman One                                                                                                                                                                                                                                              ,TUT
1134,ENSC    ,350,BURNABY   ,48,48,Lakshman One                                                                                                                                                                                                                                              ,LEC
1131,ENSC    ,851,BURNABY   ,6,4,Glenn Chapman                                                                                                                                                                                                                                             ,LAB
1151,ENSC    ,851,BURNABY   ,5,5,Glenn Chapman                                                                                                                                                                                                                                             ,LAB
1084,ENSC    ,499,BURNABY   ,15,0,. Faculty                                                                                                                                                                                                                                                 ,SEC
1094,ENSC    ,499,BURNABY   ,15,5,. Faculty                                                                                                                                                                                                                                                 ,SEC
1161,ENSC    ,495,BURNABY   ,13,9,Glenn Chapman                                                                                                                                                                                                                                             ,LAB
1181,ENSC    ,495,BURNABY   ,4,5,Michael Adachi                                                                                                                                                                                                                                            ,LAB
1147,ENSC    ,460,BURNABY   ,50,14,Marinko Sarunic                                                                                                                                                                                                                                           ,LAB
1181,MSE     ,102,SURREY    ,80,78,Bruce Fingarson                                                                                                                                                                                                                                           ,TUT
1161,MSE     ,480,SURREY    ,94,85,Kevin Oldknow                                                                                                                                                                                                                                             ,LEC
1181,MSE     ,110,SURREY    ,26,21,Mohammad Narimani                                                                                                                                                                                                                                         ,LAB
1137,MSE     ,110,SURREY    ,30,29,Amr Marzouk                                                                                                                                                                                                                                               ,TUT
1144,MSE     ,110,SURREY    ,30,0,Amr Marzouk                                                                                                                                                                                                                                               ,TUT
1141,MSE     ,110,SURREY    ,30,30,Amr Marzouk                                                                                                                                                                                                                                               ,LEC
1171,MSE     ,110,SURREY    ,0,0,Amr Marzouk                                                                                                                                                                                                                                               ,OPL
1141,MSE     ,110,SURREY    ,30,29,Amr Marzouk                                                                                                                                                                                                                                               ,LEC
1181,MSE     ,251,SURREY    ,96,94,Behraad Bahreyni                                                                                                                                                                                                                                          ,TUT
1164,MSE     ,381,SURREY    ,129,108,Mohammad Narimani                                                                                                                                                                                                                                         ,TUT
1141,MSE     ,450,SURREY    ,36,26,Jiacheng Wang                                                                                                                                                                                                                                             ,LAB
1154,MSE     ,381,SURREY    ,40,32,Siamak Arzanpour                                                                                                                                                                                                                                          ,LAB
1131,ENSC    ,351,BURNABY   ,22,22,<null>,TUT
1091,ENSC    ,150,BURNABY   ,53,52,<null>,TUT
1114,ENSC    ,296,BURNABY   ,5,3,<null>,SEC
1104,ENSC    ,396,OFF       ,10,0,<null>,SEC
1157,ENSC    ,892,BURNABY   ,10,3,<null>,SEC
1101,ENSC    ,194,OFF       ,5,0,<null>,SEC
1087,ENSC    ,100,BURNABY   ,1,1,<null>,RQL
1161,ENSC    ,892,OFF       ,10,0,<null>,SEC
1137,ENSC    ,899,OFF       ,20,1,<null>,SEC
1147,ENSC    ,481,BURNABY   ,32,33,<null>,TUT
1091,IAT     ,486,SURREY    ,1,1,Kenneth Zupan                                                                                                                                                                                                                                             ,LEC
1107,MATH    ,190,BURNABY   ,35,22,Justin Gray                                                                                                                                                                                                                                               ,SEC
1097,MATH    ,151,SURREY    ,90,56,Zhaosong Lu                                                                                                                                                                                                                                               ,LEC
1167,MATH    ,151,SURREY    ,102,71,Zhaosong Lu                                                                                                                                                                                                                                               ,LEC
1151,CHIN    ,182,BURNABY   ,25,9,Ping He                                                                                                                                                                                                                                                   ,TUT
1081,TECH    ,106,SURREY    ,12,11,Bernadette Currie                                                                                                                                                                                                                                         ,LAB
1091,TECH    ,106,SURREY    ,24,19,Belgacem Ben Youssef                                                                                                                                                                                                                                      ,LAB
1131,ENSC    ,451,SURREY    ,72,73,Amr Marzouk                                                                                                                                                                                                                                               ,TUT
1087,IAT     ,402,SURREY    ,60,16,". TBD, Kenneth Zupan, Thecla Schiphorst, Yingchen Yang                                                                                                                                                                                                    ",LEC
1091,IAT     ,102,SURREY    ,24,24,Angela Tomizu                                                                                                                                                                                                                                             ,STL
1111,CMPT    ,496,SURREY    ,3,3,"Brian Fraser, John Edgar, Toby Donaldson                                                                                                                                                                                                                  ",SEM
1087,IAT     ,805,SURREY    ,50,29,Linda Bartram                                                                                                                                                                                                                                             ,LEC
1091,IAT     ,337,SURREY    ,24,22,Halil Erhan                                                                                                                                                                                                                                               ,LAB
1101,MATH    ,439,BURNABY   ,20,13,Michael Monagan                                                                                                                                                                                                                                           ,LEC
1107,ENSC    ,493,BURNABY   ,2,0,. Faculty                                                                                                                                                                                                                                                 ,SEC
1164,MSE     ,922,SURREY    ,0,0,Flavio Firmani                                                                                                                                                                                                                                            ,OPL
1164,MSE     ,404,SURREY    ,100,17,Kevin Oldknow                                                                                                                                                                                                                                             ,LEC
1147,ENSC    ,252,BURNABY   ,30,28,Lakshman One                                                                                                                                                                                                                                              ,LAB
1167,ENSC    ,252,BURNABY   ,180,187,Lakshman One                                                                                                                                                                                                                                              ,LEC
1164,ENSC    ,252,BURNABY   ,40,0,Lakshman One                                                                                                                                                                                                                                              ,LAB
1174,ENSC    ,254,BURNABY   ,128,111,William Scratchley                                                                                                                                                                                                                                        ,TUT
1154,MSE     ,411,SURREY    ,100,0,Flavio Firmani                                                                                                                                                                                                                                            ,OPL
1154,MSE     ,725,SURREY    ,10,14,Woo Soo Kim                                                                                                                                                                                                                                               ,LEC
1147,ENSC    ,120,BURNABY   ,30,33,Meenakshinathan Parameswaran                                                                                                                                                                                                                              ,LAB
1171,MSE     ,101W      ,SURREY    ,120,77,Maureen Hindy                                                                                                                                                                                                                                             ,LEC
1161,MSE     ,110,SURREY    ,30,29,Amr Marzouk                                                                                                                                                                                                                                               ,LAB
1177,MSE     ,321,SURREY    ,36,35,Ghasem Behfarshad                                                                                                                                                                                                                                         ,LAB
1137,MSE     ,321,SURREY    ,36,32,Peyman Taheri Bonab                                                                                                                                                                                                                                       ,LAB
1137,CMPT    ,130,SURREY    ,24,22,Brian Fraser                                                                                                                                                                                                                                              ,LAB
1167,MSE     ,393,OFF       ,25,10,Stephanie DeRapp                                                                                                                                                                                                                                          ,SEC
1137,MSE     ,294,SURREY    ,10,5,Harriet Chicoine                                                                                                                                                                                                                                          ,SEC
1171,CMPT    ,135,SURREY    ,24,25,Toby Donaldson                                                                                                                                                                                                                                            ,LAB
1174,ENSC    ,280,BURNABY   ,58,53,Atousa Hajshirmohammadi                                                                                                                                                                                                                                   ,LAB
1174,ENSC    ,280,BURNABY   ,50,0,Atousa Hajshirmohammadi                                                                                                                                                                                                                                   ,LAB
1141,MATH    ,402W      ,SURREY    ,20,12,Tamon Stephen                                                                                                                                                                                                                                             ,LEC
1131,ENSC    ,106,SURREY    ,100,85,Kevin Oldknow                                                                                                                                                                                                                                             ,LEC
1111,MACM    ,316,SURREY    ,86,41,Zhaosong Lu                                                                                                                                                                                                                                               ,LEC
1101,MACM    ,316,SURREY    ,90,51,Zhaosong Lu                                                                                                                                                                                                                                               ,LEC
1147,MATH    ,890,OFF       ,20,0,Stuart Billings                                                                                                                                                                                                                                           ,SEC
1164,MATH    ,310,BURNABY   ,387,341,Justin Gray                                                                                                                                                                                                                                               ,LEC
1117,MATH    ,336,BURNABY   ,20,3,Faye Stefan                                                                                                                                                                                                                                               ,SEC
1151,MATH    ,314,BURNABY   ,64,21,Ralf Wittenberg                                                                                                                                                                                                                                           ,LEC
1127,MATH    ,308,BURNABY   ,129,118,Ladislav Stacho                                                                                                                                                                                                                                           ,LEC
1084,MATH    ,190,BURNABY   ,35,34,Bernice Kastner                                                                                                                                                                                                                                           ,SEC
1131,MATH    ,190,BURNABY   ,30,29,Brenda Davison                                                                                                                                                                                                                                            ,SEC
1111,MATH    ,897,BURNABY   ,6,0,. Faculty                                                                                                                                                                                                                                                 ,SEC
1084,IAT     ,202,SURREY    ,24,25,Lorna Boschman                                                                                                                                                                                                                                            ,INS
1087,IAT     ,334,SURREY    ,24,23,Victoria Moulder                                                                                                                                                                                                                                          ,LAB
1087,IAT     ,336,SURREY    ,0,0,Kenneth Zupan                                                                                                                                                                                                                                             ,LAB
1091,IAT     ,337,SURREY    ,24,24,Halil Erhan                                                                                                                                                                                                                                               ,LAB
1091,IAT     ,337,SURREY    ,24,22,Halil Erhan                                                                                                                                                                                                                                               ,LAB
1087,IAT     ,233,SURREY    ,0,0,Russell Taylor                                                                                                                                                                                                                                            ,LAB
1087,KIN     ,140,HRBRCNTR  ,36,36,James Carter                                                                                                                                                                                                                                              ,LEC
1181,ENSC    ,402,BURNABY   ,2,0,<null>,SEC
1091,KIN     ,326,BURNABY   ,75,77,Diana Bedoya                                                                                                                                                                                                                                              ,LEC
1121,ENSC    ,150,BURNABY   ,40,41,<null>,TUT
1101,ENSC    ,194,BURNABY   ,2,0,<null>,SEC
1087,ENSC    ,100,BURNABY   ,3,3,<null>,RQL
1091,KIN     ,451,BURNABY   ,15,6,Darleen Bemister                                                                                                                                                                                                                                          ,PRA
1087,ENSC    ,100,BURNABY   ,1,1,<null>,RQL
1167,MSE     ,310,SURREY    ,46,46,Shaghayegh Zihajehzadeh                                                                                                                                                                                                                                   ,LAB
1141,MSE     ,402,SURREY    ,80,76,Vivian Neal                                                                                                                                                                                                                                               ,LEC
1084,ENSC    ,395,BURNABY   ,50,44,<null>,SEC
1104,ENSC    ,396,BURNABY   ,1,0,<null>,SEC
1141,MATH    ,380W      ,BURNABY   ,96,65,Tom Archibald                                                                                                                                                                                                                                             ,LEC
1114,ENSC    ,396,BURNABY   ,5,1,<null>,SEC
1097,ENSC    ,396,OFF       ,10,0,<null>,SEC
1104,ENSC    ,396,OFF       ,1,0,<null>,SEC
1101,ENSC    ,351,BURNABY   ,25,25,<null>,LAB
1144,MACM    ,316,BURNABY   ,240,233,Kirill Gostaf                                                                                                                                                                                                                                             ,LEC
1111,MACM    ,201,SURREY    ,60,29,Tamon Stephen                                                                                                                                                                                                                                             ,LEC
1177,MATH    ,190,BURNABY   ,115,100,Malgorzata Dubiel                                                                                                                                                                                                                                         ,LEC
1121,MATH    ,190,BURNABY   ,35,32,Justin Gray                                                                                                                                                                                                                                               ,SEC
1084,MATH    ,894,BURNABY   ,6,1,Tom Archibald                                                                                                                                                                                                                                             ,SEC
1117,ENSC    ,470,BURNABY   ,28,26,Glenn Chapman                                                                                                                                                                                                                                             ,LEC
1171,CMPT    ,276,BURNABY   ,80,51,Herbert Tsang                                                                                                                                                                                                                                             ,LEC
1147,CMPT    ,373,SURREY    ,16,16,Thomas Shermer                                                                                                                                                                                                                                            ,TUT
1181,CMPT    ,404,BURNABY   ,85,62,Andrei Bulatov                                                                                                                                                                                                                                            ,LEC
1147,CMPT    ,431,BURNABY   ,65,63,Alexandra Fedorova                                                                                                                                                                                                                                        ,LEC
1181,ENSC    ,452,BURNABY   ,34,31,Lesley Shannon                                                                                                                                                                                                                                            ,TUT
1114,DDP     ,310,OFF       ,30,10,Qianping Gu                                                                                                                                                                                                                                               ,SEC
1141,DDP     ,310,OFF       ,30,2,Ze-Nian Li                                                                                                                                                                                                                                                ,SEC
1081,IAT     ,455,SURREY    ,48,0,Helmine Serban                                                                                                                                                                                                                                            ,OPL
1087,IAT     ,233,SURREY    ,0,0,Russell Taylor                                                                                                                                                                                                                                            ,LAB
1174,MATH    ,470,BURNABY   ,30,26,Ralf Wittenberg                                                                                                                                                                                                                                           ,LEC
1131,MATH    ,343,BURNABY   ,32,13,Karen Yeats                                                                                                                                                                                                                                               ,LEC
1104,MATH    ,150,BURNABY   ,125,79,Veselin Jungic                                                                                                                                                                                                                                            ,LEC
1131,MATH    ,336,OFF       ,20,1,Stuart Billings                                                                                                                                                                                                                                           ,SEC
1081,KIN     ,303,BURNABY   ,20,20,<null>,LAB
1084,KIN     ,311,BURNABY   ,18,15,<null>,TUT
1104,CMPT    ,125,SURREY    ,19,10,Toby Donaldson                                                                                                                                                                                                                                            ,LAB
1177,CMPT    ,225,BURNABY   ,26,25,Golnar Sheikhshabbafghi                                                                                                                                                                                                                                   ,LAB
1091,CMPT    ,120,BURNABY   ,150,138,Bradley Bart                                                                                                                                                                                                                                              ,LEC
1094,CMPT    ,120,BURNABY   ,26,25,Steven Pearce                                                                                                                                                                                                                                             ,LAB
1157,CMPT    ,120,BURNABY   ,26,25,Anne Lavergne                                                                                                                                                                                                                                             ,LAB
1087,CMPT    ,881,BURNABY   ,20,8,Binay Bhattacharya                                                                                                                                                                                                                                        ,LEC
1094,KIN     ,452,BURNABY   ,10,0,Darleen Bemister                                                                                                                                                                                                                                          ,PRA
1087,ENSC    ,296,BURNABY   ,50,4,<null>,SEC
1087,ENSC    ,195,BURNABY   ,50,31,<null>,SEC
1104,ENSC    ,195,OFF       ,11,11,<null>,SEC
1131,ENSC    ,897,BURNABY   ,45,3,<null>,SEC
1161,ENSC    ,402,BURNABY   ,2,0,<null>,SEC
1174,ENSC    ,897,BURNABY   ,10,0,<null>,SEC
1161,ENSC    ,892,BURNABY   ,80,0,<null>,SEC
1137,ENSC    ,494,BURNABY   ,5,1,<null>,SEC
1097,MATH    ,151,BURNABY   ,333,283,Jason Bell                                                                                                                                                                                                                                                ,LEC
1124,MATH    ,152,BURNABY   ,253,188,Mahdad Khatirinejad                                                                                                                                                                                                                                       ,LEC
1081,MATH    ,100,BURNABY   ,220,205,Laura Chavez Lomeli                                                                                                                                                                                                                                       ,LEC
1091,MATH    ,100,SURREY    ,60,57,Marina Jassar                                                                                                                                                                                                                                             ,LEC
1081,MACM    ,202,BURNABY   ,66,30,JF Williams                                                                                                                                                                                                                                               ,LEC
1091,MATH    ,890,OFF       ,10,0,Faye Stefan                                                                                                                                                                                                                                               ,SEC
1094,MATH    ,894,BURNABY   ,6,1,Abraham Punnen                                                                                                                                                                                                                                            ,SEC
1091,MATH    ,893,OFF       ,10,0,Faye Stefan                                                                                                                                                                                                                                               ,SEC
1107,ENSC    ,100W      ,BURNABY   ,6,6,Michael Sjoerdsma                                                                                                                                                                                                                                         ,TUT
1177,MATH    ,891,BURNABY   ,6,1,Stuart Billings                                                                                                                                                                                                                                           ,SEC
1117,ENSC    ,100W      ,BURNABY   ,6,6,. Faculty                                                                                                                                                                                                                                                 ,TUT
1127,ENSC    ,100W      ,BURNABY   ,5,6,. Faculty                                                                                                                                                                                                                                                 ,TUT
1107,MATH    ,724,BURNABY   ,10,3,Stephen Choi                                                                                                                                                                                                                                              ,LEC
1161,MATH    ,762,BURNABY   ,10,2,Mary Catherine Kropinski                                                                                                                                                                                                                                  ,LEC
1081,KIN     ,110,BURNABY   ,18,17,<null>,TUT
1091,KIN     ,110,BURNABY   ,18,17,<null>,TUT
1087,CMNS    ,353,HRBRCNTR  ,0,0,<null>,TUT
1081,KIN     ,303,BURNABY   ,20,20,<null>,LAB
1091,IAT     ,100,SURREY    ,24,29,David Botta                                                                                                                                                                                                                                               ,STL
1107,CMPT    ,441,BURNABY   ,15,6,Suleyman Sahinalp                                                                                                                                                                                                                                         ,LEC
1121,CMPT    ,120,SURREY    ,0,0,<null>,LAB
1094,CMNS    ,260,BURNABY   ,54,43,Amir Hassan Ghaseminejad Tafreshi                                                                                                                                                                                                                         ,LEC
1091,CMNS    ,375,HRBRCNTR  ,44,57,Robert Mercer                                                                                                                                                                                                                                             ,LEC
1127,CMPT    ,110,BURNABY   ,50,40,Richard Frank                                                                                                                                                                                                                                             ,LEC
1084,CMNS    ,881,BURNABY   ,20,0,. Faculty                                                                                                                                                                                                                                                 ,SEC
1081,CMNS    ,850,BURNABY   ,20,3,. Faculty                                                                                                                                                                                                                                                 ,SEC
1091,CMPT    ,275,BURNABY   ,72,62,Anne Lavergne                                                                                                                                                                                                                                             ,LEC
1107,CMPT    ,165,BURNABY   ,26,26,Anne Lavergne                                                                                                                                                                                                                                             ,LAB
1111,CMPT    ,300,SURREY    ,46,44,Mohamed Hefeeda                                                                                                                                                                                                                                           ,LEC
1137,CMPT    ,300,BURNABY   ,90,69,Michael Evans                                                                                                                                                                                                                                             ,LEC
1081,CMNS    ,130W      ,SURREY    ,0,0,<null>,TUT
1107,CMPT    ,120,BURNABY   ,0,0,<null>,LAB
1107,CMPT    ,120,BURNABY   ,0,0,<null>,LEC
1154,CMPT    ,429,METRO     ,0,0,<null>,SEC
1094,CMNS    ,483,OFF       ,10,1,. Faculty                                                                                                                                                                                                                                                 ,SEC
1084,CMNS    ,481,OFF       ,20,12,. Faculty                                                                                                                                                                                                                                                 ,SEC
1094,CMNS    ,802,HRBRCNTR  ,15,4,Alison Beale                                                                                                                                                                                                                                              ,SEM
1107,CMPT    ,354,BURNABY   ,50,45,". Faculty, Richard Frank                                                                                                                                                                                                                                  ",LEC
1141,CMPT    ,371,SURREY    ,55,50,Joseph Peters                                                                                                                                                                                                                                             ,LEC
1154,CMPT    ,371,BURNABY   ,85,84,Balbir Gill                                                                                                                                                                                                                                               ,LEC
1141,CMPT    ,740,BURNABY   ,25,19,Wo-Shun Luk                                                                                                                                                                                                                                               ,LEC
1167,CMPT    ,471,BURNABY   ,75,57,Qianping Gu                                                                                                                                                                                                                                               ,LEC
1134,CMPT    ,475,HRBRCNTR  ,65,62,Danny Ridinger                                                                                                                                                                                                                                            ,LEC
1131,MATH    ,251,BURNABY   ,195,156,Chiaka Drakes                                                                                                                                                                                                                                             ,LEC
1141,MATH    ,190,BURNABY   ,120,55,Petra Menz                                                                                                                                                                                                                                                ,LEC
1127,ENSC    ,100W      ,BURNABY   ,5,7,. Faculty                                                                                                                                                                                                                                                 ,TUT
1081,IAT     ,333,SURREY    ,24,21,Ronald Wakkary                                                                                                                                                                                                                                            ,TUT
1117,MATH    ,150,BURNABY   ,35,18,"Jamie Mulholland, Veselin Jungic                                                                                                                                                                                                                          ",SEC
1114,MATH    ,150,BURNABY   ,122,83,Emily Walsh                                                                                                                                                                                                                                               ,LEC
1087,KIN     ,110,BURNABY   ,18,18,<null>,TUT
1087,IAT     ,897,SURREY    ,30,9,. Faculty                                                                                                                                                                                                                                                 ,SEC
1087,KIN     ,142,SURREY    ,19,20,<null>,LAB
1087,KIN     ,143,BURNABY   ,40,37,<null>,LAB
1084,KIN     ,110,BURNABY   ,15,15,<null>,TUT
1094,IAT     ,100,SURREY    ,120,115,Susan Clements-Vivian                                                                                                                                                                                                                                     ,LEC
1167,CMPT    ,225,BURNABY   ,26,25,David Mitchell                                                                                                                                                                                                                                            ,LAB
1101,CMPT    ,125,BURNABY   ,25,20,Louis Hafer                                                                                                                                                                                                                                               ,LAB
1084,CMNS    ,230,BURNABY   ,0,0,<null>,TUT
1101,CMPT    ,125,SURREY    ,48,34,Toby Donaldson                                                                                                                                                                                                                                            ,LEC
1164,CMPT    ,120,BURNABY   ,26,26,Diana Cukierman                                                                                                                                                                                                                                           ,LAB
1161,CMPT    ,120,BURNABY   ,25,23,Anne Lavergne                                                                                                                                                                                                                                             ,LAB
1174,CMPT    ,120,BURNABY   ,26,26,Anne Lavergne                                                                                                                                                                                                                                             ,LAB
1164,CMPT    ,120,BURNABY   ,26,21,Diana Cukierman                                                                                                                                                                                                                                           ,LAB
1104,CMPT    ,125,BURNABY   ,26,26,Brian Fraser                                                                                                                                                                                                                                              ,LAB
1084,CMNS    ,362,HRBRCNTR  ,0,0,<null>,TUT
1091,MATH    ,113,BURNABY   ,50,0,<null>,TUT
1121,MATH    ,155,BURNABY   ,60,0,<null>,OPL
1177,MATH    ,895,BURNABY   ,6,0,<null>,SEC
1107,MATH    ,232,SURREY    ,60,0,<null>,OPL
1181,MATH    ,158,BURNABY   ,60,0,<null>,OPL
1127,MATH    ,897,BURNABY   ,6,0,<null>,SEC
1091,CMPT    ,212,SURREY    ,25,24,Robert Cameron                                                                                                                                                                                                                                            ,LEC
1124,CMPT    ,165,BURNABY   ,208,197,Colin Stewart                                                                                                                                                                                                                                             ,LEC
1091,CMPT    ,165,BURNABY   ,33,33,Colin Stewart                                                                                                                                                                                                                                             ,LAB
1107,CMPT    ,165,BURNABY   ,26,26,Anne Lavergne                                                                                                                                                                                                                                             ,LAB
1117,CMPT    ,165,BURNABY   ,26,26,Anne Lavergne                                                                                                                                                                                                                                             ,LAB
1094,CMPT    ,165,BURNABY   ,26,24,Ramesh Krishnamurti                                                                                                                                                                                                                                       ,LAB
1117,CMPT    ,165,BURNABY   ,26,26,Anne Lavergne                                                                                                                                                                                                                                             ,LAB
1131,CMPT    ,165,BURNABY   ,26,24,Anne Lavergne                                                                                                                                                                                                                                             ,LAB
1091,CMPT    ,165,BURNABY   ,33,33,Colin Stewart                                                                                                                                                                                                                                             ,LAB
1117,CMPT    ,427,BURNABY   ,25,23,Cristina Eftenaru                                                                                                                                                                                                                                         ,SEC
1161,CMPT    ,430,OFF       ,15,0,Harriet Chicoine                                                                                                                                                                                                                                          ,SEC
1151,CMPT    ,899,BURNABY   ,130,99,. Faculty                                                                                                                                                                                                                                                 ,SEC
1167,CMPT    ,899,OFF       ,5,2,. Faculty                                                                                                                                                                                                                                                 ,SEC
1151,ENSC    ,350,BURNABY   ,45,0,<null>,RQL
1121,ENSC    ,370,BURNABY   ,15,0,<null>,SEM
1107,ENSC    ,182,SURREY    ,24,0,<null>,LAB
1141,CMPT    ,2XX       ,BURNABY   ,2,1,<null>,LEC
1164,MATH    ,232,BURNABY   ,0,0,<null>,OPL
1114,CMPT    ,250,HRBRCNTR  ,0,0,<null>,LAB
1114,CMPT    ,250,HRBRCNTR  ,0,0,<null>,LAB
1154,CMPT    ,225,BURNABY   ,0,0,<null>,LAB
1151,ENSC    ,295,OFF       ,10,18,Harriet Chicoine                                                                                                                                                                                                                                          ,SEC
1134,ENSC    ,350,BURNABY   ,48,48,Lakshman One                                                                                                                                                                                                                                              ,TUT
1157,ENSC    ,424,BURNABY   ,90,74,Jie Liang                                                                                                                                                                                                                                                 ,TUT
1147,ENSC    ,489,BURNABY   ,0,0,Michael Henrey                                                                                                                                                                                                                                            ,RQL
1091,MATH    ,158,BURNABY   ,60,0,<null>,OPL
1087,MATH    ,157,BURNABY   ,60,0,<null>,OPL
1097,MATH    ,157,BURNABY   ,60,0,<null>,OPL
1131,MATH    ,232,BURNABY   ,60,0,<null>,OPL
1137,ENSC    ,460,BURNABY   ,25,9,Marinko Sarunic                                                                                                                                                                                                                                           ,LEC
1087,CMPT    ,881,BURNABY   ,20,7,Arvind Gupta                                                                                                                                                                                                                                              ,LEC
1147,MATH    ,322,BURNABY   ,36,29,<null>,TUT
1087,REM     ,698,BURNABY   ,40,22,Peter Williams                                                                                                                                                                                                                                            ,SEC
1087,WKTM    ,200,OFF       ,10,8,"Frances McLafferty, Navinder Chima                                                                                                                                                                                                                        ",SEC
1081,REM     ,100,SURREY    ,18,12,<null>,TUT
1087,REM     ,100,BURNABY   ,18,19,<null>,TUT
1087,CMPT    ,408,BURNABY   ,20,0,<null>,LEC
1167,MSE     ,320,SURREY    ,120,0,<null>,LEC
1091,CMNS    ,130W      ,SURREY    ,0,0,<null>,TUT
1081,MATH    ,158,SURREY    ,48,0,<null>,OPL
1084,CMNS    ,220,HRBRCNTR  ,90,75,Doris Baltruschat                                                                                                                                                                                                                                         ,LEC
1117,CMPT    ,120,BURNABY   ,25,0,<null>,LAB
1117,CMPT    ,120,SURREY    ,25,0,<null>,LAB
1084,CMNS    ,210,HRBRCNTR  ,108,104,James Rennie                                                                                                                                                                                                                                              ,LEC
1121,ENSC    ,894,SURREY    ,1,1,Edward Park                                                                                                                                                                                                                                               ,LEC
1091,CMNS    ,850,OFF       ,20,0,. Faculty                                                                                                                                                                                                                                                 ,SEC
1147,CMPT    ,165,SURREY    ,12,12,Harinder Khangura                                                                                                                                                                                                                                         ,LAB
1107,CMPT    ,165,SURREY    ,25,25,Brian Fraser                                                                                                                                                                                                                                              ,LAB
1094,CMPT    ,165,SURREY    ,20,15,Colin Stewart                                                                                                                                                                                                                                             ,LAB
1094,CMPT    ,427,BURNABY   ,30,26,Harriet Chicoine                                                                                                                                                                                                                                          ,SEC
1147,CMPT    ,307,BURNABY   ,75,75,Pavol Hell                                                                                                                                                                                                                                                ,LEC
1171,CMPT    ,307,BURNABY   ,85,85,Joseph Peters                                                                                                                                                                                                                                             ,LEC
1131,CMPT    ,379,SURREY    ,35,28,Thomas Shermer                                                                                                                                                                                                                                            ,LEC
1087,CMPT    ,416,BURNABY   ,2,2,"Alexandra Fedorova, Jiangchuan Liu                                                                                                                                                                                                                        ",SEC
1121,CMPT    ,427,OFF       ,15,10,Cristina Eftenaru                                                                                                                                                                                                                                         ,SEC
1164,CMPT    ,427,OFF       ,15,3,Harriet Chicoine                                                                                                                                                                                                                                          ,SEC
1147,CMPT    ,307,SURREY    ,38,38,Joseph Peters                                                                                                                                                                                                                                             ,LEC
1181,CMPT    ,307,BURNABY   ,90,83,Valentine Kabanets                                                                                                                                                                                                                                        ,LEC
1084,CMPT    ,307,HRBRCNTR  ,60,40,Jan Manuch                                                                                                                                                                                                                                                ,LEC
1181,CMPT    ,430,OFF       ,5,0,Harriet Chicoine                                                                                                                                                                                                                                          ,SEC
1157,CMPT    ,430,OFF       ,10,0,Harriet Chicoine                                                                                                                                                                                                                                          ,SEC
1157,CMPT    ,430,METRO     ,30,9,Harriet Chicoine                                                                                                                                                                                                                                          ,SEC
1097,CMPT    ,471,SURREY    ,12,9,Mohamed Hefeeda                                                                                                                                                                                                                                           ,LEC
1147,CMPT    ,475,HRBRCNTR  ,30,28,Danny Ridinger                                                                                                                                                                                                                                            ,LEC
1117,CMPT    ,120,SURREY    ,25,0,<null>,LAB
1117,MATH    ,890,BURNABY   ,20,0,Faye Stefan                                                                                                                                                                                                                                               ,SEC
1124,MATH    ,336,OFF       ,20,1,Stuart Billings                                                                                                                                                                                                                                           ,SEC
1107,MATH    ,890,OFF       ,20,0,Faye Stefan                                                                                                                                                                                                                                               ,SEC
1124,MATH    ,336,BURNABY   ,20,4,Stuart Billings                                                                                                                                                                                                                                           ,SEC
1161,MATH    ,336,BURNABY   ,20,3,Stuart Billings                                                                                                                                                                                                                                           ,SEC
1131,MATH    ,320,BURNABY   ,64,19,Stephen Choi                                                                                                                                                                                                                                              ,LEC
1084,MATH    ,251,BURNABY   ,145,99,Mark Siggers                                                                                                                                                                                                                                              ,LEC
1117,MATH    ,251,BURNABY   ,280,233,Razvan Fetecau                                                                                                                                                                                                                                            ,LEC
1161,MATH    ,251,BURNABY   ,225,205,Vijaykumar Singh                                                                                                                                                                                                                                          ,LEC
1157,CMPT    ,430,VAN       ,10,1,Harriet Chicoine                                                                                                                                                                                                                                          ,SEC
1157,ENSC    ,351,BURNABY   ,106,101,May Siksik                                                                                                                                                                                                                                                ,LEC
1151,ENSC    ,350,BURNABY   ,45,38,Fabio Campi                                                                                                                                                                                                                                               ,RQL
1151,ENSC    ,350,BURNABY   ,45,45,Fabio Campi                                                                                                                                                                                                                                               ,RQL
1147,ENSC    ,325,BURNABY   ,0,0,Marek Syrzycki                                                                                                                                                                                                                                            ,RQL
1131,ENSC    ,861,BURNABY   ,40,0,<null>,SEC
1177,ENSC    ,395,OFF       ,15,2,Harriet Chicoine                                                                                                                                                                                                                                          ,SEC
1107,ENSC    ,383,BURNABY   ,72,72,Carlo Menon                                                                                                                                                                                                                                               ,TUT
1157,ENSC    ,395,OFF       ,25,10,Harriet Chicoine                                                                                                                                                                                                                                          ,SEC
1181,ENSC    ,327,BURNABY   ,157,149,Balbir Gill                                                                                                                                                                                                                                               ,TUT
1144,ENSC    ,350,BURNABY   ,24,0,Lakshman One                                                                                                                                                                                                                                              ,RQL
1147,CMPT    ,430,OFF       ,5,1,Harriet Chicoine                                                                                                                                                                                                                                          ,SEC
1091,MATH    ,447,BURNABY   ,25,11,Jonathan Jedwab                                                                                                                                                                                                                                           ,LEC
1147,MATH    ,447,BURNABY   ,25,6,Petr Lisonek                                                                                                                                                                                                                                              ,LEC
1147,MATH    ,190,BURNABY   ,45,32,Petra Menz                                                                                                                                                                                                                                                ,SEC
1087,MATH    ,154,SURREY    ,120,106,Natalia Kouzniak                                                                                                                                                                                                                                          ,LEC
1097,MATH    ,154,SURREY    ,100,82,Natalia Kouzniak                                                                                                                                                                                                                                          ,LEC
1084,MATH    ,152,BURNABY   ,175,144,Alan Meichsner                                                                                                                                                                                                                                            ,LEC
1101,MATH    ,151,BURNABY   ,110,81,Yves Van Gennip                                                                                                                                                                                                                                           ,LEC
1137,MATH    ,151,BURNABY   ,440,346,Jamie Mulholland                                                                                                                                                                                                                                          ,LEC
1174,MATH    ,152,BURNABY   ,280,206,Nancy Azer                                                                                                                                                                                                                                                ,LEC
1171,MATH    ,251,BURNABY   ,229,196,Vijaykumar Singh                                                                                                                                                                                                                                          ,LEC
1094,MATH    ,242,BURNABY   ,72,34,Adam Oberman                                                                                                                                                                                                                                              ,LEC
1117,MATH    ,242,BURNABY   ,66,53,Tom Archibald                                                                                                                                                                                                                                             ,LEC
1091,MATH    ,894,BURNABY   ,6,0,. Faculty                                                                                                                                                                                                                                                 ,SEC
1124,MATH    ,894,BURNABY   ,6,0,. Faculty                                                                                                                                                                                                                                                 ,SEC
1147,MATH    ,894,BURNABY   ,6,0,. Faculty                                                                                                                                                                                                                                                 ,SEC
1171,MATH    ,894,BURNABY   ,6,0,. Faculty                                                                                                                                                                                                                                                 ,SEC
1134,MATH    ,892,BURNABY   ,20,0,Stuart Billings                                                                                                                                                                                                                                           ,SEC
1091,MATH    ,892,OFF       ,10,0,Faye Stefan                                                                                                                                                                                                                                               ,SEC
1127,MATH    ,891,BURNABY   ,20,1,Stuart Billings                                                                                                                                                                                                                                           ,SEC
1101,MATH    ,486,BURNABY   ,20,0,Faye Stefan                                                                                                                                                                                                                                               ,SEC
1144,ENSC    ,350,BURNABY   ,24,15,Lakshman One                                                                                                                                                                                                                                              ,RQL
1111,ENSC    ,852,BURNABY   ,10,5,Marek Syrzycki                                                                                                                                                                                                                                            ,LEC
1111,ENSC    ,851,BURNABY   ,6,1,Albert Leung                                                                                                                                                                                                                                              ,LAB
1084,ENSC    ,498,BURNABY   ,10,6,. Faculty                                                                                                                                                                                                                                                 ,SEC
1101,ENSC    ,887,BURNABY   ,30,0,Kamal Gupta                                                                                                                                                                                                                                               ,LEC
1131,ENSC    ,330,BURNABY   ,125,0,<null>,OPL
1117,ENSC    ,100,BURNABY   ,3,0,<null>,TUT
1111,ENSC    ,835,BURNABY   ,0,0,<null>,LEC
1084,KIN     ,205,BURNABY   ,38,24,Parveen Bawa                                                                                                                                                                                                                                              ,LEC
1091,KIN     ,325,BURNABY   ,45,46,Josephine Anthony                                                                                                                                                                                                                                         ,SEC
1121,ENSC    ,888,BURNABY   ,10,0,<null>,LEC
1091,KIN     ,351,BURNABY   ,15,10,Darleen Bemister                                                                                                                                                                                                                                          ,PRA
1161,CMPT    ,354,BURNABY   ,75,0,<null>,LEC
1121,MATH    ,152,BURNABY   ,200,135,Jamie Mulholland                                                                                                                                                                                                                                          ,LEC
1117,MATH    ,100,SURREY    ,100,71,Pooja Pandey                                                                                                                                                                                                                                              ,LEC
1104,MACM    ,316,BURNABY   ,160,98,Ralf Wittenberg                                                                                                                                                                                                                                           ,LEC
1177,MATH    ,418,BURNABY   ,40,25,Razvan Fetecau                                                                                                                                                                                                                                            ,LEC
1111,MATH    ,891,OFF       ,20,0,Faye Stefan                                                                                                                                                                                                                                               ,SEC
1151,MATH    ,496,BURNABY   ,20,11,Nils Bruin                                                                                                                                                                                                                                                ,LEC
1137,MATH    ,486,OFF       ,20,0,Stuart Billings                                                                                                                                                                                                                                           ,SEC
1117,MATH    ,425,BURNABY   ,10,7,Nilima Nigam                                                                                                                                                                                                                                              ,LEC
1147,MATH    ,894,BURNABY   ,6,3,Nils Bruin                                                                                                                                                                                                                                                ,SEC
1181,MATH    ,894,BURNABY   ,10,1,Zhaosong Lu                                                                                                                                                                                                                                               ,SEC
1121,MATH    ,899,OFF       ,0,0,<null>,SEC
1131,MATH    ,899,OFF       ,10,0,<null>,SEC
1137,MATH    ,251,SURREY    ,72,0,<null>,OPL
1117,MATH    ,100,SURREY    ,80,0,<null>,OPL
1081,KIN     ,304W      ,BURNABY   ,36,0,<null>,LEC
1094,MATH    ,1XX       ,BURNABY   ,100,6,<null>,LEC
1147,CMPT    ,373,SURREY    ,14,0,<null>,LEC
1081,REM     ,100,SURREY    ,18,0,<null>,TUT
1084,KIN     ,899,BURNABY   ,30,11,<null>,SEC
1181,MSE     ,102,SURREY    ,120,0,<null>,LEC
1094,WKTM    ,100,SURREY    ,50,14,"Frances McLafferty, Navinder Chima                                                                                                                                                                                                                        ",SEC
1131,MATH    ,154,BURNABY   ,60,0,<null>,OPL
1161,ENSC    ,428,BURNABY   ,35,0,<null>,TUT
1164,ENSC    ,428,BURNABY   ,45,19,<null>,TUT
1081,CMPT    ,767,BURNABY   ,15,0,<null>,LEC
1141,MATH    ,795,BURNABY   ,10,0,<null>,OPL
1111,CMPT    ,126,BURNABY   ,0,0,<null>,LAB
1121,CMPT    ,888,BURNABY   ,30,0,<null>,LEC
1124,ENSC    ,331,SURREY    ,26,0,<null>,LAB
1111,ENSC    ,476,BURNABY   ,0,0,<null>,LEC
1164,MACM    ,101,BURNABY   ,0,0,<null>,TUT
1164,MACM    ,101,BURNABY   ,0,0,<null>,TUT
1121,MACM    ,101,SURREY    ,0,0,<null>,TUT
1101,MACM    ,101,BURNABY   ,0,0,<null>,TUT
1107,MACM    ,101,SURREY    ,0,0,<null>,TUT
1161,MSE     ,495,SURREY    ,5,0,<null>,LAB
1181,MSE     ,495,SURREY    ,5,0,<null>,LAB
1161,CMPT    ,886,BURNABY   ,45,0,<null>,SEM
1131,MATH    ,381W      ,BURNABY   ,32,10,<null>,TUT
1121,ENSC    ,283,SURREY    ,45,45,<null>,LAB
1181,ENSC    ,488,BURNABY   ,50,34,Shahram Payandeh                                                                                                                                                                                                                                          ,TUT
1087,KIN     ,305,BURNABY   ,94,94,Victoria Claydon                                                                                                                                                                                                                                          ,LEC
1081,KIN     ,382,BURNABY   ,8,9,Stephen Brown                                                                                                                                                                                                                                             ,LAB
1111,MACM    ,316,SURREY    ,30,0,<null>,TUT
1161,MATH    ,190,BURNABY   ,45,28,". TBD, Oi-Lam Ng                                                                                                                                                                                                                                          ",SEC
1117,CMPT    ,884,BURNABY   ,0,0,<null>,LEC
1117,MATH    ,1XX       ,BURNABY   ,30,10,<null>,LEC
1111,ENSC    ,194,SURREY    ,0,0,<null>,SEC
1114,ENSC    ,320,BURNABY   ,0,0,<null>,LEC
1117,MATH    ,322,BURNABY   ,32,0,<null>,TUT
1087,CMNS    ,322,HRBRCNTR  ,18,16,<null>,TUT
1151,MSE     ,280,SURREY    ,130,0,<null>,LEC
1131,MATH    ,879,BURNABY   ,6,2,<null>,SEC
1164,MATH    ,879,BURNABY   ,6,1,<null>,SEC
1154,MATH    ,338,BURNABY   ,32,14,<null>,TUT
1111,ENSC    ,283,SURREY    ,32,23,<null>,LAB
1111,ENSC    ,283,SURREY    ,32,30,<null>,LAB
1097,ENSC    ,388,SURREY    ,20,19,<null>,LAB
1111,ENSC    ,461,SURREY    ,20,4,<null>,LAB
1147,ENSC    ,100W      ,BURNABY   ,8,8,<null>,TUT
1157,ENSC    ,100W      ,BURNABY   ,8,8,<null>,LAB
1127,MATH    ,833,BURNABY   ,2,0,<null>,SEC
1081,REM     ,663,BURNABY   ,15,0,<null>,SEM
1137,MATH    ,152,BURNABY   ,60,0,<null>,OPL
1147,ENSC    ,100W      ,BURNABY   ,8,8,<null>,TUT
1087,CMNS    ,253W      ,SURREY    ,16,13,<null>,LAB
1161,MATH    ,878,BURNABY   ,10,2,<null>,SEC
1157,ENSC    ,100W      ,BURNABY   ,8,8,<null>,LAB
1157,ENSC    ,100W      ,BURNABY   ,8,8,<null>,LAB
1097,ENSC    ,388,SURREY    ,20,16,<null>,LAB
1161,MSE     ,921,SURREY    ,2,0,<null>,OPL
1117,MATH    ,345,BURNABY   ,32,13,<null>,TUT
1147,MATH    ,125,BURNABY   ,25,0,<null>,TUT
1141,MSE     ,495,SURREY    ,10,0,<null>,LAB
1094,ENSC    ,460,BURNABY   ,25,14,<null>,LAB
1131,ENSC    ,896,BURNABY   ,50,1,<null>,SEC
1167,MSE     ,495,SURREY    ,5,0,<null>,LAB
1137,MSE     ,498,SURREY    ,5,0,<null>,SEC
1094,ENSC    ,896,BURNABY   ,50,1,<null>,SEC
1164,MSE     ,922,SURREY    ,1,0,Flavio Firmani                                                                                                                                                                                                                                            ,OPL
1147,ENSC    ,252,BURNABY   ,24,14,Lakshman One                                                                                                                                                                                                                                              ,LAB
1177,ENSC    ,252,BURNABY   ,180,165,Ameer Abdelhadi                                                                                                                                                                                                                                           ,TUT
1147,ENSC    ,120,BURNABY   ,30,30,Meenakshinathan Parameswaran                                                                                                                                                                                                                              ,LAB
1151,MATH    ,154,BURNABY   ,253,233,Petr Lisonek                                                                                                                                                                                                                                              ,LEC
1081,MATH    ,462,BURNABY   ,30,0,<null>,TUT
1084,KIN     ,431,BURNABY   ,18,11,<null>,TUT
1094,MATH    ,603,BURNABY   ,20,0,<null>,SEM
1137,MATH    ,486,BURNABY   ,20,0,<null>,SEC
1131,MATH    ,896,BURNABY   ,6,0,<null>,SEC
1164,MATH    ,896,BURNABY   ,6,0,<null>,SEC
1084,MATH    ,308,BURNABY   ,32,0,<null>,TUT
1131,ENSC    ,461,SURREY    ,30,0,<null>,LAB
1091,MATH    ,157,SURREY    ,0,0,<null>,OPL
1107,MATH    ,894,BURNABY   ,6,0,<null>,SEC
1094,CMNS    ,230,BURNABY   ,18,16,<null>,TUT
1091,CMNS    ,230,BURNABY   ,18,19,<null>,TUT
1167,ENSC    ,385,BURNABY   ,60,49,Farshid Bagheri                                                                                                                                                                                                                                           ,RQL
1174,ENSC    ,702,BURNABY   ,10,2,Harriet Chicoine                                                                                                                                                                                                                                          ,PRA
1081,CMNS    ,362,BURNABY   ,18,18,<null>,TUT
1164,MSE     ,422,SURREY    ,44,28,Erik Kjeang                                                                                                                                                                                                                                               ,LEC
1141,MSE     ,721,SURREY    ,10,0,Siamak Arzanpour                                                                                                                                                                                                                                          ,LAB
1181,MSE     ,280,SURREY    ,50,50,Amr Marzouk                                                                                                                                                                                                                                               ,LAB
1087,CMNS    ,856,BURNABY   ,5,0,<null>,LAB
1164,ENSC    ,252,BURNABY   ,36,35,Lakshman One                                                                                                                                                                                                                                              ,LAB
1174,ENSC    ,254,BURNABY   ,128,111,William Scratchley                                                                                                                                                                                                                                        ,LEC
1144,MSE     ,720,SURREY    ,5,0,Carolyn Sparrey                                                                                                                                                                                                                                           ,OPL
1167,ENSC    ,120,BURNABY   ,30,0,Meenakshinathan Parameswaran                                                                                                                                                                                                                              ,LAB
1174,MSE     ,353,SURREY    ,25,21,Jiacheng Wang                                                                                                                                                                                                                                             ,LAB
1164,MSE     ,893,SURREY    ,5,1,Flavio Firmani                                                                                                                                                                                                                                            ,LEC
1157,MSE     ,100,SURREY    ,40,40,Krishna Vijayaraghavan                                                                                                                                                                                                                                    ,LAB
1137,MSE     ,100,SURREY    ,108,109,Krishna Vijayaraghavan                                                                                                                                                                                                                                    ,TUT
1167,MSE     ,100,SURREY    ,24,24,Krishna Vijayaraghavan                                                                                                                                                                                                                                    ,LAB
1147,MSE     ,100,SURREY    ,40,0,Krishna Vijayaraghavan                                                                                                                                                                                                                                    ,OPL
1097,MATH    ,897,BURNABY   ,6,0,. Faculty                                                                                                                                                                                                                                                 ,SEC
1154,MATH    ,486,BURNABY   ,20,2,Stuart Billings                                                                                                                                                                                                                                           ,SEC
1091,CMNS    ,210,SURREY    ,0,0,<null>,TUT
1147,MATH    ,882,OFF       ,10,0,<null>,SEC
1081,IAT     ,333,SURREY    ,24,0,<null>,STL
1181,MSE     ,921,SURREY    ,0,0,<null>,OPL
1147,MATH    ,125,BURNABY   ,25,0,<null>,TUT
1164,CMPT    ,127,BURNABY   ,32,0,<null>,LAB
1164,MATH    ,155,BURNABY   ,0,0,<null>,OPL
1117,CMPT    ,120,SURREY    ,25,0,<null>,LAB
1107,CMPT    ,120,BURNABY   ,0,0,<null>,LAB
1127,MATH    ,100,SURREY    ,80,0,<null>,OPL
1081,MATH    ,343,SURREY    ,30,0,<null>,TUT
1091,MATH    ,150,SURREY    ,100,0,<null>,OPL
1094,MATH    ,242,BURNABY   ,32,0,<null>,TUT
1134,MSE     ,495,SURREY    ,20,0,<null>,LAB
1137,MSE     ,494,SURREY    ,10,0,<null>,SEC
1101,MATH    ,341,BURNABY   ,0,0,<null>,TUT
1107,MACM    ,204,BURNABY   ,22,21,<null>,LAB
1091,CMNS    ,258,BURNABY   ,0,0,<null>,LEC
1127,MATH    ,152,BURNABY   ,60,0,<null>,OPL
1147,ENSC    ,100W      ,BURNABY   ,8,8,<null>,TUT
1157,ENSC    ,100W      ,BURNABY   ,8,8,<null>,LAB
1081,CMNS    ,253W      ,HRBRCNTR  ,13,14,<null>,LAB
1087,CMNS    ,253W      ,HRBRCNTR  ,17,13,<null>,LAB
1157,ENSC    ,120,BURNABY   ,34,35,Meenakshinathan Parameswaran                                                                                                                                                                                                                              ,LAB
1174,MSE     ,893,SURREY    ,2,0,Carlo Menon                                                                                                                                                                                                                                               ,LEC
1134,MSE     ,893,SURREY    ,5,3,Behraad Bahreyni                                                                                                                                                                                                                                          ,TUT
1181,MSE     ,410,SURREY    ,0,0,Flavio Firmani                                                                                                                                                                                                                                            ,OPL
1141,MSE     ,493,SURREY    ,10,11,Harriet Chicoine                                                                                                                                                                                                                                          ,SEC
1147,MSE     ,220,SURREY    ,40,41,Woo Soo Kim                                                                                                                                                                                                                                               ,LAB
1161,MSE     ,223,SURREY    ,130,101,Mehran Ahmadi                                                                                                                                                                                                                                             ,TUT
1171,MSE     ,223,SURREY    ,108,94,Ghasem Behfarshad                                                                                                                                                                                                                                         ,TUT
1151,MSE     ,110,SURREY    ,30,30,Amr Marzouk                                                                                                                                                                                                                                               ,TUT
1154,CMPT    ,130,SURREY    ,15,13,Brian Fraser                                                                                                                                                                                                                                              ,LAB
1171,MSE     ,450,SURREY    ,108,90,Jiacheng Wang                                                                                                                                                                                                                                             ,LEC
1171,MSE     ,280,SURREY    ,60,54,Mohammad Narimani                                                                                                                                                                                                                                         ,LAB
1141,MSE     ,450,SURREY    ,36,36,Jiacheng Wang                                                                                                                                                                                                                                             ,LAB
1154,CMPT    ,628,OFF       ,30,1,Harriet Chicoine                                                                                                                                                                                                                                          ,PRA
1154,CMPT    ,628,OFF       ,30,0,Harriet Chicoine                                                                                                                                                                                                                                          ,PRA
1107,ENSC    ,470,BURNABY   ,33,32,Glenn Chapman                                                                                                                                                                                                                                             ,LEC
1147,ENSC    ,470,BURNABY   ,35,36,Glenn Chapman                                                                                                                                                                                                                                             ,LEC
1081,IAT     ,102,SURREY    ,24,24,. TBD                                                                                                                                                                                                                                                     ,TUT
1111,DDP     ,210,OFF       ,30,3,Qianping Gu                                                                                                                                                                                                                                               ,SEC
1154,DDP     ,210,OFF       ,30,8,Ze-Nian Li                                                                                                                                                                                                                                                ,SEC
1147,MSE     ,100,SURREY    ,40,0,Krishna Vijayaraghavan                                                                                                                                                                                                                                    ,OPL
1174,MSE     ,393,OFF       ,1,0,Stephanie DeRapp                                                                                                                                                                                                                                          ,SEC
1181,MSE     ,394,OFF       ,10,0,Stephanie DeRapp                                                                                                                                                                                                                                          ,SEC
1167,MSE     ,493,OFF       ,35,11,Stephanie DeRapp                                                                                                                                                                                                                                          ,SEC
1144,MSE     ,393,OFF       ,25,2,Harriet Chicoine                                                                                                                                                                                                                                          ,SEC
1137,CMPT    ,628,OFF       ,10,0,Harriet Chicoine                                                                                                                                                                                                                                          ,PRA
1154,CMPT    ,166,SURREY    ,26,25,Toby Donaldson                                                                                                                                                                                                                                            ,LAB
1177,CMPT    ,166,SURREY    ,24,14,Karol Swietlicki                                                                                                                                                                                                                                          ,LAB
1084,IAT     ,202,SURREY    ,24,0,<null>,INS
1154,ENSC    ,280,BURNABY   ,150,134,Atousa Hajshirmohammadi                                                                                                                                                                                                                                   ,TUT
1171,MSE     ,394,OFF       ,10,0,Stephanie DeRapp                                                                                                                                                                                                                                          ,SEC
1181,CMPT    ,135,SURREY    ,24,6,John Edgar                                                                                                                                                                                                                                                ,LAB
1154,MSE     ,110,SURREY    ,30,27,Amr Marzouk                                                                                                                                                                                                                                               ,LEC
1147,MSE     ,110,SURREY    ,30,0,Amr Marzouk                                                                                                                                                                                                                                               ,LAB
1141,MSE     ,294,SURREY    ,10,0,Harriet Chicoine                                                                                                                                                                                                                                          ,SEC
1181,MSE     ,294,OFF       ,15,0,Stephanie DeRapp                                                                                                                                                                                                                                          ,SEC
1127,CMPT    ,130,SURREY    ,26,26,Brian Fraser                                                                                                                                                                                                                                              ,LAB
1111,MATH    ,208W      ,SURREY    ,24,14,Randall Pyke                                                                                                                                                                                                                                              ,LEC
1177,ENSC    ,105W      ,BURNABY   ,173,160,Stephen Whitmore                                                                                                                                                                                                                                          ,LEC
1117,ENSC    ,194,OFF       ,10,0,<null>,SEC
1101,ENSC    ,150,BURNABY   ,60,59,<null>,TUT
1177,MSE     ,321,SURREY    ,36,35,Ghasem Behfarshad                                                                                                                                                                                                                                         ,LAB
1084,IAT     ,102,SURREY    ,96,95,Gilly Mah                                                                                                                                                                                                                                                 ,LEC
1094,IAT     ,102,SURREY    ,144,133,Angela Tomizu                                                                                                                                                                                                                                             ,LEC
1091,CMNS    ,443,HRBRCNTR  ,26,25,Dal Jin                                                                                                                                                                                                                                                   ,LEC
1091,IAT     ,102,SURREY    ,24,24,Yin Wu                                                                                                                                                                                                                                                    ,STL
1087,ENSC    ,100,BURNABY   ,0,0,<null>,RQL
1087,IAT     ,432,SURREY    ,24,21,Alissa Antle                                                                                                                                                                                                                                              ,LAB
1091,KIN     ,142,BURNABY   ,19,19,<null>,LAB
1091,ENSC    ,474,BURNABY   ,30,15,Mirza Beg                                                                                                                                                                                                                                                 ,LEC
1091,MATH    ,882,BURNABY   ,10,2,Nils Bruin                                                                                                                                                                                                                                                ,SEC
1081,ENSC    ,372,BURNABY   ,25,9,Meenakshinathan Parameswaran                                                                                                                                                                                                                              ,LEC
1161,MATH    ,150,BURNABY   ,35,32,"Jamie Mulholland, Veselin Jungic                                                                                                                                                                                                                          ",SEC
1111,DDP     ,310,OFF       ,30,11,Qianping Gu                                                                                                                                                                                                                                               ,SEC
1091,IAT     ,102,SURREY    ,24,24,Yin Wu                                                                                                                                                                                                                                                    ,STL
1081,TECH    ,106,SURREY    ,48,23,Bernadette Currie                                                                                                                                                                                                                                         ,LEC
1121,CMPT    ,771,SURREY    ,2,1,Louis Hafer                                                                                                                                                                                                                                               ,LEC
1157,CMPT    ,777,BURNABY   ,30,5,Evgenia Ternovska                                                                                                                                                                                                                                         ,LEC
1124,ENSC    ,296,BURNABY   ,30,5,<null>,SEC
1094,MATH    ,240,BURNABY   ,94,79,Youssef Qranfal                                                                                                                                                                                                                                           ,LEC
1087,IAT     ,336,SURREY    ,0,0,Kenneth Zupan                                                                                                                                                                                                                                             ,LAB
1144,CMPT    ,464,BURNABY   ,15,8,Hao Zhang                                                                                                                                                                                                                                                 ,LEC
1151,ENSC    ,892,BURNABY   ,80,2,<null>,SEC
1111,ENSC    ,320,BURNABY   ,1,0,<null>,OPL
1141,ENSC    ,402,BURNABY   ,2,0,<null>,SEC
1091,ENSC    ,296,BURNABY   ,25,3,<null>,SEC
1097,MATH    ,160W      ,KAM       ,12,2,Ping Ding                                                                                                                                                                                                                                                 ,SEC
1101,CMPT    ,768,SURREY    ,12,5,Tamara Smyth                                                                                                                                                                                                                                              ,LEC
1161,CMPT    ,276,BURNABY   ,75,75,Bobby Chan                                                                                                                                                                                                                                                ,LEC
1161,CMPT    ,276,SURREY    ,100,100,Arthur Kirkpatrick                                                                                                                                                                                                                                        ,LEC
1171,CMPT    ,276,SURREY    ,80,80,Brian Fraser                                                                                                                                                                                                                                              ,LEC
1087,CMPT    ,711,BURNABY   ,20,6,Suleyman Sahinalp                                                                                                                                                                                                                                         ,LEC
1127,ENSC    ,231,SURREY    ,33,32,". TBD, Woo Soo Kim                                                                                                                                                                                                                                        ",LAB
1104,ENSC    ,311,SURREY    ,66,59,Michael Brydon                                                                                                                                                                                                                                            ,LEC
1091,IAT     ,344,SURREY    ,24,24,Michael Filimowicz                                                                                                                                                                                                                                        ,STL
1091,IAT     ,233,SURREY    ,35,35,Russell Taylor                                                                                                                                                                                                                                            ,STL
1101,ENSC    ,483,BURNABY   ,1,0,<null>,OPL
1144,ENSC    ,897,BURNABY   ,10,2,<null>,SEC
1164,ENSC    ,899,BURNABY   ,120,46,<null>,SEC
1174,ENSC    ,899,OFF       ,10,1,<null>,SEC
1141,MACM    ,316,SURREY    ,64,0,<null>,LEC
1091,IAT     ,202,SURREY    ,48,42,Lorna Boschman                                                                                                                                                                                                                                            ,LEC
1091,ENSC    ,296,SURREY    ,25,0,<null>,SEC
1167,CMPT    ,376W      ,BURNABY   ,80,77,". Faculty, Milan Tofiloski                                                                                                                                                                                                                                ",LEC
1087,ENSC    ,100,BURNABY   ,4,3,<null>,RQL
1121,ENSC    ,899,BURNABY   ,100,58,<null>,SEC
1131,ENSC    ,899,BURNABY   ,100,62,<null>,SEC
1091,KIN     ,304W      ,BURNABY   ,72,70,Richard Ward                                                                                                                                                                                                                                              ,LEC
1081,KIN     ,304W      ,BURNABY   ,48,48,Richard Ward                                                                                                                                                                                                                                              ,LEC
1167,CHIN    ,190,BURNABY   ,25,24,Cynthia Xie                                                                                                                                                                                                                                               ,TUT
1091,IAT     ,333,SURREY    ,24,25,Ronald Wakkary                                                                                                                                                                                                                                            ,STL
1081,IAT     ,333,SURREY    ,23,24,Ronald Wakkary                                                                                                                                                                                                                                            ,TUT
1091,KIN     ,142,BURNABY   ,19,19,<null>,LAB
1091,KIN     ,142,BURNABY   ,19,19,<null>,LAB
1084,IAT     ,885,SURREY    ,20,7,"Brian Fisher, Ginger Grant                                                                                                                                                                                                                                ",SEM
1181,MATH    ,150,BURNABY   ,35,32,"Jamie Mulholland, Veselin Jungic, Yusuf Tuncer                                                                                                                                                                                                            ",SEC
1177,ENSC    ,100W      ,BURNABY   ,8,6,Michael Sjoerdsma                                                                                                                                                                                                                                         ,LAB
1107,ENSC    ,100W      ,BURNABY   ,5,6,Michael Sjoerdsma                                                                                                                                                                                                                                         ,TUT
1167,ENSC    ,100W      ,BURNABY   ,8,8,Michael Sjoerdsma                                                                                                                                                                                                                                         ,LAB
1177,ENSC    ,100W      ,BURNABY   ,8,8,Michael Sjoerdsma                                                                                                                                                                                                                                         ,LAB
1131,MATH    ,767,BURNABY   ,10,4,Weiran Sun                                                                                                                                                                                                                                                ,LEC
1121,MATH    ,880,BURNABY   ,3,0,. Faculty                                                                                                                                                                                                                                                 ,SEC
1174,MATH    ,342,BURNABY   ,34,34,<null>,TUT
1124,CMPT    ,477,BURNABY   ,25,0,<null>,LEC
1091,KIN     ,205,BURNABY   ,18,16,<null>,TUT
1094,KIN     ,382,BURNABY   ,8,8,<null>,LAB
1091,KIN     ,201,BURNABY   ,18,18,<null>,TUT
1117,MATH    ,242,BURNABY   ,34,25,<null>,TUT
1111,MACM    ,316,BURNABY   ,32,24,<null>,TUT
1164,MATH    ,894,BURNABY   ,6,0,<null>,SEC
1147,MATH    ,310,BURNABY   ,32,31,<null>,TUT
1147,MATH    ,310,BURNABY   ,32,33,<null>,TUT
1117,ENSC    ,194,SURREY    ,10,0,<null>,SEC
1107,ENSC    ,194,BURNABY   ,2,1,<null>,SEC
1177,CMPT    ,376W      ,BURNABY   ,80,79,Milan Tofiloski                                                                                                                                                                                                                                           ,LEC
1131,ENSC    ,406,BURNABY   ,18,15,<null>,TUT
1121,ENSC    ,899,BURNABY   ,50,35,<null>,SEC
1177,MACM    ,442,BURNABY   ,30,16,Petr Lisonek                                                                                                                                                                                                                                              ,LEC
1084,KIN     ,142,SURREY    ,12,12,<null>,LAB
1094,IAT     ,486,SURREY    ,1,4,Michael Filimowicz                                                                                                                                                                                                                                        ,LEC
1127,MATH    ,150,SURREY    ,80,53,Allan Majdanac                                                                                                                                                                                                                                            ,LEC
1101,MATH    ,150,BURNABY   ,150,0,Tom Archibald                                                                                                                                                                                                                                             ,LEC
1117,ENSC    ,100W      ,BURNABY   ,6,6,. Faculty                                                                                                                                                                                                                                                 ,TUT
1117,ENSC    ,100W      ,BURNABY   ,6,5,. Faculty                                                                                                                                                                                                                                                 ,TUT
1177,ENSC    ,100W      ,BURNABY   ,8,5,Michael Sjoerdsma                                                                                                                                                                                                                                         ,LAB
1101,MATH    ,130,SURREY    ,60,42,Randall Pyke                                                                                                                                                                                                                                              ,LEC
1094,CMPT    ,128,SURREY    ,24,21,Toby Donaldson                                                                                                                                                                                                                                            ,LAB
1121,ENSC    ,851,BURNABY   ,6,5,<null>,LAB
1174,CMPT    ,701,BURNABY   ,35,10,Evgenia Ternovska                                                                                                                                                                                                                                         ,LEC
1137,CMPT    ,745,BURNABY   ,7,4,Uwe Glaesser                                                                                                                                                                                                                                              ,LEC
1084,CMNS    ,386,HRBRCNTR  ,35,32,Joanna Ashworth                                                                                                                                                                                                                                           ,SEM
1111,CMPT    ,881,BURNABY   ,12,9,Valentine Kabanets                                                                                                                                                                                                                                        ,LEC
1087,CMNS    ,387,BURNABY   ,20,18,"David Murphy, Janet Marontate                                                                                                                                                                                                                             ",SEM
1091,REM     ,609,BURNABY   ,15,0,<null>,LEC
1087,KIN     ,140,BURNABY   ,19,18,<null>,TUT
1087,KIN     ,241,BURNABY   ,19,19,<null>,LAB
1117,MATH    ,151,BURNABY   ,60,0,<null>,OPL
1107,MATH    ,151,SURREY    ,150,0,<null>,OPL
1117,MATH    ,151,SURREY    ,90,0,<null>,OPL
1104,MACM    ,316,BURNABY   ,32,8,<null>,TUT
1114,MACM    ,316,BURNABY   ,32,32,<null>,TUT
1097,MACM    ,316,BURNABY   ,32,30,<null>,TUT
1101,MATH    ,198,HRBRCNTR  ,42,37,Christine Stewart                                                                                                                                                                                                                                         ,SEC
1097,MATH    ,322,BURNABY   ,39,32,<null>,TUT
1084,MACM    ,101,SURREY    ,24,12,<null>,TUT
1157,MATH    ,895,BURNABY   ,6,0,<null>,SEC
1091,MATH    ,308,SURREY    ,32,18,<null>,TUT
1121,ENSC    ,395,BURNABY   ,20,16,<null>,SEC
1107,ENSC    ,395,SURREY    ,20,16,<null>,SEC
1084,MATH    ,308,BURNABY   ,32,27,<null>,TUT
1137,MATH    ,232,BURNABY   ,60,0,<null>,OPL
1167,CMPT    ,225,BURNABY   ,26,26,David Mitchell                                                                                                                                                                                                                                            ,LAB
1094,CMPT    ,120,BURNABY   ,26,25,Steven Pearce                                                                                                                                                                                                                                             ,LAB
1084,CMPT    ,120,BURNABY   ,122,111,Colin Stewart                                                                                                                                                                                                                                             ,LEC
1171,CMPT    ,120,BURNABY   ,26,23,Anne Lavergne                                                                                                                                                                                                                                             ,LAB
1164,CMPT    ,120,BURNABY   ,208,190,Diana Cukierman                                                                                                                                                                                                                                           ,LEC
1157,CMPT    ,120,BURNABY   ,26,23,Anne Lavergne                                                                                                                                                                                                                                             ,LAB
1157,CMPT    ,120,BURNABY   ,26,26,Anne Lavergne                                                                                                                                                                                                                                             ,LAB
1147,MATH    ,310,SURREY    ,32,32,<null>,TUT
1137,MATH    ,308,BURNABY   ,32,27,<null>,TUT
1174,MATH    ,894,BURNABY   ,6,0,<null>,SEC
1094,MATH    ,894,BURNABY   ,6,0,<null>,SEC
1121,MATH    ,100,BURNABY   ,300,0,<null>,LEC
1124,MATH    ,899,OFF       ,5,0,<null>,SEC
1167,ENSC    ,100W      ,BURNABY   ,8,0,<null>,LAB
1091,CMNS    ,258,BURNABY   ,32,28,Norbert Ruebsaat                                                                                                                                                                                                                                          ,LEC
1087,CMNS    ,478,HRBRCNTR  ,25,26,John Maxwell                                                                                                                                                                                                                                              ,SEM
1084,CMNS    ,480,OFF       ,20,14,. Faculty                                                                                                                                                                                                                                                 ,SEC
1114,MATH    ,890,OFF       ,20,0,<null>,SEC
1151,CMPT    ,165,BURNABY   ,75,74,". Faculty, Stephen Makonin                                                                                                                                                                                                                                ",SEC
1091,CMPT    ,165,BURNABY   ,33,33,Colin Stewart                                                                                                                                                                                                                                             ,LAB
1124,CMPT    ,165,BURNABY   ,26,23,Colin Stewart                                                                                                                                                                                                                                             ,LAB
1121,CMPT    ,165,SURREY    ,26,23,Colin Stewart                                                                                                                                                                                                                                             ,LAB
1127,ENSC    ,100W      ,BURNABY   ,6,7,. Faculty                                                                                                                                                                                                                                                 ,TUT
1127,ENSC    ,100W      ,BURNABY   ,5,6,. Faculty                                                                                                                                                                                                                                                 ,TUT
1167,ENSC    ,100W      ,BURNABY   ,9,8,Michael Sjoerdsma                                                                                                                                                                                                                                         ,LAB
1081,ENSC    ,440W      ,BURNABY   ,60,49,Patrick Leung                                                                                                                                                                                                                                             ,LEC
1137,MATH    ,100,BURNABY   ,60,0,<null>,OPL
1151,MATH    ,158,BURNABY   ,60,0,<null>,OPL
1134,MATH    ,895,BURNABY   ,6,0,<null>,SEC
1081,IAT     ,812,SURREY    ,20,10,Brian Fisher                                                                                                                                                                                                                                              ,SEM
1084,IAT     ,100,SURREY    ,24,27,Victoria Moulder                                                                                                                                                                                                                                          ,STL
1131,ENSC    ,425,BURNABY   ,36,42,<null>,TUT
1154,MATH    ,899,OFF       ,5,0,<null>,SEC
1094,IAT     ,100,SURREY    ,24,23,Susan Clements-Vivian                                                                                                                                                                                                                                     ,STL
1094,IAT     ,100,SURREY    ,24,21,Susan Clements-Vivian                                                                                                                                                                                                                                     ,STL
1084,IAT     ,100,SURREY    ,24,23,Victoria Moulder                                                                                                                                                                                                                                          ,STL
1101,MATH    ,100,BURNABY   ,60,0,<null>,OPL
1117,MATH    ,100,BURNABY   ,60,0,<null>,OPL
1114,MACM    ,316,BURNABY   ,32,30,<null>,TUT
1087,MACM    ,316,BURNABY   ,32,30,<null>,TUT
1144,MACM    ,316,BURNABY   ,40,39,<null>,TUT
1154,MACM    ,316,BURNABY   ,40,34,<null>,TUT
1144,MACM    ,316,BURNABY   ,40,34,<null>,TUT
1101,MACM    ,316,BURNABY   ,0,0,<null>,TUT
1111,MACM    ,316,BURNABY   ,32,0,<null>,TUT
1117,MATH    ,190,BURNABY   ,60,0,<null>,OPL
1134,MATH    ,310,BURNABY   ,40,39,<null>,TUT
1097,MATH    ,308,BURNABY   ,32,15,<null>,TUT
1097,MATH    ,308,BURNABY   ,32,24,<null>,TUT
1121,MATH    ,894,BURNABY   ,6,0,<null>,SEC
1087,REM     ,100,BURNABY   ,18,18,<null>,TUT
1087,CMNS    ,110,BURNABY   ,65,62,Donald Gutstein                                                                                                                                                                                                                                           ,SEC
1094,CMNS    ,261,BURNABY   ,45,32,Donald Gutstein                                                                                                                                                                                                                                           ,SEC
1164,CMPT    ,110,BURNABY   ,75,56,Anthony Dixon                                                                                                                                                                                                                                             ,SEC
1087,CMPT    ,110,BURNABY   ,75,57,Colin Stewart                                                                                                                                                                                                                                             ,LEC
1094,CMNS    ,850,BURNABY   ,10,6,. Faculty                                                                                                                                                                                                                                                 ,SEC
1087,KIN     ,207,BURNABY   ,19,19,<null>,TUT
1094,KIN     ,140,BURNABY   ,17,17,<null>,TUT
1087,KIN     ,306,BURNABY   ,18,18,<null>,TUT
1084,KIN     ,205,BURNABY   ,19,17,<null>,TUT
1164,MATH    ,310,BURNABY   ,0,0,<null>,TUT
1121,MATH    ,252,BURNABY   ,32,27,<null>,TUT
1141,MATH    ,157,BURNABY   ,60,0,<null>,OPL
1141,MATH    ,898,BURNABY   ,35,16,<null>,SEC
1131,MATH    ,899,BURNABY   ,35,23,<null>,SEC
1157,MATH    ,310,BURNABY   ,32,26,<null>,TUT
1124,MATH    ,310,BURNABY   ,32,25,<null>,TUT
1134,MATH    ,310,BURNABY   ,40,39,<null>,TUT
1084,MATH    ,310,BURNABY   ,32,23,<null>,TUT
1107,MATH    ,310,BURNABY   ,32,31,<null>,TUT
1111,ENSC    ,852,BURNABY   ,30,0,<null>,LEC
1171,ENSC    ,805,BURNABY   ,50,0,<null>,LEC
1124,ENSC    ,325,BURNABY   ,65,47,<null>,RQL
1087,KIN     ,221,BURNABY   ,18,0,<null>,TUT
1087,KIN     ,221,BURNABY   ,18,0,<null>,TUT
1091,CMNS    ,473,HRBRCNTR  ,60,61,"Anne Ahmad, Janet Russell                                                                                                                                                                                                                                 ",LEC
1094,CMPT    ,110,BURNABY   ,75,65,Anthony Dixon                                                                                                                                                                                                                                             ,SEC
1107,CMPT    ,165,BURNABY   ,182,178,Anne Lavergne                                                                                                                                                                                                                                             ,LEC
1117,CMPT    ,165,BURNABY   ,26,26,Anne Lavergne                                                                                                                                                                                                                                             ,LAB
1121,CMPT    ,165,BURNABY   ,26,24,Bobby Chan                                                                                                                                                                                                                                                ,LAB
1141,CMPT    ,300,SURREY    ,30,24,Arrvindh Shriraman                                                                                                                                                                                                                                        ,LEC
1127,CMPT    ,300,HRBRCNTR  ,30,22,Steven Pearce                                                                                                                                                                                                                                             ,LEC
1164,CMPT    ,295,BURNABY   ,25,0,<null>,LAB
1121,CMPT    ,354,BURNABY   ,70,69,Hassan Khosravi                                                                                                                                                                                                                                           ,LEC
1117,CMPT    ,307,SURREY    ,15,14,Joseph Peters                                                                                                                                                                                                                                             ,LEC
1114,CMPT    ,300,BURNABY   ,85,67,Petra Berenbrink                                                                                                                                                                                                                                          ,LEC
1137,CMPT    ,471,BURNABY   ,65,34,Janice Regan                                                                                                                                                                                                                                              ,LEC
1131,CMPT    ,430,METRO     ,30,0,Harriet Chicoine                                                                                                                                                                                                                                          ,SEC
1111,CMPT    ,899,BURNABY   ,80,79,. Faculty                                                                                                                                                                                                                                                 ,SEC
1091,KIN     ,451,OFF       ,15,1,<null>,PRA
1177,ENSC    ,891,BURNABY   ,10,7,<null>,SEC
1101,CMPT    ,125,BURNABY   ,25,23,Louis Hafer                                                                                                                                                                                                                                               ,LAB
1177,CMPT    ,225,BURNABY   ,26,25,Golnar Sheikhshabbafghi                                                                                                                                                                                                                                   ,LAB
1141,ENSC    ,851,BURNABY   ,6,6,<null>,LAB
1091,CMPT    ,120,BURNABY   ,29,28,Bradley Bart                                                                                                                                                                                                                                              ,LAB
1091,CMPT    ,120,BURNABY   ,29,24,Bradley Bart                                                                                                                                                                                                                                              ,LAB
1157,CMPT    ,120,BURNABY   ,26,26,Anne Lavergne                                                                                                                                                                                                                                             ,LAB
1127,CMPT    ,126,BURNABY   ,60,53,Ruiwen Chen                                                                                                                                                                                                                                               ,LEC
1081,MATH    ,762,BURNABY   ,15,0,<null>,LEC
1101,MATH    ,439,BURNABY   ,20,0,<null>,LEC
1154,CMPT    ,881,BURNABY   ,40,13,Petra Berenbrink                                                                                                                                                                                                                                          ,LEC
1081,ENSC    ,894,BURNABY   ,6,5,Lesley Shannon                                                                                                                                                                                                                                            ,LEC
1124,ENSC    ,894,SURREY    ,10,11,Erik Kjeang                                                                                                                                                                                                                                               ,LEC
1087,CMPT    ,165,BURNABY   ,150,145,". Faculty, Anne Lavergne                                                                                                                                                                                                                                  ",SEC
1121,CMPT    ,165,BURNABY   ,26,25,Bobby Chan                                                                                                                                                                                                                                                ,LAB
1167,CMPT    ,371,HRBRCNTR  ,72,53,Balbir Gill                                                                                                                                                                                                                                               ,LEC
1181,CMPT    ,427,METRO     ,15,7,Harriet Chicoine                                                                                                                                                                                                                                          ,SEC
1154,CMPT    ,429,METRO     ,15,12,Harriet Chicoine                                                                                                                                                                                                                                          ,SEC
1117,CMPT    ,430,OFF       ,2,0,Frances McLafferty                                                                                                                                                                                                                                        ,SEC
1121,CMPT    ,430,OFF       ,5,0,Frances McLafferty                                                                                                                                                                                                                                        ,SEC
1177,CMPT    ,415,BURNABY   ,4,4,Brian Fraser                                                                                                                                                                                                                                              ,SEC
1177,CMPT    ,415,BURNABY   ,1,1,Gregory Mori                                                                                                                                                                                                                                              ,SEC
1144,CMPT    ,899,BURNABY   ,100,90,. Faculty                                                                                                                                                                                                                                                 ,SEC
1134,CMPT    ,165,BURNABY   ,26,25,Anne Lavergne                                                                                                                                                                                                                                             ,LAB
1107,CMPT    ,165,BURNABY   ,26,26,Anne Lavergne                                                                                                                                                                                                                                             ,LAB
1137,CMPT    ,300,HRBRCNTR  ,56,54,Steven Pearce                                                                                                                                                                                                                                             ,LEC
1124,CMPT    ,354,BURNABY   ,80,77,Wo-Shun Luk                                                                                                                                                                                                                                               ,LEC
1134,CMPT    ,354,BURNABY   ,85,80,Wo-Shun Luk                                                                                                                                                                                                                                               ,LEC
1107,CMPT    ,307,SURREY    ,20,17,. Faculty                                                                                                                                                                                                                                                 ,LEC
1167,CMPT    ,300,BURNABY   ,90,88,Ryan Shea                                                                                                                                                                                                                                                 ,LEC
1177,CMPT    ,300,BURNABY   ,90,88,Mohamed Hefeeda                                                                                                                                                                                                                                           ,LEC
1091,CMPT    ,379,SURREY    ,25,12,Dirk Beyer                                                                                                                                                                                                                                                ,LEC
1181,CMPT    ,379,BURNABY   ,90,52,Thomas Shermer                                                                                                                                                                                                                                            ,LEC
1124,CMPT    ,427,OFF       ,15,8,Cristina Eftenaru                                                                                                                                                                                                                                         ,SEC
1177,ENSC    ,220,BURNABY   ,55,56,Ljiljana Trajkovic                                                                                                                                                                                                                                        ,LAB
1107,ENSC    ,201,BURNABY   ,109,107,John Jones                                                                                                                                                                                                                                                ,LEC
1091,ENSC    ,350,BURNABY   ,60,50,Lesley Shannon                                                                                                                                                                                                                                            ,LEC
1144,ENSC    ,325,BURNABY   ,70,50,. Sessional                                                                                                                                                                                                                                               ,TUT
1181,ENSC    ,325,BURNABY   ,75,60,Marek Syrzycki                                                                                                                                                                                                                                            ,RQL
1157,ENSC    ,264,BURNABY   ,5,5,Lakshman One                                                                                                                                                                                                                                              ,LAB
1154,ENSC    ,295,BURNABY   ,50,57,Harriet Chicoine                                                                                                                                                                                                                                          ,SEC
1167,ENSC    ,488,BURNABY   ,50,19,Kamal Gupta                                                                                                                                                                                                                                               ,RQL
1084,ENSC    ,383,BURNABY   ,70,46,Farid Golnaraghi                                                                                                                                                                                                                                          ,LEC
1161,ENSC    ,327,BURNABY   ,110,102,Atousa Hajshirmohammadi                                                                                                                                                                                                                                   ,LEC
1171,ENSC    ,894,BURNABY   ,10,1,"Mirza Beg, Steven Ruuth                                                                                                                                                                                                                                   ",LEC
1151,ENSC    ,894,BURNABY   ,5,3,Bonnie Gray                                                                                                                                                                                                                                               ,RQL
1117,ENSC    ,387,SURREY    ,30,34,Edward Park                                                                                                                                                                                                                                               ,LAB
1147,ENSC    ,426,BURNABY   ,0,0,Shawn Stapleton                                                                                                                                                                                                                                           ,RQL
1174,ENSC    ,395,BURNABY   ,35,40,Harriet Chicoine                                                                                                                                                                                                                                          ,SEC
1181,ENSC    ,327,BURNABY   ,157,149,Balbir Gill                                                                                                                                                                                                                                               ,LEC
1181,ENSC    ,851,BURNABY   ,16,15,Michael Adachi                                                                                                                                                                                                                                            ,LEC
1097,ENSC    ,833,BURNABY   ,30,14,"Daniel Lee, R Hardy                                                                                                                                                                                                                                       ",SEM
1171,ENSC    ,495,BURNABY   ,7,7,Michael Adachi                                                                                                                                                                                                                                            ,LAB
1081,MATH    ,232,SURREY    ,100,0,<null>,OPL
1097,ENSC    ,383,BURNABY   ,70,0,<null>,OPL
1137,CMPT    ,827,BURNABY   ,25,7,David Mitchell                                                                                                                                                                                                                                            ,LEC
1151,ENSC    ,230,BURNABY   ,60,65,Shahram Payandeh                                                                                                                                                                                                                                          ,LEC
1117,ENSC    ,853,BURNABY   ,30,0,<null>,LEC
1151,ENSC    ,304,BURNABY   ,150,110,Michael Sjoerdsma                                                                                                                                                                                                                                         ,LEC
1111,ENSC    ,304,BURNABY   ,135,132,Parvaneh Saeedi                                                                                                                                                                                                                                           ,TUT
1144,ENSC    ,225,BURNABY   ,75,50,Sae Won Lee                                                                                                                                                                                                                                               ,LEC
1164,ENSC    ,264,BURNABY   ,7,7,Lakshman One                                                                                                                                                                                                                                              ,LAB
1147,ENSC    ,264,BURNABY   ,20,18,Lakshman One                                                                                                                                                                                                                                              ,LAB
1101,ENSC    ,225,BURNABY   ,75,73,Meenakshinathan Parameswaran                                                                                                                                                                                                                              ,LEC
1121,ENSC    ,805,BURNABY   ,30,6,"Aissa Ikhlef, Sami Muhaidat                                                                                                                                                                                                                               ",LEC
1117,ENSC    ,424,BURNABY   ,70,48,Ivan Bajic                                                                                                                                                                                                                                                ,TUT
1171,CMPT    ,427,OFF       ,15,2,Harriet Chicoine                                                                                                                                                                                                                                          ,SEC
1144,CMPT    ,429,VAN       ,5,3,Harriet Chicoine                                                                                                                                                                                                                                          ,SEC
1171,CMPT    ,427,OFF       ,20,0,Harriet Chicoine                                                                                                                                                                                                                                          ,SEC
1151,CMPT    ,415,BURNABY   ,11,11,"Arthur Kirkpatrick, Brian Fraser                                                                                                                                                                                                                          ",SEC
1154,CMPT    ,899,BURNABY   ,100,88,. Faculty                                                                                                                                                                                                                                                 ,SEC
1111,CMPT    ,740,BURNABY   ,15,14,Wo-Shun Luk                                                                                                                                                                                                                                               ,LEC
1161,ENSC    ,196,OFF       ,10,2,Harriet Chicoine                                                                                                                                                                                                                                          ,SEC
1171,ENSC    ,196,OFF       ,10,2,Harriet Chicoine                                                                                                                                                                                                                                          ,SEC
1181,ENSC    ,196,OFF       ,10,0,Harriet Chicoine                                                                                                                                                                                                                                          ,SEC
1167,ENSC    ,220,BURNABY   ,50,0,Ljiljana Trajkovic                                                                                                                                                                                                                                        ,LAB
1161,ENSC    ,851,BURNABY   ,11,5,Glenn Chapman                                                                                                                                                                                                                                             ,LEC
1101,ENSC    ,810,BURNABY   ,30,6,Rodney Vaughan                                                                                                                                                                                                                                            ,LEC
1181,ENSC    ,495,BURNABY   ,4,4,Michael Adachi                                                                                                                                                                                                                                            ,LAB
1107,ENSC    ,492,BURNABY   ,2,0,. Faculty                                                                                                                                                                                                                                                 ,SEC
1127,ENSC    ,489,BURNABY   ,80,60,Shahram Payandeh                                                                                                                                                                                                                                          ,TUT
1137,ENSC    ,489,BURNABY   ,80,62,Shahram Payandeh                                                                                                                                                                                                                                          ,TUT
1117,ENSC    ,201,BURNABY   ,0,0,<null>,LEC
1167,ENSC    ,251,BURNABY   ,48,0,<null>,LAB
1111,ENSC    ,351,BURNABY   ,0,0,<null>,TUT
1157,MATH    ,310,BURNABY   ,204,159,Mary Catherine Kropinski                                                                                                                                                                                                                                  ,LEC
1141,MATH    ,309,BURNABY   ,73,70,John Stockie                                                                                                                                                                                                                                              ,LEC
1151,MATH    ,467,BURNABY   ,42,19,Razvan Fetecau                                                                                                                                                                                                                                            ,LEC
1157,MATH    ,251,SURREY    ,102,69,Vijaykumar Singh                                                                                                                                                                                                                                          ,LEC
1181,MATH    ,242,BURNABY   ,90,85,Weiran Sun                                                                                                                                                                                                                                                ,LEC
1087,MATH    ,232,BURNABY   ,250,214,Jason Bell                                                                                                                                                                                                                                                ,LEC
1094,MATH    ,336,OFF       ,10,1,Faye Stefan                                                                                                                                                                                                                                               ,SEC
1084,MATH    ,336,BURNABY   ,20,2,Faye Stefan                                                                                                                                                                                                                                               ,SEC
1094,MATH    ,310,BURNABY   ,128,125,Ralf Wittenberg                                                                                                                                                                                                                                           ,LEC
1164,MATH    ,892,BURNABY   ,20,0,Stuart Billings                                                                                                                                                                                                                                           ,SEC
1141,MATH    ,891,BURNABY   ,6,0,Stuart Billings                                                                                                                                                                                                                                           ,SEC
1121,MATH    ,894,BURNABY   ,6,1,Nils Bruin                                                                                                                                                                                                                                                ,SEC
1081,MATH    ,893,BURNABY   ,6,0,Faye Stefan                                                                                                                                                                                                                                               ,SEC
1177,MATH    ,898,OFF       ,5,0,<null>,SEC
1117,MACM    ,204,BURNABY   ,18,0,<null>,LAB
1101,ENSC    ,225,BURNABY   ,0,0,<null>,LEC
1091,MATH    ,336,OFF       ,20,0,<null>,SEC
1127,MATH    ,708,SURREY    ,10,0,<null>,LEC
1137,MACM    ,316,BURNABY   ,216,162,John Stockie                                                                                                                                                                                                                                              ,LEC
1137,MACM    ,201,BURNABY   ,300,226,Karen Yeats                                                                                                                                                                                                                                               ,LEC
1171,MATH    ,242,BURNABY   ,71,70,Weiran Sun                                                                                                                                                                                                                                                ,LEC
1107,MATH    ,336,BURNABY   ,20,0,Faye Stefan                                                                                                                                                                                                                                               ,SEC
1164,MATH    ,336,BURNABY   ,20,4,Stuart Billings                                                                                                                                                                                                                                           ,SEC
1174,MATH    ,336,BURNABY   ,20,7,Stuart Billings                                                                                                                                                                                                                                           ,SEC
1084,MATH    ,310,BURNABY   ,160,104,Veselin Jungic                                                                                                                                                                                                                                            ,LEC
1114,MATH    ,891,BURNABY   ,20,0,Faye Stefan                                                                                                                                                                                                                                               ,SEC
1081,ENSC    ,376,BURNABY   ,0,0,<null>,OPL
1147,MATH    ,190,BURNABY   ,35,0,<null>,SEC
1131,ENSC    ,460,SURREY    ,10,0,<null>,LAB
1081,ENSC    ,102,BURNABY   ,200,167,Renee McCallum                                                                                                                                                                                                                                            ,LEC
1131,ENSC    ,425,BURNABY   ,36,0,<null>,LEC
1161,MSE     ,899,OFF       ,25,2,<null>,SEC
1167,ENSC    ,385,BURNABY   ,60,49,Farshid Bagheri                                                                                                                                                                                                                                           ,LEC
1164,MSE     ,411,SURREY    ,100,103,Flavio Firmani                                                                                                                                                                                                                                            ,SEM
1174,MSE     ,411,SURREY    ,100,80,Farid Golnaraghi                                                                                                                                                                                                                                          ,SEM
1164,MSE     ,422,SURREY    ,11,6,Erik Kjeang                                                                                                                                                                                                                                               ,LAB
1154,MSE     ,420,SURREY    ,120,46,Carolyn Sparrey                                                                                                                                                                                                                                           ,LEC
1154,MSE     ,711,SURREY    ,15,8,Behraad Bahreyni                                                                                                                                                                                                                                          ,LEC
1144,MSE     ,722,SURREY    ,3,3,Erik Kjeang                                                                                                                                                                                                                                               ,LAB
1171,MSE     ,750,SURREY    ,5,0,Jiacheng Wang                                                                                                                                                                                                                                             ,LAB
1177,MATH    ,151,SURREY    ,102,86,Zhaosong Lu                                                                                                                                                                                                                                               ,LEC
1171,MATH    ,890,OFF       ,3,0,Stuart Billings                                                                                                                                                                                                                                           ,SEC
1131,MATH    ,892,OFF       ,6,0,Stuart Billings                                                                                                                                                                                                                                           ,SEC
1141,MATH    ,891,OFF       ,6,0,Stuart Billings                                                                                                                                                                                                                                           ,SEC
1177,MATH    ,891,OFF       ,20,0,Stuart Billings                                                                                                                                                                                                                                           ,SEC
1131,ENSC    ,460,SURREY    ,10,0,<null>,LAB
1087,CMNS    ,362,HRBRCNTR  ,0,0,<null>,TUT
1081,MATH    ,130,SURREY    ,20,0,<null>,OPL
1137,CMPT    ,471,SURREY    ,0,0,<null>,LEC
1091,ENSC    ,898,BURNABY   ,75,47,<null>,SEC
1107,MATH    ,894,BURNABY   ,6,0,<null>,SEC
1167,MSE     ,310,SURREY    ,40,0,<null>,LAB
1157,MSE     ,320,SURREY    ,0,0,<null>,OPL
1134,MSE     ,487,SURREY    ,5,4,<null>,SEC
1177,MSE     ,995,SURREY    ,15,17,Shahram Amiri                                                                                                                                                                                                                                             ,LEC
1167,MATH    ,302,BURNABY   ,38,38,<null>,TUT
1177,MATH    ,302,BURNABY   ,32,24,<null>,TUT
1091,ENSC    ,283,SURREY    ,24,0,<null>,LAB
1091,REM     ,602,BURNABY   ,25,38,. Sessional                                                                                                                                                                                                                                               ,SEM
1141,MSE     ,721,SURREY    ,50,0,<null>,OPL
1147,MSE     ,487,SURREY    ,5,0,<null>,SEM
1161,MSE     ,487,SURREY    ,5,0,<null>,SEM
1174,ENSC    ,405W      ,BURNABY   ,34,12,Stephen Whitmore                                                                                                                                                                                                                                          ,LAB
1167,CMPT    ,295,BURNABY   ,26,18,Bradley Bart                                                                                                                                                                                                                                              ,LAB
1154,MSE     ,353,SURREY    ,30,27,Jiacheng Wang                                                                                                                                                                                                                                             ,LAB
1177,ENSC    ,252,BURNABY   ,45,45,Ameer Abdelhadi                                                                                                                                                                                                                                           ,LAB
1157,ENSC    ,120,BURNABY   ,34,25,Meenakshinathan Parameswaran                                                                                                                                                                                                                              ,LAB
1167,ENSC    ,120,BURNABY   ,35,32,Meenakshinathan Parameswaran                                                                                                                                                                                                                              ,LAB
1167,MSE     ,100,SURREY    ,24,24,Krishna Vijayaraghavan                                                                                                                                                                                                                                    ,LAB
1101,CMPT    ,881,BURNABY   ,10,0,<null>,LEC
1101,CMPT    ,881,BURNABY   ,10,0,<null>,LEC
1167,MSE     ,310,SURREY    ,40,0,<null>,LAB
1167,MSE     ,310,SURREY    ,40,0,<null>,LAB
1121,ENSC    ,425,BURNABY   ,40,0,<null>,OPL
1167,MSE     ,497,SURREY    ,5,0,<null>,LAB
1171,MSE     ,487,SURREY    ,5,0,<null>,SEM
1157,MSE     ,899,SURREY    ,100,58,<null>,SEC
1181,ENSC    ,394,BURNABY   ,2,0,Michael Sjoerdsma                                                                                                                                                                                                                                         ,SEC
1177,CMPT    ,295,BURNABY   ,26,26,Bradley Bart                                                                                                                                                                                                                                              ,LAB
1114,ENSC    ,311,SURREY    ,35,32,<null>,TUT
1154,ENSC    ,896,OFF       ,10,1,<null>,SEC
1147,CMPT    ,711,BURNABY   ,18,15,Suleyman Sahinalp                                                                                                                                                                                                                                         ,LEC
1114,ENSC    ,894,SURREY    ,8,4,<null>,LAB
1087,KIN     ,221,BURNABY   ,18,16,<null>,TUT
1087,IAT     ,380,SURREY    ,24,19,Philippe Pasquier                                                                                                                                                                                                                                         ,LEC
1117,ENSC    ,894,BURNABY   ,6,6,<null>,TUT
1091,KIN     ,304W      ,BURNABY   ,18,18,<null>,TUT
1114,ENSC    ,182,SURREY    ,24,23,Amr Marzouk                                                                                                                                                                                                                                               ,LEC
1154,MSE     ,720,SURREY    ,10,5,Carolyn Sparrey                                                                                                                                                                                                                                           ,LEC
1121,ENSC    ,106,SURREY    ,100,0,<null>,TUT
1164,MSE     ,727,SURREY    ,4,6,Kambiz Haji Hajikolaei                                                                                                                                                                                                                                    ,LEC
1171,MSE     ,750,SURREY    ,5,8,Jiacheng Wang                                                                                                                                                                                                                                             ,LAB
1137,ENSC    ,120,BURNABY   ,30,30,Meenakshinathan Parameswaran                                                                                                                                                                                                                              ,LAB
1144,MSE     ,490,SURREY    ,42,25,Jiacheng Wang                                                                                                                                                                                                                                             ,TUT
1164,MSE     ,490,SURREY    ,23,2,Jiacheng Wang                                                                                                                                                                                                                                             ,LAB
1154,MSE     ,491,SURREY    ,48,43,Flavio Firmani                                                                                                                                                                                                                                            ,LEC
1137,MSE     ,193,SURREY    ,10,0,Harriet Chicoine                                                                                                                                                                                                                                          ,SEC
1147,MSE     ,110,SURREY    ,30,29,Amr Marzouk                                                                                                                                                                                                                                               ,TUT
1147,MSE     ,110,SURREY    ,30,27,Amr Marzouk                                                                                                                                                                                                                                               ,TUT
1157,CMPT    ,732,BURNABY   ,50,43,Gregory Baker                                                                                                                                                                                                                                             ,LEC
1164,MSE     ,893,SURREY    ,5,0,Flavio Firmani                                                                                                                                                                                                                                            ,LAB
1151,MSE     ,780,SURREY    ,4,4,Kevin Oldknow                                                                                                                                                                                                                                             ,LAB
1167,ENSC    ,120,BURNABY   ,35,33,Meenakshinathan Parameswaran                                                                                                                                                                                                                              ,LAB
1177,MSE     ,250,SURREY    ,126,96,Ahmad Rad                                                                                                                                                                                                                                                 ,TUT
1177,MSE     ,100,SURREY    ,24,24,"Kambiz Haji Hajikolaei, Krishna Vijayaraghavan                                                                                                                                                                                                            ",LAB
1177,MSE     ,100,SURREY    ,24,24,"Kambiz Haji Hajikolaei, Krishna Vijayaraghavan                                                                                                                                                                                                            ",LAB
1164,MSE     ,894,SURREY    ,12,3,Jiacheng Wang                                                                                                                                                                                                                                             ,LEC
1134,MSE     ,492,SURREY    ,50,17,Woo Soo Kim                                                                                                                                                                                                                                               ,LAB
1147,MSE     ,250,SURREY    ,42,41,Mohammad Narimani                                                                                                                                                                                                                                         ,LAB
1171,MSE     ,421,SURREY    ,85,39,Siamak Arzanpour                                                                                                                                                                                                                                          ,LEC
1177,MSE     ,221,SURREY    ,42,23,Gary Wang                                                                                                                                                                                                                                                 ,LAB
1144,MSE     ,193,SURREY    ,10,0,Harriet Chicoine                                                                                                                                                                                                                                          ,SEC
1167,MSE     ,221,SURREY    ,42,0,Gary Wang                                                                                                                                                                                                                                                 ,LAB
1141,MSE     ,280,SURREY    ,60,60,Amr Marzouk                                                                                                                                                                                                                                               ,LAB
1171,MSE     ,450,SURREY    ,36,31,Jiacheng Wang                                                                                                                                                                                                                                             ,LAB
1181,MSE     ,450,SURREY    ,27,22,Jiacheng Wang                                                                                                                                                                                                                                             ,LAB
1161,MSE     ,110,SURREY    ,30,22,Amr Marzouk                                                                                                                                                                                                                                               ,TUT
1147,MSE     ,493,OFF       ,20,8,Stephanie DeRapp                                                                                                                                                                                                                                          ,SEC
1157,MSE     ,493,OFF       ,35,15,"Harriet Chicoine, Stephanie DeRapp                                                                                                                                                                                                                        ",SEC
1164,CMPT    ,628,OFF       ,15,0,Harriet Chicoine                                                                                                                                                                                                                                          ,PRA
1174,CMPT    ,628,VAN       ,5,0,Harriet Chicoine                                                                                                                                                                                                                                          ,PRA
1101,ENSC    ,182,SURREY    ,24,24,Lakshman One                                                                                                                                                                                                                                              ,TUT
1124,ENSC    ,384,SURREY    ,34,11,"Farid Golnaraghi, Krishna Vijayaraghavan, Mehrdad Moallem, Siamak Arzanpour                                                                                                                                                                               ",LAB
1161,CMPT    ,764,BURNABY   ,35,5,Hao Zhang                                                                                                                                                                                                                                                 ,LEC
1087,ENSC    ,100W      ,BURNABY   ,5,5,<null>,RQL
1094,MATH    ,254,BURNABY   ,32,23,<null>,TUT
1081,KIN     ,304W      ,BURNABY   ,16,16,<null>,TUT
1097,ENSC    ,100W      ,BURNABY   ,5,5,<null>,RQL
1107,MATH    ,150,BURNABY   ,0,0,<null>,OPL
1097,ENSC    ,100W      ,BURNABY   ,7,7,<null>,RQL
1087,TECH    ,106,SURREY    ,24,24,Belgacem Ben Youssef                                                                                                                                                                                                                                      ,LAB
1137,ENSC    ,100W      ,BURNABY   ,8,8,<null>,TUT
1167,ENSC    ,896,OFF       ,10,0,<null>,SEC
1167,ENSC    ,896,BURNABY   ,10,0,<null>,SEC
1111,ENSC    ,894,SURREY    ,5,3,<null>,LAB
1111,MATH    ,240,BURNABY   ,122,79,Karen Yeats                                                                                                                                                                                                                                               ,LEC
1081,CMNS    ,110,BURNABY   ,18,18,<null>,TUT
1087,CMNS    ,110,BURNABY   ,18,18,<null>,TUT
1087,IAT     ,233,SURREY    ,30,26,Russell Taylor                                                                                                                                                                                                                                            ,LAB
1141,MSE     ,251,SURREY    ,130,124,Behraad Bahreyni                                                                                                                                                                                                                                          ,LEC
1161,MSE     ,251,SURREY    ,43,42,Mehrdad Moallem                                                                                                                                                                                                                                           ,LAB
1171,MSE     ,251,SURREY    ,36,36,Behraad Bahreyni                                                                                                                                                                                                                                          ,LAB
1177,MSE     ,320,SURREY    ,50,47,"Kambiz Haji Hajikolaei, Krishna Vijayaraghavan                                                                                                                                                                                                            ",LAB
1177,MSE     ,321,SURREY    ,108,106,Ghasem Behfarshad                                                                                                                                                                                                                                         ,TUT
1157,CMPT    ,130,SURREY    ,26,24,Brian Fraser                                                                                                                                                                                                                                              ,LAB
1131,ENSC    ,436,SURREY    ,19,0,Siamak Arzanpour                                                                                                                                                                                                                                          ,OPL
1137,ENSC    ,100W      ,BURNABY   ,8,8,<null>,TUT
1124,MATH    ,254,BURNABY   ,35,31,<null>,TUT
1121,MATH    ,402W      ,SURREY    ,20,13,Abraham Punnen                                                                                                                                                                                                                                            ,LEC
1101,MATH    ,100,SURREY    ,48,0,<null>,OPL
1131,ENSC    ,105W      ,SURREY    ,100,83,Maureen Hindy                                                                                                                                                                                                                                             ,TUT
1134,MSE     ,496,SURREY    ,5,0,<null>,LAB
1161,MSE     ,280,SURREY    ,130,113,Amr Marzouk                                                                                                                                                                                                                                               ,LEC
1174,MSE     ,381,SURREY    ,55,43,Siamak Arzanpour                                                                                                                                                                                                                                          ,LAB
1134,MSE     ,481,SURREY    ,110,75,Kevin Oldknow                                                                                                                                                                                                                                             ,LEC
1167,MSE     ,320,SURREY    ,35,35,Krishna Vijayaraghavan                                                                                                                                                                                                                                    ,LAB
1137,MSE     ,321,SURREY    ,108,102,". TBD, Peyman Taheri Bonab                                                                                                                                                                                                                                ",LEC
1181,MSE     ,410,SURREY    ,94,90,Flavio Firmani                                                                                                                                                                                                                                            ,SEM
1174,MSE     ,393,SURREY    ,30,20,Stephanie DeRapp                                                                                                                                                                                                                                          ,SEC
1147,CMPT    ,130,SURREY    ,19,16,Toby Donaldson                                                                                                                                                                                                                                            ,LAB
1167,MSE     ,490,SURREY    ,32,27,Flavio Firmani                                                                                                                                                                                                                                            ,SEM
1147,CMPT    ,895,BURNABY   ,5,0,. Faculty                                                                                                                                                                                                                                                 ,IND
1181,MATH    ,396,BURNABY   ,10,6,Razvan Fetecau                                                                                                                                                                                                                                            ,LEC
1127,CMPT    ,626,VAN       ,2,0,"Cristina Eftenaru, Harriet Chicoine                                                                                                                                                                                                                       ",PRA
1117,CMPT    ,166,SURREY    ,20,20,Toby Donaldson                                                                                                                                                                                                                                            ,TUT
1097,ENSC    ,100W      ,BURNABY   ,6,7,<null>,RQL
1097,ENSC    ,100W      ,BURNABY   ,5,5,<null>,RQL
1097,ENSC    ,100W      ,BURNABY   ,8,8,<null>,RQL
1097,ENSC    ,100W      ,BURNABY   ,5,5,<null>,RQL
1117,ENSC    ,470,BURNABY   ,16,15,Glenn Chapman                                                                                                                                                                                                                                             ,LAB
1121,ENSC    ,280,SURREY    ,35,37,<null>,LAB
1121,ENSC    ,312,SURREY    ,60,39,<null>,TUT
1084,IAT     ,102,SURREY    ,24,24,<null>,TUT
1094,IAT     ,102,SURREY    ,24,21,<null>,STL
1104,MATH    ,709,BURNABY   ,20,3,"Nilima Nigam, Paul Tupper                                                                                                                                                                                                                                 ",LEC
1087,ENSC    ,215,BURNABY   ,88,77,William Scratchley                                                                                                                                                                                                                                        ,LEC
1117,ENSC    ,215,BURNABY   ,22,21,William Scratchley                                                                                                                                                                                                                                        ,LAB
1157,CMPT    ,376W      ,BURNABY   ,75,74,Milan Tofiloski                                                                                                                                                                                                                                           ,LEC
1181,CMPT    ,376W      ,BURNABY   ,80,77,". Faculty, Milan Tofiloski                                                                                                                                                                                                                                ",LEC
1081,CMNS    ,375,HRBRCNTR  ,16,18,<null>,TUT
1091,CMNS    ,375,HRBRCNTR  ,11,14,<null>,TUT
1081,CMNS    ,375,HRBRCNTR  ,16,17,<null>,TUT
1147,MATH    ,1XX       ,BURNABY   ,7,19,<null>,LEC
1081,IAT     ,202,SURREY    ,23,0,<null>,STL
1081,IAT     ,202,SURREY    ,23,0,<null>,STL
1094,CMNS    ,473,HRBRCNTR  ,8,9,<null>,LAB
1091,CMNS    ,110,BURNABY   ,18,21,<null>,TUT
1091,MATH    ,197,HRBRCNTR  ,32,28,Michael Coons                                                                                                                                                                                                                                             ,SEM
1087,CMNS    ,110,BURNABY   ,18,19,<null>,TUT
1081,CMNS    ,260,BURNABY   ,18,18,<null>,TUT
1081,CMNS    ,210,HRBRCNTR  ,18,20,<null>,TUT
1084,CMNS    ,260,BURNABY   ,15,13,<null>,TUT
1081,CMNS    ,110,BURNABY   ,18,18,<null>,TUT
1081,CMNS    ,110,BURNABY   ,18,18,<null>,TUT
1091,CMNS    ,110,BURNABY   ,18,20,<null>,TUT
1081,CMNS    ,110,BURNABY   ,18,17,<null>,TUT
1091,CMNS    ,110,BURNABY   ,18,17,<null>,TUT
1087,CMNS    ,479,OFF       ,15,2,. Faculty                                                                                                                                                                                                                                                 ,SEC
1091,CMNS    ,221,SURREY    ,18,19,<null>,TUT
1084,CMNS    ,220,HRBRCNTR  ,18,18,<null>,TUT
1137,CHIN    ,180,BURNABY   ,15,12,Haisheng Jiang                                                                                                                                                                                                                                            ,TUT
1167,ENSC    ,370,BURNABY   ,10,16,Andrew Rawicz                                                                                                                                                                                                                                             ,TUT
1094,KIN     ,208,BURNABY   ,18,12,James Wakeling                                                                                                                                                                                                                                            ,LEC
1087,IAT     ,312,SURREY    ,24,0,. TBD                                                                                                                                                                                                                                                     ,LAB
1091,IAT     ,898,SURREY    ,35,22,. TBD                                                                                                                                                                                                                                                     ,SEC
1084,ENSC    ,220,BURNABY   ,40,36,<null>,TUT
1164,MATH    ,725,BURNABY   ,5,1,Nilima Nigam                                                                                                                                                                                                                                              ,LEC
1124,ENSC    ,225,BURNABY   ,80,81,<null>,RQL
1137,MATH    ,880,BURNABY   ,3,0,. Faculty                                                                                                                                                                                                                                                 ,SEC
1131,MATH    ,819,BURNABY   ,5,3,Michael Monagan                                                                                                                                                                                                                                           ,TUT
1151,MATH    ,843,BURNABY   ,25,3,Stephen Choi                                                                                                                                                                                                                                              ,LEC
1171,MATH    ,396,BURNABY   ,6,6,Randall Pyke                                                                                                                                                                                                                                              ,LEC
1094,KIN     ,304W      ,BURNABY   ,16,15,<null>,TUT
1094,KIN     ,304W      ,BURNABY   ,16,11,<null>,TUT
1134,MATH    ,882,BURNABY   ,10,0,<null>,SEC
1157,MACM    ,204,BURNABY   ,40,38,Nils Bruin                                                                                                                                                                                                                                                ,LEC
1174,ENSC    ,280,BURNABY   ,175,153,Atousa Hajshirmohammadi                                                                                                                                                                                                                                   ,TUT
1127,ENSC    ,100W      ,BURNABY   ,7,6,<null>,TUT
1167,MSE     ,486,SURREY    ,5,0,<null>,SEM
1104,CMPT    ,896,BURNABY   ,2,1,. Faculty                                                                                                                                                                                                                                                 ,SEC
1151,CMPT    ,896,BURNABY   ,40,1,. Faculty                                                                                                                                                                                                                                                 ,SEC
1174,MSE     ,487,SURREY    ,5,0,<null>,SEM
1164,MSE     ,899,SURREY    ,70,52,<null>,SEC
1151,ENSC    ,870,BURNABY   ,10,1,<null>,SEC
1121,ENSC    ,280,SURREY    ,35,34,<null>,LAB
1097,ENSC    ,231,SURREY    ,72,0,<null>,LAB
1091,MATH    ,341,BURNABY   ,32,8,<null>,TUT
1094,MATH    ,254,BURNABY   ,32,17,<null>,TUT
1137,CMPT    ,431,BURNABY   ,65,33,Arrvindh Shriraman                                                                                                                                                                                                                                        ,LEC
1131,ENSC    ,282,SURREY    ,115,115,Carolyn Sparrey                                                                                                                                                                                                                                           ,LEC
1087,ENSC    ,100W      ,BURNABY   ,8,10,<null>,RQL
1087,ENSC    ,100W      ,BURNABY   ,4,3,<null>,RQL
1087,IAT     ,102,SURREY    ,23,24,Angela Tomizu                                                                                                                                                                                                                                             ,LAB
1137,ENSC    ,100W      ,BURNABY   ,8,8,<null>,TUT
1147,ENSC    ,100W      ,BURNABY   ,8,8,<null>,TUT
1087,IAT     ,102,SURREY    ,24,24,Yin Wu                                                                                                                                                                                                                                                    ,LAB
1137,ENSC    ,100W      ,BURNABY   ,8,6,<null>,TUT
1094,IAT     ,100,SURREY    ,24,24,<null>,STL
1121,ENSC    ,460,SURREY    ,0,0,<null>,OPL
1167,ENSC    ,896,BURNABY   ,15,1,<null>,SEC
1174,ENSC    ,803,BURNABY   ,30,20,Stephen Whitmore                                                                                                                                                                                                                                          ,LEC
1094,ENSC    ,803,BURNABY   ,30,28,Stephen Whitmore                                                                                                                                                                                                                                          ,LEC
1104,ENSC    ,331,SURREY    ,22,12,Behraad Bahreyni                                                                                                                                                                                                                                          ,LAB
1087,IAT     ,336,SURREY    ,32,29,Kenneth Zupan                                                                                                                                                                                                                                             ,LAB
1081,CMNS    ,260,BURNABY   ,18,17,<null>,TUT
1094,CMNS    ,210,HRBRCNTR  ,18,13,<null>,TUT
1084,CMNS    ,473,HRBRCNTR  ,7,9,<null>,LAB
1081,CMNS    ,473,HRBRCNTR  ,15,14,<null>,LAB
1091,CMNS    ,473,HRBRCNTR  ,15,14,<null>,LAB
1094,CMNS    ,473,HRBRCNTR  ,8,9,<null>,LAB
1087,CMNS    ,331,BURNABY   ,18,12,<null>,TUT
1087,CMNS    ,110,BURNABY   ,18,15,<null>,TUT
1081,CMPT    ,165,BURNABY   ,35,33,<null>,LAB
1087,CMNS    ,261,BURNABY   ,18,14,<null>,TUT
1087,CMNS    ,362,HRBRCNTR  ,17,16,<null>,TUT
1091,CMNS    ,473,HRBRCNTR  ,15,16,<null>,LAB
1084,CMNS    ,473,HRBRCNTR  ,7,9,<null>,LAB
1101,CMPT    ,899,BURNABY   ,100,86,<null>,SEC
1181,CHIN    ,291,BURNABY   ,25,22,Cynthia Xie                                                                                                                                                                                                                                               ,LEC
1181,CMPT    ,721,BURNABY   ,15,5,James Delgrande                                                                                                                                                                                                                                           ,LEC
1081,IAT     ,445,SURREY    ,118,62,Stephen Dipaola                                                                                                                                                                                                                                           ,LEC
1154,CMPT    ,477,BURNABY   ,60,58,Evgenia Ternovska                                                                                                                                                                                                                                         ,LEC
1087,IAT     ,312,SURREY    ,24,24,Magy Seif El-Nasr                                                                                                                                                                                                                                         ,LAB
1161,MATH    ,743,BURNABY   ,10,3,Cedric Chauve                                                                                                                                                                                                                                             ,LEC
1181,MATH    ,743,BURNABY   ,5,0,Marni Mishna                                                                                                                                                                                                                                              ,LEC
1094,IAT     ,897,SURREY    ,50,14,. TBD                                                                                                                                                                                                                                                     ,SEC
1091,KIN     ,497,BURNABY   ,5,3,<null>,SEC
1091,IAT     ,842,SURREY    ,20,9,Magy Seif El-Nasr                                                                                                                                                                                                                                         ,LEC
1091,IAT     ,244,SURREY    ,24,24,. TBD                                                                                                                                                                                                                                                     ,STL
1101,CMPT    ,261,BURNABY   ,0,0,Hao Zhang                                                                                                                                                                                                                                                 ,LAB
1147,ENSC    ,898,BURNABY   ,100,24,<null>,SEC
1171,CMPT    ,225,SURREY    ,96,65,Toby Donaldson                                                                                                                                                                                                                                            ,LEC
1171,CMPT    ,225,SURREY    ,24,12,Toby Donaldson                                                                                                                                                                                                                                            ,LAB
1117,CMPT    ,225,SURREY    ,26,26,John Edgar                                                                                                                                                                                                                                                ,LAB
1091,CMPT    ,225,HRBRCNTR  ,20,10,Michael Evans                                                                                                                                                                                                                                             ,LAB
1141,ENSC    ,452,BURNABY   ,25,23,Lesley Shannon                                                                                                                                                                                                                                            ,LEC
1154,ENSC    ,896,OFF       ,10,0,<null>,SEC
1154,ENSC    ,896,BURNABY   ,10,1,<null>,SEC
1081,IAT     ,431,SURREY    ,24,25,Diane Gromala                                                                                                                                                                                                                                             ,STL
1161,ENSC    ,328,BURNABY   ,3,0,Atousa Hajshirmohammadi                                                                                                                                                                                                                                   ,LEC
1117,ENSC    ,472,BURNABY   ,20,5,"Andrew Rawicz, Stephen Robinovitch                                                                                                                                                                                                                        ",TUT
1141,MATH    ,150,BURNABY   ,35,30,"Jamie Mulholland, Veselin Jungic                                                                                                                                                                                                                          ",SEC
1127,ENSC    ,100W      ,BURNABY   ,5,5,. Faculty                                                                                                                                                                                                                                                 ,TUT
1167,ENSC    ,100W      ,BURNABY   ,9,8,Michael Sjoerdsma                                                                                                                                                                                                                                         ,LAB
1177,ENSC    ,100W      ,BURNABY   ,8,8,Michael Sjoerdsma                                                                                                                                                                                                                                         ,LAB
1177,ENSC    ,100W      ,BURNABY   ,8,7,Michael Sjoerdsma                                                                                                                                                                                                                                         ,LAB
1081,CMNS    ,223W      ,SURREY    ,48,32,Jody Baker                                                                                                                                                                                                                                                ,LEC
1094,CMPT    ,125,BURNABY   ,25,15,Louis Hafer                                                                                                                                                                                                                                               ,LAB
1097,CMPT    ,128,BURNABY   ,27,27,Janice Regan                                                                                                                                                                                                                                              ,LAB
1177,CMPT    ,128,BURNABY   ,23,22,Ghassan Hamarneh                                                                                                                                                                                                                                          ,LAB
1134,ENSC    ,395,OFF       ,10,17,<null>,SEC
1104,ENSC    ,295,BURNABY   ,32,33,<null>,SEC
1097,ENSC    ,295,OFF       ,10,6,<null>,SEC
1167,CMPT    ,120,BURNABY   ,25,25,Diana Cukierman                                                                                                                                                                                                                                           ,LAB
1157,CMPT    ,705,BURNABY   ,65,27,Andrei Bulatov                                                                                                                                                                                                                                            ,LEC
1084,MATH    ,880,BURNABY   ,3,0,. Faculty                                                                                                                                                                                                                                                 ,SEC
1131,MATH    ,880,BURNABY   ,3,0,. Faculty                                                                                                                                                                                                                                                 ,SEC
1084,MATH    ,880,BURNABY   ,3,0,. Faculty                                                                                                                                                                                                                                                 ,SEC
1094,MATH    ,880,BURNABY   ,3,1,Michael Monagan                                                                                                                                                                                                                                           ,SEC
1091,IAT     ,410,SURREY    ,51,44,Yingchen Yang                                                                                                                                                                                                                                             ,LEC
1124,CMPT    ,126,BURNABY   ,26,23,Anne Lavergne                                                                                                                                                                                                                                             ,LAB
1121,CMPT    ,125,BURNABY   ,25,25,Diana Cukierman                                                                                                                                                                                                                                           ,LAB
1124,ENSC    ,331,SURREY    ,18,20,Behraad Bahreyni                                                                                                                                                                                                                                          ,LAB
1124,ENSC    ,215,BURNABY   ,88,76,William Scratchley                                                                                                                                                                                                                                        ,LEC
1151,CMPT    ,764,BURNABY   ,10,7,Hao Zhang                                                                                                                                                                                                                                                 ,LEC
1124,CMPT    ,126,BURNABY   ,22,20,Anne Lavergne                                                                                                                                                                                                                                             ,LAB
1161,CMPT    ,126,BURNABY   ,25,0,Ali Madooei                                                                                                                                                                                                                                               ,LAB
1107,CMPT    ,126,HRBRCNTR  ,20,15,Diana Cukierman                                                                                                                                                                                                                                           ,LAB
1181,ENSC    ,499,BURNABY   ,10,5,<null>,SEC
1174,ENSC    ,898,OFF       ,10,2,<null>,SEC
1124,ENSC    ,429,BURNABY   ,35,17,<null>,TUT
1174,ENSC    ,405W      ,BURNABY   ,34,12,Stephen Whitmore                                                                                                                                                                                                                                          ,LEC
1177,MSE     ,352,SURREY    ,40,25,Mohammad Narimani                                                                                                                                                                                                                                         ,LAB
1177,CMPT    ,732,BURNABY   ,70,55,"Gregory Baker, Steven Bergner                                                                                                                                                                                                                             ",LEC
1177,CMPT    ,732,BURNABY   ,35,26,Gregory Baker                                                                                                                                                                                                                                             ,LAB
1161,MSE     ,780,SURREY    ,8,9,Kevin Oldknow                                                                                                                                                                                                                                             ,LAB
1161,MSE     ,780,SURREY    ,4,5,Kevin Oldknow                                                                                                                                                                                                                                             ,LAB
1137,MSE     ,894,SURREY    ,25,6,Maureen Hindy                                                                                                                                                                                                                                             ,LEC
1164,MSE     ,489,SURREY    ,2,1,Farid Golnaraghi                                                                                                                                                                                                                                          ,SEM
1174,MSE     ,489,SURREY    ,5,2,Farid Golnaraghi                                                                                                                                                                                                                                          ,SEM
1131,CMPT    ,135,SURREY    ,15,12,Louis Hafer                                                                                                                                                                                                                                               ,LAB
1107,ENSC    ,100W      ,BURNABY   ,5,5,Michael Sjoerdsma                                                                                                                                                                                                                                         ,TUT
1177,ENSC    ,100W      ,BURNABY   ,8,8,Michael Sjoerdsma                                                                                                                                                                                                                                         ,LAB
1091,IAT     ,881,SURREY    ,10,7,Diane Gromala                                                                                                                                                                                                                                             ,SEM
1087,IAT     ,872,SURREY    ,1,1,Thomas Calvert                                                                                                                                                                                                                                            ,SEM
1084,IAT     ,244,SURREY    ,24,21,Michael Filimowicz                                                                                                                                                                                                                                        ,STL
1087,IAT     ,265,SURREY    ,24,20,Yingchen Yang                                                                                                                                                                                                                                             ,LAB
1087,IAT     ,265,SURREY    ,24,8,Yingchen Yang                                                                                                                                                                                                                                             ,LAB
1157,CMPT    ,225,BURNABY   ,26,26,David Mitchell                                                                                                                                                                                                                                            ,LAB
1131,CMPT    ,225,HRBRCNTR  ,52,49,David Mitchell                                                                                                                                                                                                                                            ,LEC
1177,CMPT    ,318,BURNABY   ,120,113,Gregory Baker                                                                                                                                                                                                                                             ,LEC
1094,KIN     ,140,BURNABY   ,17,17,<null>,TUT
1087,KIN     ,140,BURNABY   ,19,19,<null>,TUT
1174,MATH    ,310,BURNABY   ,34,34,<null>,TUT
1114,CMPT    ,125,SURREY    ,50,44,Brian Fraser                                                                                                                                                                                                                                              ,LEC
1111,CMPT    ,125,SURREY    ,24,24,Brian Fraser                                                                                                                                                                                                                                              ,LAB
1147,CMPT    ,128,BURNABY   ,208,205,Janice Regan                                                                                                                                                                                                                                              ,LEC
1171,MATH    ,252,BURNABY   ,36,36,<null>,TUT
1091,MATH    ,242,SURREY    ,32,5,<null>,TUT
1151,CMPT    ,225,BURNABY   ,182,182,David Mitchell                                                                                                                                                                                                                                            ,LEC
1097,CMPT    ,225,BURNABY   ,26,18,Michael Evans                                                                                                                                                                                                                                             ,LAB
1137,CMPT    ,225,BURNABY   ,26,23,Michael Evans                                                                                                                                                                                                                                             ,LAB
1114,CMPT    ,225,BURNABY   ,26,26,Anne Lavergne                                                                                                                                                                                                                                             ,LAB
1141,MATH    ,251,BURNABY   ,40,0,<null>,OPL
1137,CMPT    ,225,SURREY    ,26,26,John Edgar                                                                                                                                                                                                                                                ,LAB
1151,CMPT    ,376W      ,BURNABY   ,90,91,Frederick Popowich                                                                                                                                                                                                                                        ,LEC
1127,CMPT    ,376W      ,BURNABY   ,75,75,Arthur Liestman                                                                                                                                                                                                                                           ,LEC
1087,CMNS    ,223W      ,BURNABY   ,96,97,Zoe Druick                                                                                                                                                                                                                                                ,LEC
1174,ENSC    ,498,BURNABY   ,10,4,<null>,SEC
1121,ENSC    ,898,OFF       ,0,0,<null>,SEC
1097,CMPT    ,128,SURREY    ,20,20,John Edgar                                                                                                                                                                                                                                                ,LAB
1091,CMPT    ,225,BURNABY   ,8,7,Michael Evans                                                                                                                                                                                                                                             ,LAB
1154,ENSC    ,891,BURNABY   ,40,9,<null>,SEC
1127,ENSC    ,891,SURREY    ,25,9,<null>,SEC
1091,ENSC    ,851,BURNABY   ,12,11,<null>,LAB
1161,ENSC    ,492,BURNABY   ,2,0,<null>,SEC
1124,ENSC    ,395,BURNABY   ,30,28,<null>,SEC
1134,ENSC    ,395,BURNABY   ,25,32,<null>,SEC
1087,CMPT    ,120,BURNABY   ,33,33,Diana Cukierman                                                                                                                                                                                                                                           ,LAB
1177,CMPT    ,120,BURNABY   ,26,26,Diana Cukierman                                                                                                                                                                                                                                           ,LAB
1177,CMPT    ,120,BURNABY   ,26,26,Diana Cukierman                                                                                                                                                                                                                                           ,LAB
1167,MATH    ,396,OFF       ,1,1,Jamie Mulholland                                                                                                                                                                                                                                          ,LEC
1097,ENSC    ,382,SURREY    ,72,52,Gary Wang                                                                                                                                                                                                                                                 ,LEC
1127,ENSC    ,382,SURREY    ,90,63,Gary Wang                                                                                                                                                                                                                                                 ,TUT
1127,ENSC    ,182,SURREY    ,30,30,". TBD, Amr Marzouk                                                                                                                                                                                                                                        ",LAB
1101,ENSC    ,226,SURREY    ,72,70,Mehrdad Moallem                                                                                                                                                                                                                                           ,LEC
1081,CMPT    ,125,SURREY    ,96,49,Toby Donaldson                                                                                                                                                                                                                                            ,LEC
1131,MATH    ,240,BURNABY   ,122,71,Mary Catherine Kropinski                                                                                                                                                                                                                                  ,LEC
1164,ENSC    ,898,BURNABY   ,120,30,<null>,SEC
1141,MATH    ,748,SURREY    ,10,1,"Abraham Punnen, Tamon Stephen                                                                                                                                                                                                                             ",LEC
1137,CMPT    ,128,BURNABY   ,26,25,Janice Regan                                                                                                                                                                                                                                              ,LAB
1147,CMPT    ,225,BURNABY   ,104,104,David Mitchell                                                                                                                                                                                                                                            ,LEC
1151,MSE     ,222,SURREY    ,130,104,Carolyn Sparrey                                                                                                                                                                                                                                           ,LEC
1151,CMPT    ,895,BURNABY   ,5,0,. Faculty                                                                                                                                                                                                                                                 ,IND
1137,ENSC    ,411,BURNABY   ,0,5,John Jones                                                                                                                                                                                                                                                ,LEC
1091,ENSC    ,395,BURNABY   ,25,14,<null>,SEC
1181,CMPT    ,896,BURNABY   ,10,4,. Faculty                                                                                                                                                                                                                                                 ,SEC
1171,CHIN    ,280,BURNABY   ,8,5,Cynthia Xie                                                                                                                                                                                                                                               ,TUT
1111,ENSC    ,305,SURREY    ,72,30,<null>,TUT
1104,ENSC    ,295,OFF       ,10,2,<null>,SEC
1097,MATH    ,796,BURNABY   ,15,1,Tom Archibald                                                                                                                                                                                                                                             ,SEC
1127,CMPT    ,120,BURNABY   ,26,24,Diana Cukierman                                                                                                                                                                                                                                           ,LAB
1157,CMPT    ,276,BURNABY   ,85,85,Bobby Chan                                                                                                                                                                                                                                                ,LEC
1137,CMPT    ,120,BURNABY   ,26,26,Diana Cukierman                                                                                                                                                                                                                                           ,LAB
1161,MATH    ,795,BURNABY   ,10,3,Manfred Trummer                                                                                                                                                                                                                                           ,LEC
1141,MATH    ,152,BURNABY   ,200,0,<null>,OPL
1144,CMPT    ,225,SURREY    ,26,26,John Edgar                                                                                                                                                                                                                                                ,LAB
1101,CMPT    ,225,HRBRCNTR  ,50,41,Gregory Mori                                                                                                                                                                                                                                              ,LEC
1111,CMPT    ,225,HRBRCNTR  ,45,39,Michael Evans                                                                                                                                                                                                                                             ,LEC
1181,CMPT    ,120,BURNABY   ,26,26,Angelica Lim                                                                                                                                                                                                                                              ,LAB
1117,CMPT    ,120,BURNABY   ,180,173,Arthur Kirkpatrick                                                                                                                                                                                                                                        ,LEC
1091,MATH    ,320,BURNABY   ,32,27,<null>,TUT
1124,CMPT    ,120,SURREY    ,18,16,Brian Fraser                                                                                                                                                                                                                                              ,LAB
1124,MATH    ,310,BURNABY   ,36,35,<null>,TUT
1147,CMPT    ,120,BURNABY   ,26,25,Diana Cukierman                                                                                                                                                                                                                                           ,LAB
1107,CMPT    ,120,BURNABY   ,25,26,Bradley Bart                                                                                                                                                                                                                                              ,LAB
1101,MACM    ,316,SURREY    ,30,15,<null>,TUT
1141,MATH    ,743,BURNABY   ,10,4,Marni Mishna                                                                                                                                                                                                                                              ,LEC
1101,CMPT    ,886,BURNABY   ,35,29,Alexandra Fedorova                                                                                                                                                                                                                                        ,SEM
1111,CMPT    ,886,BURNABY   ,30,27,Alexandra Fedorova                                                                                                                                                                                                                                        ,SEM
1091,IAT     ,872,SURREY    ,1,1,Thomas Calvert                                                                                                                                                                                                                                            ,SEM
1091,CMPT    ,705,BURNABY   ,24,24,Petra Berenbrink                                                                                                                                                                                                                                          ,LEC
1144,MSE     ,420,SURREY    ,35,0,<null>,OPL
1164,MSE     ,722,SURREY    ,3,0,<null>,LAB
1137,MSE     ,393,SURREY    ,20,0,<null>,SEC
1111,ENSC    ,280,SURREY    ,80,0,<null>,TUT
1134,CMPT    ,120,BURNABY   ,26,25,Muntaseer Salahuddin                                                                                                                                                                                                                                      ,LAB
1131,CMPT    ,120,BURNABY   ,26,24,Diana Cukierman                                                                                                                                                                                                                                           ,LAB
1124,CMPT    ,120,SURREY    ,22,22,Brian Fraser                                                                                                                                                                                                                                              ,LAB
1137,CMPT    ,128,BURNABY   ,26,25,Janice Regan                                                                                                                                                                                                                                              ,LAB
1131,CMPT    ,225,BURNABY   ,26,26,Gregory Mori                                                                                                                                                                                                                                              ,LAB
1107,CMPT    ,225,BURNABY   ,26,26,David Mitchell                                                                                                                                                                                                                                            ,LAB
1124,CMPT    ,225,BURNABY   ,25,25,Anne Lavergne                                                                                                                                                                                                                                             ,LAB
1161,ENSC    ,499,BURNABY   ,10,5,<null>,SEC
1104,CMPT    ,120,BURNABY   ,20,18,Colin Stewart                                                                                                                                                                                                                                             ,LAB
1087,CMPT    ,120,BURNABY   ,27,27,Diana Cukierman                                                                                                                                                                                                                                           ,LAB
1101,CMPT    ,120,SURREY    ,96,79,John Edgar                                                                                                                                                                                                                                                ,LEC
1151,CMPT    ,120,BURNABY   ,26,26,Diana Cukierman                                                                                                                                                                                                                                           ,LAB
1167,CMPT    ,120,BURNABY   ,26,25,Diana Cukierman                                                                                                                                                                                                                                           ,LAB
1167,CMPT    ,120,BURNABY   ,26,26,Diana Cukierman                                                                                                                                                                                                                                           ,LAB
1091,IAT     ,267,SURREY    ,24,25,Helmine Serban                                                                                                                                                                                                                                            ,STL
1114,ENSC    ,331,SURREY    ,82,39,". Faculty, Behraad Bahreyni                                                                                                                                                                                                                               ",LEC
1151,MACM    ,316,BURNABY   ,36,32,<null>,TUT
1137,MATH    ,157,BURNABY   ,60,0,<null>,OPL
1101,MATH    ,898,BURNABY   ,35,18,<null>,SEC
1117,MATH    ,310,BURNABY   ,32,0,<null>,TUT
1094,MATH    ,310,BURNABY   ,32,32,<null>,TUT
1117,CMPT    ,889,BURNABY   ,15,8,Richard Vaughan                                                                                                                                                                                                                                           ,LEC
1117,MATH    ,310,BURNABY   ,33,33,<null>,TUT
1107,MATH    ,310,BURNABY   ,32,31,<null>,TUT
1134,MATH    ,899,OFF       ,5,0,<null>,SEC
1147,MATH    ,899,OFF       ,5,1,<null>,SEC
1181,MATH    ,894,BURNABY   ,10,0,<null>,SEC
1127,MATH    ,898,OFF       ,35,0,<null>,SEC
1157,MATH    ,894,BURNABY   ,6,0,<null>,SEC
1144,MATH    ,898,OFF       ,5,0,<null>,SEC
1144,MATH    ,898,BURNABY   ,35,26,<null>,SEC
1091,MATH    ,190,BURNABY   ,60,0,<null>,OPL
1161,CMPT    ,880,BURNABY   ,45,7,William Sumner                                                                                                                                                                                                                                            ,LEC
1141,MATH    ,314,BURNABY   ,25,15,<null>,TUT
1151,MATH    ,314,BURNABY   ,32,15,<null>,TUT
1134,CMPT    ,120,BURNABY   ,26,26,Muntaseer Salahuddin                                                                                                                                                                                                                                      ,LAB
1157,MATH    ,190,BURNABY   ,60,0,<null>,OPL
1131,CMPT    ,882,BURNABY   ,25,4,Evgenia Ternovska                                                                                                                                                                                                                                         ,LEC
1111,ENSC    ,350,BURNABY   ,1,0,<null>,OPL
1137,CMPT    ,250,BURNABY   ,26,25,Anthony Dixon                                                                                                                                                                                                                                             ,LAB
1151,CMPT    ,250,BURNABY   ,26,26,Anthony Dixon                                                                                                                                                                                                                                             ,LAB
1111,CMPT    ,429,BURNABY   ,5,5,Harriet Chicoine                                                                                                                                                                                                                                          ,SEC
1154,CMPT    ,429,OFF       ,5,0,Harriet Chicoine                                                                                                                                                                                                                                          ,SEC
1084,CMPT    ,411,BURNABY   ,20,20,James Delgrande                                                                                                                                                                                                                                           ,LEC
1087,CMPT    ,408,BURNABY   ,10,3,Ayse Ergun                                                                                                                                                                                                                                                ,LEC
1117,ENSC    ,100,BURNABY   ,2,2,. Faculty                                                                                                                                                                                                                                                 ,TUT
1171,ENSC    ,196,BURNABY   ,20,13,Harriet Chicoine                                                                                                                                                                                                                                          ,SEC
1107,CMPT    ,120,BURNABY   ,25,25,Bradley Bart                                                                                                                                                                                                                                              ,LAB
1174,MATH    ,310,BURNABY   ,36,35,<null>,TUT
1107,MATH    ,310,SURREY    ,24,24,<null>,TUT
1117,MATH    ,890,BBY       ,20,0,<null>,SEC
1081,MATH    ,899,BURNABY   ,35,17,<null>,SEC
1114,ENSC    ,894,SURREY    ,15,10,". Faculty, Erik Kjeang                                                                                                                                                                                                                                    ",LEC
1151,ENSC    ,894,BURNABY   ,2,3,Marinko Sarunic                                                                                                                                                                                                                                           ,LEC
1087,ENSC    ,894,BURNABY   ,10,8,"Kamal Gupta, Shahram Payandeh                                                                                                                                                                                                                             ",LEC
1117,ENSC    ,894,BURNABY   ,2,0,Glenn Chapman                                                                                                                                                                                                                                             ,LAB
1094,CMNS    ,480,BURNABY   ,10,16,. Faculty                                                                                                                                                                                                                                                 ,SEC
1127,CMPT    ,250,BURNABY   ,26,26,Anthony Dixon                                                                                                                                                                                                                                             ,LAB
1137,CMPT    ,250,SURREY    ,26,26,Brian Fraser                                                                                                                                                                                                                                              ,LAB
1174,CMPT    ,320,BURNABY   ,100,98,Steven Pearce                                                                                                                                                                                                                                             ,LEC
1177,CMPT    ,120,BURNABY   ,26,26,Diana Cukierman                                                                                                                                                                                                                                           ,LAB
1111,CMPT    ,120,SURREY    ,26,22,. Sessional                                                                                                                                                                                                                                               ,LAB
1144,CMPT    ,120,BURNABY   ,26,23,Steven Pearce                                                                                                                                                                                                                                             ,LAB
1177,CMPT    ,120,BURNABY   ,26,26,Diana Cukierman                                                                                                                                                                                                                                           ,LAB
1121,MATH    ,880,BURNABY   ,3,0,. Faculty                                                                                                                                                                                                                                                 ,SEC
1104,MATH    ,240,BURNABY   ,60,0,<null>,OPL
1097,MATH    ,1XXQ      ,BURNABY   ,20,6,<null>,LEC
1091,KIN     ,201,BURNABY   ,18,17,<null>,TUT
1087,MATH    ,152,BURNABY   ,60,0,<null>,OPL
1144,MACM    ,316,BURNABY   ,40,41,<null>,TUT
1111,MACM    ,316,BURNABY   ,32,23,<null>,TUT
1131,MACM    ,201,BURNABY   ,60,0,<null>,OPL
1094,KIN     ,382,BURNABY   ,8,8,<null>,LAB
1097,MATH    ,151,BURNABY   ,50,0,<null>,SEC
1117,MACM    ,201,BURNABY   ,60,0,<null>,OPL
1081,MACM    ,202,BURNABY   ,22,0,<null>,TUT
1171,MATH    ,232,BURNABY   ,60,0,<null>,OPL
1164,MATH    ,310,BURNABY   ,43,42,<null>,TUT
1147,ENSC    ,460,BURNABY   ,50,14,Marinko Sarunic                                                                                                                                                                                                                                           ,LEC
1081,CMPT    ,880,BURNABY   ,8,4,Evgenia Ternovska                                                                                                                                                                                                                                         ,LEC
1107,CMPT    ,120,BURNABY   ,25,24,Bradley Bart                                                                                                                                                                                                                                              ,LAB
1147,CMPT    ,880,SURREY    ,10,10,Mohamed Hefeeda                                                                                                                                                                                                                                           ,LEC
1147,MATH    ,310,BURNABY   ,32,32,<null>,TUT
1124,MATH    ,310,BURNABY   ,36,34,<null>,TUT
1134,MATH    ,310,BURNABY   ,40,36,<null>,TUT
1081,CMNS    ,455,BURNABY   ,25,11,Mary Milberry                                                                                                                                                                                                                                             ,SEM
1094,CMNS    ,363,BURNABY   ,25,20,Stephen Kline                                                                                                                                                                                                                                             ,LEC
1081,CMNS    ,483,OFF       ,25,14,. Faculty                                                                                                                                                                                                                                                 ,SEC
1087,CMNS    ,800,BURNABY   ,25,13,Gary McCarron                                                                                                                                                                                                                                             ,SEM
1084,CMPT    ,150,BURNABY   ,26,12,Bobby Chan                                                                                                                                                                                                                                                ,LAB
1081,CMPT    ,150,BURNABY   ,25,25,Anthony Dixon                                                                                                                                                                                                                                             ,LAB
1117,ENSC    ,100,BURNABY   ,5,5,. Faculty                                                                                                                                                                                                                                                 ,TUT
1107,ENSC    ,100,BURNABY   ,3,2,Michael Sjoerdsma                                                                                                                                                                                                                                         ,TUT
1131,ENSC    ,380,SURREY    ,100,100,Amr Marzouk                                                                                                                                                                                                                                               ,TUT
1151,ENSC    ,330,BURNABY   ,120,88,Bozena Kaminska                                                                                                                                                                                                                                           ,LEC
1174,ENSC    ,225,BURNABY   ,165,158,Meenakshinathan Parameswaran                                                                                                                                                                                                                              ,RQL
1157,ENSC    ,196,OFF       ,25,4,Harriet Chicoine                                                                                                                                                                                                                                          ,SEC
1177,ENSC    ,196,OFF       ,15,1,Harriet Chicoine                                                                                                                                                                                                                                          ,SEC
1094,ENSC    ,425,BURNABY   ,50,43,Lakshman One                                                                                                                                                                                                                                              ,LEC
1124,ENSC    ,380,BURNABY   ,50,42,Paul Ho                                                                                                                                                                                                                                                   ,LEC
1094,CMNS    ,395,BURNABY   ,25,20,Marcia Shimizu                                                                                                                                                                                                                                            ,PRA
1151,CMPT    ,310,SURREY    ,68,62,Kay Wiese                                                                                                                                                                                                                                                 ,LEC
1081,CMNS    ,453,BURNABY   ,40,22,Richard Smith                                                                                                                                                                                                                                             ,SEC
1094,CMNS    ,438,OFF       ,10,0,. Faculty                                                                                                                                                                                                                                                 ,SEC
1094,CMNS    ,426,BURNABY   ,20,9,Stephen Kline                                                                                                                                                                                                                                             ,SEM
1091,CMNS    ,410,BURNABY   ,15,14,Richard Gruneau                                                                                                                                                                                                                                           ,SEM
1094,KIN     ,431,BURNABY   ,54,48,Miriam Rosin                                                                                                                                                                                                                                              ,LEC
1091,CMNS    ,882,OFF       ,15,0,. Faculty                                                                                                                                                                                                                                                 ,SEC
1137,CMPT    ,165,BURNABY   ,26,25,Gregory Baker                                                                                                                                                                                                                                             ,LAB
1101,CMPT    ,165,SURREY    ,24,17,. Sessional                                                                                                                                                                                                                                               ,LAB
1101,CMPT    ,150,BURNABY   ,26,25,Anthony Dixon                                                                                                                                                                                                                                             ,LAB
1127,MATH    ,308,BURNABY   ,42,38,<null>,TUT
1137,MATH    ,308,BURNABY   ,36,35,<null>,TUT
1157,MATH    ,310,BURNABY   ,36,35,<null>,TUT
1151,ENSC    ,894,BURNABY   ,15,7,Ljiljana Trajkovic                                                                                                                                                                                                                                        ,LEC
1111,CMPT    ,471,SURREY    ,0,0,<null>,LEC
1107,ENSC    ,220,BURNABY   ,91,89,Ali Abdul Hussein                                                                                                                                                                                                                                         ,TUT
1131,ENSC    ,861,BURNABY   ,40,4,Jie Liang                                                                                                                                                                                                                                                 ,SEC
1087,CMNS    ,235,BURNABY   ,90,78,Donald Gutstein                                                                                                                                                                                                                                           ,LEC
1087,CMNS    ,425,HRBRCNTR  ,40,43,Martin Laba                                                                                                                                                                                                                                               ,SEM
1091,CMNS    ,830,HRBRCNTR  ,15,5,Zoe Druick                                                                                                                                                                                                                                                ,SEM
1157,MATH    ,152,BURNABY   ,300,247,Nathan Ilten                                                                                                                                                                                                                                              ,LEC
1161,MATH    ,152,SURREY    ,150,103,Timothy James Yusun                                                                                                                                                                                                                                       ,LEC
1164,CMPT    ,320,BURNABY   ,120,119,Steven Pearce                                                                                                                                                                                                                                             ,LEC
1124,CMPT    ,470,HRBRCNTR  ,65,66,Gregory Baker                                                                                                                                                                                                                                             ,LEC
1101,CMPT    ,429,OFF       ,10,1,Frances McLafferty                                                                                                                                                                                                                                        ,SEC
1127,CMPT    ,429,OFF       ,5,4,"Cristina Eftenaru, Harriet Chicoine                                                                                                                                                                                                                       ",SEC
1144,CMPT    ,429,OFF       ,5,1,Harriet Chicoine                                                                                                                                                                                                                                          ,SEC
1081,CMPT    ,897,BURNABY   ,40,9,. Faculty                                                                                                                                                                                                                                                 ,SEC
1161,CMPT    ,897,BURNABY   ,10,2,. Faculty                                                                                                                                                                                                                                                 ,SEC
1171,CMPT    ,897,BURNABY   ,10,1,. Faculty                                                                                                                                                                                                                                                 ,SEC
1107,ENSC    ,100,BURNABY   ,88,59,John Jones                                                                                                                                                                                                                                                ,LEC
1107,ENSC    ,100,BURNABY   ,2,1,Michael Sjoerdsma                                                                                                                                                                                                                                         ,TUT
1094,CMNS    ,375,HRBRCNTR  ,64,74,Robert Mercer                                                                                                                                                                                                                                             ,LEC
1094,CMNS    ,395,OFF       ,25,3,Marcia Shimizu                                                                                                                                                                                                                                            ,PRA
1091,CMNS    ,408,BURNABY   ,5,0,. Faculty                                                                                                                                                                                                                                                 ,SEC
1087,KIN     ,453,BURNABY   ,5,0,Darleen Bemister                                                                                                                                                                                                                                          ,PRA
1094,KIN     ,498,BURNABY   ,5,10,Laurie Klak                                                                                                                                                                                                                                               ,SEC
1081,CMPT    ,110,SURREY    ,48,12,John Edgar                                                                                                                                                                                                                                                ,LEC
1091,CMNS    ,891,OFF       ,5,0,Marcia Shimizu                                                                                                                                                                                                                                            ,SEC
1101,CMPT    ,150,SURREY    ,24,15,Harinder Khangura                                                                                                                                                                                                                                         ,LAB
1117,CMPT    ,250,BURNABY   ,26,26,Anthony Dixon                                                                                                                                                                                                                                             ,LAB
1094,CMNS    ,899,BURNABY   ,40,20,. Faculty                                                                                                                                                                                                                                                 ,SEC
1107,CMPT    ,310,BURNABY   ,60,50,Robert Hadley                                                                                                                                                                                                                                             ,LEC
1127,CMPT    ,307,BURNABY   ,60,55,Bradley Bart                                                                                                                                                                                                                                              ,LEC
1127,CMPT    ,307,SURREY    ,15,13,Thomas Shermer                                                                                                                                                                                                                                            ,LEC
1157,CMPT    ,300,BURNABY   ,85,86,Brian Booth                                                                                                                                                                                                                                               ,LEC
1094,CMPT    ,250,HRBRCNTR  ,42,24,Yuzhuang Hu                                                                                                                                                                                                                                               ,LEC
1111,CMPT    ,165,BURNABY   ,208,202,Gregory Baker                                                                                                                                                                                                                                             ,LEC
1131,CMPT    ,371,BURNABY   ,80,83,Ayse Ergun                                                                                                                                                                                                                                                ,LEC
1094,CMPT    ,429,OFF       ,30,1,Harriet Chicoine                                                                                                                                                                                                                                          ,SEC
1127,CMPT    ,430,METRO     ,10,6,"Cristina Eftenaru, Harriet Chicoine                                                                                                                                                                                                                       ",SEC
1107,CMPT    ,429,OFF       ,7,5,Harriet Chicoine                                                                                                                                                                                                                                          ,SEC
1154,CMPT    ,430,OFF       ,5,0,Harriet Chicoine                                                                                                                                                                                                                                          ,SEC
1141,MATH    ,486,BURNABY   ,20,0,Stuart Billings                                                                                                                                                                                                                                           ,SEC
1167,MATH    ,486,BURNABY   ,20,0,Stuart Billings                                                                                                                                                                                                                                           ,SEC
1167,MATH    ,486,OFF       ,20,0,Stuart Billings                                                                                                                                                                                                                                           ,SEC
1154,CMPT    ,165,SURREY    ,122,95,Brian Fraser                                                                                                                                                                                                                                              ,LEC
1111,CMPT    ,165,BURNABY   ,26,26,Gregory Baker                                                                                                                                                                                                                                             ,LAB
1147,CMPT    ,165,BURNABY   ,75,72,". Faculty, Stephen Makonin                                                                                                                                                                                                                                ",SEC
1114,CMPT    ,165,BURNABY   ,26,25,Anne Lavergne                                                                                                                                                                                                                                             ,LAB
1104,CMPT    ,165,BURNABY   ,25,24,Bobby Chan                                                                                                                                                                                                                                                ,LAB
1114,CMPT    ,165,BURNABY   ,26,25,Anne Lavergne                                                                                                                                                                                                                                             ,LAB
1147,CMPT    ,165,BURNABY   ,75,73,". Faculty, Stephen Makonin                                                                                                                                                                                                                                ",SEC
1127,CMPT    ,165,BURNABY   ,26,26,Anne Lavergne                                                                                                                                                                                                                                             ,LAB
1157,ENSC    ,196,BURNABY   ,25,13,Harriet Chicoine                                                                                                                                                                                                                                          ,SEC
1101,CMPT    ,430,OFF       ,10,0,Frances McLafferty                                                                                                                                                                                                                                        ,SEC
1094,CMPT    ,429,BURNABY   ,30,8,Harriet Chicoine                                                                                                                                                                                                                                          ,SEC
1131,CMPT    ,429,METRO     ,30,14,Harriet Chicoine                                                                                                                                                                                                                                          ,SEC
1081,CMPT    ,408,BURNABY   ,25,8,Qianping Gu                                                                                                                                                                                                                                               ,LEC
1167,CMPT    ,815,BURNABY   ,45,6,Ramesh Krishnamurti                                                                                                                                                                                                                                       ,SEC
1131,CMPT    ,740,BURNABY   ,25,12,Wo-Shun Luk                                                                                                                                                                                                                                               ,LEC
1137,CMPT    ,470,BURNABY   ,80,79,Gregory Baker                                                                                                                                                                                                                                             ,LEC
1097,CMPT    ,470,BURNABY   ,75,68,Gregory Baker                                                                                                                                                                                                                                             ,LEC
1141,CMPT    ,470,HRBRCNTR  ,80,79,Gregory Baker                                                                                                                                                                                                                                             ,LEC
1174,CMPT    ,430,OFF       ,1,0,Harriet Chicoine                                                                                                                                                                                                                                          ,SEC
1107,CMPT    ,429,OFF       ,1,1,"Frances McLafferty, Navinder Chima                                                                                                                                                                                                                        ",SEC
1181,CMPT    ,427,OFF       ,30,0,Harriet Chicoine                                                                                                                                                                                                                                          ,SEC
1101,CMPT    ,426,SURREY    ,15,4,Frances McLafferty                                                                                                                                                                                                                                        ,SEC
1181,CMPT    ,415,BURNABY   ,4,4,Brian Fraser                                                                                                                                                                                                                                              ,SEC
1141,CMPT    ,412,BURNABY   ,50,48,Brian Funt                                                                                                                                                                                                                                                ,LEC
1087,CMPT    ,897,BURNABY   ,40,8,. Faculty                                                                                                                                                                                                                                                 ,SEC
1131,CMPT    ,899,BURNABY   ,130,94,. Faculty                                                                                                                                                                                                                                                 ,SEC
1164,CMPT    ,899,BURNABY   ,100,89,. Faculty                                                                                                                                                                                                                                                 ,SEC
1124,ENSC    ,220,BURNABY   ,30,30,John Bird                                                                                                                                                                                                                                                 ,LAB
1081,CMPT    ,384,BURNABY   ,40,24,Anthony Dixon                                                                                                                                                                                                                                             ,LEC
1121,CMPT    ,383,SURREY    ,24,23,Frederick Popowich                                                                                                                                                                                                                                        ,LEC
1141,CMPT    ,379,SURREY    ,35,31,Thomas Shermer                                                                                                                                                                                                                                            ,LEC
1167,CMPT    ,379,BURNABY   ,75,56,Thomas Shermer                                                                                                                                                                                                                                            ,LEC
1121,CMPT    ,371,BURNABY   ,50,44,Qianping Gu                                                                                                                                                                                                                                               ,LEC
1114,CMPT    ,427,BURNABY   ,30,28,Harriet Chicoine                                                                                                                                                                                                                                          ,SEC
1104,CMPT    ,427,SURREY    ,30,6,Frances McLafferty                                                                                                                                                                                                                                        ,SEC
1114,CMPT    ,354,BURNABY   ,90,88,Oliver Schulte                                                                                                                                                                                                                                            ,LEC
1154,CMPT    ,320,HRBRCNTR  ,85,75,Christopher Bastone                                                                                                                                                                                                                                       ,LEC
1174,CMPT    ,429,METRO     ,20,15,Harriet Chicoine                                                                                                                                                                                                                                          ,SEC
1144,CMPT    ,430,OFF       ,5,1,Harriet Chicoine                                                                                                                                                                                                                                          ,SEC
1097,ENSC    ,220,BURNABY   ,100,90,"Atousa Hajshirmohammadi, R Hardy                                                                                                                                                                                                                          ",LEC
1094,REM     ,899,BURNABY   ,20,14,. Faculty                                                                                                                                                                                                                                                 ,SEC
1094,TECH    ,114,SURREY    ,48,43,James Phillips                                                                                                                                                                                                                                            ,LAB
1094,ENSC    ,220,BURNABY   ,25,0,<null>,TUT
1121,ENSC    ,230,BURNABY   ,30,0,<null>,OPL
1117,MATH    ,893,BBY       ,20,0,<null>,SEC
1084,REM     ,899,BURNABY   ,20,12,<null>,SEC
1091,KIN     ,140,HRBRCNTR  ,18,0,<null>,TUT
1167,ENSC    ,100W      ,BURNABY   ,8,0,<null>,LAB
1164,MSE     ,722,SURREY    ,2,0,<null>,LAB
1091,MATH    ,341,BURNABY   ,32,0,<null>,TUT
1124,ENSC    ,384,SURREY    ,100,0,<null>,LEC
1121,ENSC    ,225,BURNABY   ,75,0,<null>,OPL
1121,CMPT    ,896,BURNABY   ,0,6,. Faculty                                                                                                                                                                                                                                                 ,SEC
1131,CMPT    ,896,BURNABY   ,0,1,. Faculty                                                                                                                                                                                                                                                 ,SEC
1181,CHIN    ,280,BURNABY   ,8,3,Cynthia Xie                                                                                                                                                                                                                                               ,SEM
1107,ENSC    ,100,BURNABY   ,2,2,Michael Sjoerdsma                                                                                                                                                                                                                                         ,TUT
1107,ENSC    ,100,BURNABY   ,2,2,Michael Sjoerdsma                                                                                                                                                                                                                                         ,TUT
1117,ENSC    ,491,BURNABY   ,10,0,. Faculty                                                                                                                                                                                                                                                 ,SEC
1101,MATH    ,894,BURNABY   ,6,3,Karen Yeats                                                                                                                                                                                                                                               ,SEC
1111,MATH    ,894,BURNABY   ,6,0,. Faculty                                                                                                                                                                                                                                                 ,SEC
1091,MATH    ,320,BURNABY   ,32,0,<null>,TUT
1087,REM     ,641,BURNABY   ,25,21,Murray Rutherford                                                                                                                                                                                                                                         ,SEM
1107,ENSC    ,220,BURNABY   ,50,0,<null>,TUT
1111,MATH    ,251,BURNABY   ,60,0,<null>,OPL
1121,MATH    ,150,BURNABY   ,200,0,<null>,LEC
1097,CMPT    ,456,BURNABY   ,55,0,<null>,LEC
1091,IAT     ,244,SURREY    ,23,0,<null>,STL
1081,CMNS    ,110,BURNABY   ,0,0,<null>,TUT
1161,ENSC    ,386,BURNABY   ,50,17,Shahram Payandeh                                                                                                                                                                                                                                          ,RQL
1157,ENSC    ,702,OFF       ,5,1,Harriet Chicoine                                                                                                                                                                                                                                          ,PRA
1151,MSE     ,727,SURREY    ,20,3,Kambiz Haji Hajikolaei                                                                                                                                                                                                                                    ,LAB
1174,MSE     ,499,SURREY    ,5,2,Ahmad Rad                                                                                                                                                                                                                                                 ,SEC
1171,MSE     ,489,SURREY    ,5,3,Jiacheng Wang                                                                                                                                                                                                                                             ,SEM
1181,MSE     ,489,SURREY    ,5,0,Jiacheng Wang                                                                                                                                                                                                                                             ,SEM
1124,ENSC    ,182,SURREY    ,26,22,Amr Marzouk                                                                                                                                                                                                                                               ,TUT
1117,ENSC    ,382,SURREY    ,24,27,Gary Wang                                                                                                                                                                                                                                                 ,LAB
1127,ENSC    ,215,BURNABY   ,22,23,William Scratchley                                                                                                                                                                                                                                        ,LAB
1137,ENSC    ,215,BURNABY   ,22,23,William Scratchley                                                                                                                                                                                                                                        ,LAB
1161,MATH    ,240,BURNABY   ,127,86,Michael Monagan                                                                                                                                                                                                                                           ,LEC
1097,MATH    ,340,BURNABY   ,64,57,Nils Bruin                                                                                                                                                                                                                                                ,LEC
1137,CMPT    ,307,BURNABY   ,85,79,Binay Bhattacharya                                                                                                                                                                                                                                        ,LEC
1087,WKTM    ,300,OFF       ,10,0,"Frances McLafferty, Navinder Chima                                                                                                                                                                                                                        ",SEC
1171,MSE     ,2XX       ,BURNABY   ,1,1,<null>,LEC
1157,MSE     ,893,SURREY    ,30,0,<null>,LEC
1081,IAT     ,244,SURREY    ,24,0,<null>,STL
1111,CMPT    ,125,BURNABY   ,0,0,<null>,LAB
1164,MATH    ,880,BURNABY   ,3,0,<null>,SEC
1107,MATH    ,880,BURNABY   ,3,0,<null>,SEC
1141,CMPT    ,471,SURREY    ,48,0,<null>,LEC
1161,ENSC    ,702,OFF       ,10,1,Harriet Chicoine                                                                                                                                                                                                                                          ,PRA
1144,MSE     ,422,SURREY    ,20,3,Erik Kjeang                                                                                                                                                                                                                                               ,LAB
1151,MATH    ,208W      ,SURREY    ,24,8,Randall Pyke                                                                                                                                                                                                                                              ,LEC
1167,DDP     ,310,OFF       ,30,7,Ze-Nian Li                                                                                                                                                                                                                                                ,SEC
1081,IAT     ,344,SURREY    ,144,101,Michael Filimowicz                                                                                                                                                                                                                                        ,INS
1081,IAT     ,873,SURREY    ,5,2,Philippe Pasquier                                                                                                                                                                                                                                         ,SEM
1081,IAT     ,235,SURREY    ,24,23,Maia Engeli                                                                                                                                                                                                                                               ,SEM
1081,IAT     ,344,SURREY    ,24,25,Michael Filimowicz                                                                                                                                                                                                                                        ,STL
1081,IAT     ,344,SURREY    ,24,14,Michael Filimowicz                                                                                                                                                                                                                                        ,STL
1081,IAT     ,352,SURREY    ,24,7,Marek Hatala                                                                                                                                                                                                                                              ,LAB
1131,ENSC    ,372,BURNABY   ,20,18,Bonnie Gray                                                                                                                                                                                                                                               ,LEC
1167,MATH    ,150,SURREY    ,108,78,Mahsa Faizrahnemoon                                                                                                                                                                                                                                       ,LEC
1081,CMNS    ,304W      ,BURNABY   ,90,82,Terry Neiman                                                                                                                                                                                                                                              ,LEC
1111,MATH    ,701,BURNABY   ,10,2,Michael Monagan                                                                                                                                                                                                                                           ,LEC
1147,MATH    ,880,BURNABY   ,3,0,. Faculty                                                                                                                                                                                                                                                 ,SEC
1147,CMPT    ,128,BURNABY   ,26,24,Janice Regan                                                                                                                                                                                                                                              ,LAB
1111,CMPT    ,430,OFF       ,1,0,"Frances McLafferty, Navinder Chima                                                                                                                                                                                                                        ",SEC
1111,CMPT    ,430,BURNABY   ,6,6,Harriet Chicoine                                                                                                                                                                                                                                          ,SEC
1121,MATH    ,762,BURNABY   ,10,0,<null>,LEC
1084,KIN     ,304W      ,BURNABY   ,16,0,<null>,TUT
1141,MSE     ,487,SURREY    ,5,0,<null>,SEM
1111,CMPT    ,125,BURNABY   ,0,0,<null>,LAB
1181,MATH    ,150,SURREY    ,60,0,<null>,OPL
1111,ENSC    ,225,BURNABY   ,0,0,<null>,LEC
1151,ENSC    ,476,BURNABY   ,30,0,<null>,LEC
1181,MATH    ,157,SURREY    ,60,0,<null>,OPL
1161,MATH    ,157,SURREY    ,60,0,<null>,OPL
1097,CMPT    ,881,BURNABY   ,20,0,<null>,LEC
1124,CMPT    ,320,BURNABY   ,110,105,Steven Pearce                                                                                                                                                                                                                                             ,LEC
1151,CMPT    ,250,BURNABY   ,26,22,Anthony Dixon                                                                                                                                                                                                                                             ,LAB
1137,CMPT    ,250,SURREY    ,98,88,Brian Fraser                                                                                                                                                                                                                                              ,LEC
1081,CMPT    ,150,BURNABY   ,25,18,Anthony Dixon                                                                                                                                                                                                                                             ,LAB
1154,CMPT    ,225,BURNABY   ,26,26,Geoffrey Tien                                                                                                                                                                                                                                             ,LAB
1087,CMPT    ,225,BURNABY   ,33,32,David Mitchell                                                                                                                                                                                                                                            ,LAB
1151,CMPT    ,225,BURNABY   ,26,26,David Mitchell                                                                                                                                                                                                                                            ,LAB
1147,CMPT    ,120,BURNABY   ,182,181,Diana Cukierman                                                                                                                                                                                                                                           ,LEC
1147,CMPT    ,120,BURNABY   ,26,26,Diana Cukierman                                                                                                                                                                                                                                           ,LAB
1114,CMPT    ,125,BURNABY   ,26,21,Louis Hafer                                                                                                                                                                                                                                               ,LAB
1107,CMPT    ,120,SURREY    ,26,26,Toby Donaldson                                                                                                                                                                                                                                            ,LAB
1091,CMNS    ,486,HRBRCNTR  ,25,21,Peter Chow-White                                                                                                                                                                                                                                          ,SEM
1131,ENSC    ,320,BURNABY   ,95,0,<null>,OPL
1087,CMNS    ,259,HRBRCNTR  ,36,22,Norbert Ruebsaat                                                                                                                                                                                                                                          ,LEC
1084,CMNS    ,259,BURNABY   ,30,24,Barry Truax                                                                                                                                                                                                                                               ,SEC
1151,CMPT    ,225,BURNABY   ,26,26,David Mitchell                                                                                                                                                                                                                                            ,LAB
1134,CMPT    ,120,BURNABY   ,26,24,Muntaseer Salahuddin                                                                                                                                                                                                                                      ,LAB
1147,CMPT    ,120,BURNABY   ,26,26,Diana Cukierman                                                                                                                                                                                                                                           ,LAB
1107,CMPT    ,120,SURREY    ,25,25,Toby Donaldson                                                                                                                                                                                                                                            ,LAB
1117,CMPT    ,120,SURREY    ,7,7,John Edgar                                                                                                                                                                                                                                                ,LAB
1121,CMPT    ,888,BURNABY   ,15,12,Ghassan Hamarneh                                                                                                                                                                                                                                          ,LEC
1094,CMNS    ,259,BURNABY   ,40,31,Barry Truax                                                                                                                                                                                                                                               ,SEC
1091,CMPT    ,150,BURNABY   ,29,25,Anthony Dixon                                                                                                                                                                                                                                             ,LAB
1091,CMPT    ,150,HRBRCNTR  ,25,13,Bobby Chan                                                                                                                                                                                                                                                ,LEC
1181,CMPT    ,320,HRBRCNTR  ,90,48,Herbert Tsang                                                                                                                                                                                                                                             ,LEC
1081,CMPT    ,150,BURNABY   ,27,27,Anthony Dixon                                                                                                                                                                                                                                             ,LAB
1161,CMPT    ,320,BURNABY   ,100,98,Steven Pearce                                                                                                                                                                                                                                             ,LEC
1171,CMPT    ,320,BURNABY   ,85,71,Herbert Tsang                                                                                                                                                                                                                                             ,LEC
1164,CMPT    ,409,BURNABY   ,50,23,Binay Bhattacharya                                                                                                                                                                                                                                        ,SEM
1167,CMPT    ,429,METRO     ,15,10,Harriet Chicoine                                                                                                                                                                                                                                          ,SEC
1114,CMPT    ,429,OFF       ,5,3,Frances McLafferty                                                                                                                                                                                                                                        ,SEC
1181,CMPT    ,429,OFF       ,30,2,Harriet Chicoine                                                                                                                                                                                                                                          ,SEC
1131,CMPT    ,897,BURNABY   ,10,9,. Faculty                                                                                                                                                                                                                                                 ,SEC
1107,ENSC    ,220,BURNABY   ,91,89,Ali Abdul Hussein                                                                                                                                                                                                                                         ,LEC
1174,ENSC    ,196,OFF       ,10,3,Harriet Chicoine                                                                                                                                                                                                                                          ,SEC
1117,ENSC    ,383,BURNABY   ,75,67,Kamal Gupta                                                                                                                                                                                                                                               ,TUT
1087,CMNS    ,456,BURNABY   ,36,37,Peter Anderson                                                                                                                                                                                                                                            ,LEC
1107,CMPT    ,320,BURNABY   ,85,83,Robert Hadley                                                                                                                                                                                                                                             ,LEC
1131,CMPT    ,412,BURNABY   ,48,41,Brian Funt                                                                                                                                                                                                                                                ,LEC
1097,CMPT    ,429,BURNABY   ,30,8,Frances McLafferty                                                                                                                                                                                                                                        ,SEC
1114,CMPT    ,429,BURNABY   ,15,12,Harriet Chicoine                                                                                                                                                                                                                                          ,SEC
1114,CMPT    ,429,SURREY    ,5,4,Frances McLafferty                                                                                                                                                                                                                                        ,SEC
1104,CMPT    ,429,OFF       ,15,0,Frances McLafferty                                                                                                                                                                                                                                        ,SEC
1151,CMPT    ,710,BURNABY   ,10,1,Valentine Kabanets                                                                                                                                                                                                                                        ,LEC
1151,CMPT    ,816,BURNABY   ,10,8,Qianping Gu                                                                                                                                                                                                                                               ,LEC
1117,CMPT    ,470,HRBRCNTR  ,66,65,Gregory Baker                                                                                                                                                                                                                                             ,LEC
1114,MATH    ,891,OFF       ,20,0,<null>,SEC
1151,CMPT    ,310,BURNABY   ,78,77,Oliver Schulte                                                                                                                                                                                                                                            ,LEC
1094,CMNS    ,802,HRBRCNTR  ,15,0,<null>,SEM
1111,MATH    ,152,BURNABY   ,60,0,<null>,OPL
1137,ENSC    ,100W      ,BURNABY   ,8,8,<null>,TUT
1107,ENSC    ,100,BURNABY   ,1,0,Michael Sjoerdsma                                                                                                                                                                                                                                         ,TUT
1177,ENSC    ,351,BURNABY   ,50,48,William Scratchley                                                                                                                                                                                                                                        ,LAB
1151,ENSC    ,330,BURNABY   ,120,88,Bozena Kaminska                                                                                                                                                                                                                                           ,TUT
1141,ENSC    ,225,BURNABY   ,98,98,Meenakshinathan Parameswaran                                                                                                                                                                                                                              ,LEC
1127,ENSC    ,220,SURREY    ,34,34,". TBD, Ahmad Rad                                                                                                                                                                                                                                          ",LAB
1101,ENSC    ,400,SURREY    ,5,4,Siamak Arzanpour                                                                                                                                                                                                                                          ,SEC
1177,ENSC    ,351,BURNABY   ,44,43,William Scratchley                                                                                                                                                                                                                                        ,LAB
1131,ENSC    ,380,BURNABY   ,120,123,Paul Ho                                                                                                                                                                                                                                                   ,LEC
1117,ENSC    ,100,BURNABY   ,2,1,. Faculty                                                                                                                                                                                                                                                 ,TUT
1117,ENSC    ,100,BURNABY   ,2,2,. Faculty                                                                                                                                                                                                                                                 ,TUT
1174,ENSC    ,196,BURNABY   ,25,11,Harriet Chicoine                                                                                                                                                                                                                                          ,SEC
1127,ENSC    ,100,BURNABY   ,3,2,. Faculty                                                                                                                                                                                                                                                 ,TUT
1107,ENSC    ,100,BURNABY   ,2,2,Michael Sjoerdsma                                                                                                                                                                                                                                         ,TUT
1107,ENSC    ,100,BURNABY   ,2,1,Michael Sjoerdsma                                                                                                                                                                                                                                         ,TUT
1171,MATH    ,150,BURNABY   ,60,0,<null>,OPL
1107,ENSC    ,894,BURNABY   ,10,10,<null>,LAB
1141,MATH    ,1XX       ,BURNABY   ,2,4,<null>,LEC
1174,ENSC    ,425,BURNABY   ,40,0,<null>,LEC
1134,MSE     ,499,SURREY    ,5,0,<null>,SEC
1147,MSE     ,499,SURREY    ,5,1,<null>,SEC
1114,ENSC    ,182,SURREY    ,24,23,<null>,LAB
1111,ENSC    ,441,SURREY    ,33,0,<null>,OPL
1121,ENSC    ,226,SURREY    ,55,48,<null>,LAB
1094,IAT     ,202,SURREY    ,24,22,<null>,STL
1094,IAT     ,202,SURREY    ,24,24,<null>,STL
1081,CMNS    ,130W      ,SURREY    ,16,15,<null>,TUT
1177,ENSC    ,351,BURNABY   ,52,51,William Scratchley                                                                                                                                                                                                                                        ,LAB
1121,ENSC    ,380,BURNABY   ,110,105,Shawn Stapleton                                                                                                                                                                                                                                           ,LEC
1111,ENSC    ,400,BURNABY   ,10,6,. Faculty                                                                                                                                                                                                                                                 ,SEC
1081,CMNS    ,375,HRBRCNTR  ,16,14,<null>,TUT
1081,CMNS    ,375,HRBRCNTR  ,16,17,<null>,TUT
1081,CMNS    ,375,HRBRCNTR  ,16,18,<null>,TUT
1084,CMNS    ,210,HRBRCNTR  ,18,20,<null>,TUT
1094,CMNS    ,210,HRBRCNTR  ,18,18,<null>,TUT
1087,CMNS    ,326,BURNABY   ,20,13,<null>,LAB
1091,CMNS    ,221,SURREY    ,18,20,<null>,TUT
1081,CMNS    ,260,BURNABY   ,18,19,<null>,TUT
1091,CMNS    ,260,BURNABY   ,18,18,<null>,TUT
1081,CMNS    ,260,BURNABY   ,18,17,<null>,TUT
1121,ENSC    ,225,BURNABY   ,90,0,<null>,LEC
1087,CMNS    ,456,BURNABY   ,18,19,<null>,TUT
1081,CMNS    ,235,BURNABY   ,18,17,<null>,TUT
1101,ENSC    ,406,BURNABY   ,18,19,<null>,TUT
1111,ENSC    ,406,BURNABY   ,16,15,<null>,TUT
1114,ENSC    ,383,SURREY    ,30,9,<null>,LAB
1124,ENSC    ,196,BURNABY   ,25,20,<null>,SEC
1134,MATH    ,880,BURNABY   ,3,0,<null>,SEC
1091,IAT     ,202,SURREY    ,23,0,<null>,STL
1101,ENSC    ,295,BURNABY   ,19,19,<null>,SEC
1097,MATH    ,310,SURREY    ,24,0,<null>,TUT
1111,ENSC    ,406,BURNABY   ,115,112,Michael Sjoerdsma                                                                                                                                                                                                                                         ,LEC
1091,ENSC    ,861,BURNABY   ,25,11,Jie Liang                                                                                                                                                                                                                                                 ,SEC
1164,MATH    ,254,BURNABY   ,40,28,<null>,TUT
1144,MSE     ,193,OFF       ,10,0,<null>,SEC
1151,MSE     ,881,SURREY    ,20,0,<null>,LEC
1171,MSE     ,499,SURREY    ,5,0,<null>,SEC
1091,TECH    ,114,SURREY    ,48,0,<null>,LAB
1117,MATH    ,303,BURNABY   ,32,32,<null>,TUT
1114,ENSC    ,332,SURREY    ,90,34,<null>,TUT
1104,ENSC    ,182,SURREY    ,24,24,<null>,LAB
1081,CMNS    ,130W      ,SURREY    ,16,14,<null>,TUT
1117,ENSC    ,220,BURNABY   ,100,0,<null>,LEC
1091,CMNS    ,130W      ,BURNABY   ,16,18,<null>,TUT
1081,CMNS    ,130W      ,BURNABY   ,16,15,<null>,TUT
1087,CMNS    ,223W      ,BURNABY   ,16,16,<null>,TUT
1094,KIN     ,431,BURNABY   ,18,0,<null>,TUT
1151,ENSC    ,400,BURNABY   ,5,1,<null>,SEC
1117,ENSC    ,100,BURNABY   ,2,0,<null>,TUT
1084,KIN     ,431,BURNABY   ,18,17,<null>,TUT
1087,KIN     ,805,BURNABY   ,20,3,<null>,SEC
1161,MATH    ,154,BURNABY   ,60,0,<null>,OPL
1101,ENSC    ,295,SURREY    ,20,11,<null>,SEC
1127,ENSC    ,295,SURREY    ,25,13,<null>,SEC
1111,ENSC    ,295,OFF       ,10,7,<null>,SEC
1121,ENSC    ,499,BURNABY   ,10,7,<null>,SEC
1131,ENSC    ,499,BURNABY   ,10,3,<null>,SEC
1171,ENSC    ,498,BURNABY   ,10,2,<null>,SEC
1167,ENSC    ,891,BURNABY   ,10,6,<null>,SEC
1087,CMNS    ,110,BURNABY   ,18,18,<null>,TUT
1164,MATH    ,880,BURNABY   ,3,1,<null>,SEC
1084,CMNS    ,304W      ,BURNABY   ,18,7,<null>,TUT
1081,CMNS    ,304W      ,BURNABY   ,15,15,<null>,TUT
1111,MATH    ,701,BURNABY   ,15,0,<null>,LEC
1084,CMNS    ,260,BURNABY   ,15,11,<null>,TUT
1081,CMNS    ,110,BURNABY   ,18,17,<null>,TUT
1084,CMNS    ,220,HRBRCNTR  ,18,17,<null>,TUT
1091,ENSC    ,196,BURNABY   ,25,7,<null>,SEC
1101,ENSC    ,406,BURNABY   ,16,17,<null>,TUT
1101,ENSC    ,406,BURNABY   ,16,17,<null>,TUT
1101,ENSC    ,406,BURNABY   ,15,15,<null>,TUT
1104,ENSC    ,220,BURNABY   ,25,25,<null>,LAB
1107,ENSC    ,387,SURREY    ,54,55,<null>,LAB
1111,CMPT    ,125,BURNABY   ,0,0,<null>,LAB
1147,ENSC    ,898,OFF       ,10,0,<null>,SEC
1157,ENSC    ,898,OFF       ,10,0,<null>,SEC
1124,ENSC    ,898,SURREY    ,100,25,<null>,SEC
1117,ENSC    ,395,BURNABY   ,25,10,<null>,SEC
1117,ENSC    ,395,OFF       ,10,4,<null>,SEC
1117,ENSC    ,395,SURREY    ,20,13,<null>,SEC
1121,ENSC    ,395,OFF       ,10,2,<null>,SEC
1121,ENSC    ,401,BURNABY   ,2,0,<null>,SEC
1111,ENSC    ,350,BURNABY   ,0,0,<null>,TUT
1084,MATH    ,252,BURNABY   ,64,0,<null>,LEC
1177,CMPT    ,732,BURNABY   ,35,0,<null>,LAB
1087,KIN     ,306,BURNABY   ,18,18,<null>,TUT
1104,MACM    ,316,BURNABY   ,32,17,<null>,TUT
1111,MATH    ,100,SURREY    ,80,0,<null>,OPL
1167,MACM    ,316,BURNABY   ,40,39,<null>,TUT
1117,CMPT    ,373,SURREY    ,7,7,Thomas Shermer                                                                                                                                                                                                                                            ,TUT
1084,MATH    ,709,BURNABY   ,10,0,JF Williams                                                                                                                                                                                                                                               ,LEC
1084,MATH    ,709,BURNABY   ,10,6,JF Williams                                                                                                                                                                                                                                               ,LEC
1121,ENSC    ,441,SURREY    ,45,38,Farid Golnaraghi                                                                                                                                                                                                                                          ,SEM
1101,ENSC    ,182,SURREY    ,24,24,Lakshman One                                                                                                                                                                                                                                              ,LAB
1131,ENSC    ,226,SURREY    ,33,33,Behraad Bahreyni                                                                                                                                                                                                                                          ,LAB
1137,ENSC    ,215,BURNABY   ,22,24,William Scratchley                                                                                                                                                                                                                                        ,LAB
1131,ENSC    ,370,BURNABY   ,15,12,Andrew Rawicz                                                                                                                                                                                                                                             ,TUT
1087,ENSC    ,383,BURNABY   ,70,0,<null>,OPL
1181,ENSC    ,475,BURNABY   ,20,17,Bruno Jaggi                                                                                                                                                                                                                                               ,RQL
1181,CMPT    ,733,BURNABY   ,54,51,"Jiannan Wang, Steven Bergner                                                                                                                                                                                                                              ",LEC
1084,ENSC    ,220,BURNABY   ,40,12,<null>,TUT
1091,ENSC    ,196,OFF       ,10,5,<null>,SEC
1181,ENSC    ,498,BURNABY   ,10,6,<null>,SEC
1101,ENSC    ,304,BURNABY   ,148,147,<null>,TUT
1131,ENSC    ,395,SURREY    ,20,7,<null>,SEC
1117,ENSC    ,395,OFF       ,10,3,<null>,SEC
1151,ENSC    ,891,BURNABY   ,80,0,<null>,SEC
1094,ENSC    ,395,BURNABY   ,25,22,<null>,SEC
1171,ENSC    ,898,OFF       ,50,0,<null>,SEC
1114,CMPT    ,250,HRBRCNTR  ,0,0,<null>,LEC
1141,CMPT    ,165,BURNABY   ,25,0,<null>,LAB
1087,KIN     ,306,BURNABY   ,18,17,<null>,TUT
1087,KIN     ,426,BURNABY   ,18,18,<null>,TUT
1094,MATH    ,155,BURNABY   ,60,0,<null>,OPL
1157,MATH    ,310,SURREY    ,32,30,<null>,TUT
1094,MATH    ,894,BURNABY   ,6,0,<null>,SEC
1164,MATH    ,310,BURNABY   ,43,42,<null>,TUT
1174,MATH    ,310,BURNABY   ,40,38,<null>,TUT
1147,MATH    ,308,SURREY    ,32,0,<null>,TUT
1151,CMPT    ,710,BURNABY   ,25,0,<null>,LEC
1174,ENSC    ,482,BURNABY   ,45,35,Shahram Payandeh                                                                                                                                                                                                                                          ,LEC
1161,MSE     ,921,SURREY    ,2,2,"Farid Golnaraghi, Kevin Oldknow                                                                                                                                                                                                                           ",SEM
1181,MSE     ,921,SURREY    ,8,8,Flavio Firmani                                                                                                                                                                                                                                            ,SEM
1101,MACM    ,316,BURNABY   ,30,27,<null>,TUT
1111,MACM    ,316,BURNABY   ,32,25,<null>,TUT
1117,MATH    ,899,BURNABY   ,35,21,<null>,SEC
1124,MATH    ,310,BURNABY   ,32,24,<null>,TUT
1094,MATH    ,232,SURREY    ,0,0,<null>,OPL
1091,ENSC    ,330,BURNABY   ,100,0,<null>,OPL
1181,MSE     ,821,SURREY    ,15,0,<null>,LEC
1134,CMPT    ,135,SURREY    ,0,0,<null>,LAB
1087,ENSC    ,426,BURNABY   ,30,0,<null>,OPL
1097,ENSC    ,426,BURNABY   ,50,0,<null>,OPL
1154,MSE     ,793,VAN       ,25,1,Harriet Chicoine                                                                                                                                                                                                                                          ,PRA
1181,MSE     ,426,SURREY    ,70,55,Gary Wang                                                                                                                                                                                                                                                 ,LEC
1181,ENSC    ,701,OFF       ,5,0,Harriet Chicoine                                                                                                                                                                                                                                          ,PRA
1177,ENSC    ,120,BURNABY   ,30,33,Atousa Hajshirmohammadi                                                                                                                                                                                                                                   ,LAB
1117,MATH    ,897,BURNABY   ,6,0,<null>,SEC
1174,MSE     ,293,OFF       ,1,0,Stephanie DeRapp                                                                                                                                                                                                                                          ,SEC
1154,MSE     ,494,OFF       ,50,0,Stephanie DeRapp                                                                                                                                                                                                                                          ,SEC
1157,ENSC    ,701,BURNABY   ,5,6,Harriet Chicoine                                                                                                                                                                                                                                          ,PRA
1091,ENSC    ,230,BURNABY   ,50,0,<null>,OPL
1154,CMPT    ,225,BURNABY   ,0,0,<null>,LAB
1154,CMPT    ,225,BURNABY   ,0,0,<null>,LAB
1154,MSE     ,312,SURREY    ,24,24,"Farid Golnaraghi, Krishna Vijayaraghavan, Mehrdad Moallem, Siamak Arzanpour                                                                                                                                                                               ",LAB
1137,MSE     ,221,SURREY    ,54,58,Woo Soo Kim                                                                                                                                                                                                                                               ,LAB
1161,MSE     ,210,SURREY    ,130,101,Flavio Firmani                                                                                                                                                                                                                                            ,LEC
1164,MSE     ,481,SURREY    ,120,114,Kevin Oldknow                                                                                                                                                                                                                                             ,TUT
1134,MSE     ,311,SURREY    ,95,86,Behraad Bahreyni                                                                                                                                                                                                                                          ,LEC
1164,MSE     ,491,SURREY    ,20,20,Flavio Firmani                                                                                                                                                                                                                                            ,LAB
1154,MSE     ,311,SURREY    ,30,25,Behraad Bahreyni                                                                                                                                                                                                                                          ,LAB
1171,CMPT    ,213,SURREY    ,80,61,Brian Fraser                                                                                                                                                                                                                                              ,LEC
1087,KIN     ,241,BURNABY   ,19,19,<null>,LAB
1087,KIN     ,140,BURNABY   ,19,19,<null>,TUT
1094,CMNS    ,362,HRBRCNTR  ,0,0,<null>,TUT
1094,KIN     ,382,BURNABY   ,8,7,<null>,LAB
1087,KIN     ,481,BURNABY   ,19,18,<null>,TUT
1091,REM     ,412,BURNABY   ,0,0,<null>,LAB
1101,MACM    ,316,SURREY    ,30,21,<null>,TUT
1097,MACM    ,316,BURNABY   ,32,19,<null>,TUT
1167,MATH    ,308,SURREY    ,32,15,<null>,TUT
1127,MATH    ,251,BURNABY   ,60,0,<null>,OPL
1101,MATH    ,251,BURNABY   ,40,0,<null>,OPL
1107,MATH    ,310,BURNABY   ,32,31,<null>,TUT
1154,MACM    ,316,BURNABY   ,40,35,<null>,TUT
1127,MACM    ,316,BURNABY   ,33,29,<null>,TUT
1121,MATH    ,894,BURNABY   ,6,0,<null>,SEC
1121,ENSC    ,380,SURREY    ,96,0,<null>,LEC
1167,MSE     ,352,SURREY    ,0,0,<null>,LAB
1147,CMPT    ,721,BURNABY   ,8,5,James Delgrande                                                                                                                                                                                                                                           ,LEC
1121,MATH    ,879,BURNABY   ,6,4,Cedric Chauve                                                                                                                                                                                                                                             ,SEC
1174,MATH    ,879,BURNABY   ,6,0,"Marni Mishna, Razvan Fetecau                                                                                                                                                                                                                              ",SEC
1117,MATH    ,725,BURNABY   ,2,1,Nilima Nigam                                                                                                                                                                                                                                              ,LEC
1154,MSE     ,425,SURREY    ,35,17,Woo Soo Kim                                                                                                                                                                                                                                               ,LAB
1157,MSE     ,250,SURREY    ,36,37,Ahmad Rad                                                                                                                                                                                                                                                 ,LAB
1141,MSE     ,210,SURREY    ,65,61,Erik Kjeang                                                                                                                                                                                                                                               ,LAB
1154,MSE     ,411W      ,SURREY    ,8,0,Flavio Firmani                                                                                                                                                                                                                                            ,OPL
1144,MSE     ,293,SURREY    ,20,16,Harriet Chicoine                                                                                                                                                                                                                                          ,SEC
1181,MSE     ,222,SURREY    ,120,94,Kambiz Haji Hajikolaei                                                                                                                                                                                                                                    ,LEC
1171,CMPT    ,130,SURREY    ,72,43,John Edgar                                                                                                                                                                                                                                                ,LEC
1164,CMPT    ,130,SURREY    ,26,20,Harinder Khangura                                                                                                                                                                                                                                         ,LAB
1164,CMPT    ,130,SURREY    ,26,16,Harinder Khangura                                                                                                                                                                                                                                         ,LAB
1141,CMPT    ,627,METRO     ,5,2,Harriet Chicoine                                                                                                                                                                                                                                          ,PRA
1137,MSE     ,491,SURREY    ,5,0,Kevin Oldknow                                                                                                                                                                                                                                             ,SEM
1174,MSE     ,312,SURREY    ,120,57,"Krishna Vijayaraghavan, Mehrdad Moallem, Mohammad Narimani, Siamak Arzanpour                                                                                                                                                                              ",LEC
1134,MSE     ,312,SURREY    ,110,49,"Farid Golnaraghi, Krishna Vijayaraghavan, Mehrdad Moallem, Siamak Arzanpour                                                                                                                                                                               ",TUT
1181,CMPT    ,213,SURREY    ,90,91,Brian Fraser                                                                                                                                                                                                                                              ,LEC
1181,CMPT    ,627,OFF       ,30,1,Harriet Chicoine                                                                                                                                                                                                                                          ,PRA
1081,CMPT    ,165,SURREY    ,24,0,<null>,LAB
1131,ENSC    ,893,SURREY    ,5,6,Siamak Arzanpour                                                                                                                                                                                                                                          ,LEC
1124,ENSC    ,893,SURREY    ,5,0,Carolyn Sparrey                                                                                                                                                                                                                                           ,TUT
1171,MATH    ,796,BURNABY   ,10,0,Tom Archibald                                                                                                                                                                                                                                             ,LEC
1147,CMPT    ,726,BURNABY   ,90,89,Gregory Mori                                                                                                                                                                                                                                              ,LEC
1137,MATH    ,742,BURNABY   ,10,1,Petr Lisonek                                                                                                                                                                                                                                              ,LEC
1177,CMPT    ,627,METRO     ,50,2,Harriet Chicoine                                                                                                                                                                                                                                          ,PRA
1177,CMPT    ,627,OFF       ,25,9,Harriet Chicoine                                                                                                                                                                                                                                          ,PRA
1137,CMPT    ,105W      ,SURREY    ,96,69,Harinder Khangura                                                                                                                                                                                                                                         ,LEC
1181,CHIN    ,281,BURNABY   ,9,5,Cynthia Xie                                                                                                                                                                                                                                               ,SEM
1181,CHIN    ,281,BURNABY   ,8,3,Cynthia Xie                                                                                                                                                                                                                                               ,SEM
1084,TECH    ,124,SURREY    ,48,37,Joel Flynn                                                                                                                                                                                                                                                ,LEC
1091,TECH    ,124,SURREY    ,48,22,Joel Flynn                                                                                                                                                                                                                                                ,LAB
1117,ENSC    ,100W      ,BURNABY   ,5,0,<null>,TUT
1081,IAT     ,343,SURREY    ,24,24,Jay Page                                                                                                                                                                                                                                                  ,STL
1137,CHIN    ,290,BURNABY   ,25,12,Wei Li                                                                                                                                                                                                                                                    ,TUT
1124,ENSC    ,461,SURREY    ,16,20,Martin Ordonez                                                                                                                                                                                                                                            ,TUT
1131,DDP     ,210,OFF       ,30,2,Qianping Gu                                                                                                                                                                                                                                               ,SEC
1124,ENSC    ,311,SURREY    ,80,78,Michael Brydon                                                                                                                                                                                                                                            ,LEC
1117,MACM    ,409,BURNABY   ,30,26,Manfred Trummer                                                                                                                                                                                                                                           ,LEC
1087,TECH    ,101W      ,SURREY    ,48,41,C. Andrew Paulin                                                                                                                                                                                                                                          ,INS
1094,IAT     ,391,ITALY     ,10,12,Russell Taylor                                                                                                                                                                                                                                            ,FLD
1087,IAT     ,452,SURREY    ,0,0,Halil Erhan                                                                                                                                                                                                                                               ,LAB
1087,IAT     ,452,SURREY    ,15,14,Halil Erhan                                                                                                                                                                                                                                               ,LAB
1181,MATH    ,878,BURNABY   ,10,1,Marni Mishna                                                                                                                                                                                                                                              ,SEC
1157,ENSC    ,100W      ,BURNABY   ,263,255,John Jones                                                                                                                                                                                                                                                ,LEC
1137,MATH    ,718,BURNABY   ,10,1,Weiran Sun                                                                                                                                                                                                                                                ,LEC
1094,MATH    ,150,BURNABY   ,122,104,Keshav Mukunda                                                                                                                                                                                                                                            ,LEC
1131,ENSC    ,305W      ,BURNABY   ,50,45,Stephen Whitmore                                                                                                                                                                                                                                          ,LEC
1171,MATH    ,745,BURNABY   ,10,2,Ladislav Stacho                                                                                                                                                                                                                                           ,LEC
1181,CMPT    ,829,BURNABY   ,25,5,Kay Wiese                                                                                                                                                                                                                                                 ,LEC
1081,CMNS    ,458,BURNABY   ,15,8,Peter Anderson                                                                                                                                                                                                                                            ,SEM
1111,MATH    ,1XX       ,BURNABY   ,30,10,<null>,LEC
1101,MATH    ,1XX       ,BURNABY   ,30,7,<null>,LEC
1091,CMNS    ,458,BURNABY   ,5,0,. Faculty                                                                                                                                                                                                                                                 ,SEC
1087,CMNS    ,396,OFF       ,25,3,Marcia Shimizu                                                                                                                                                                                                                                            ,PRA
1087,CMNS    ,372,BURNABY   ,70,71,Ian Chunn                                                                                                                                                                                                                                                 ,SEC
1094,CMNS    ,851,OFF       ,10,0,. Faculty                                                                                                                                                                                                                                                 ,SEC
1167,MATH    ,747,BURNABY   ,5,3,Jonathan Jedwab                                                                                                                                                                                                                                           ,LEC
1087,IAT     ,813,SURREY    ,24,14,Stephen Dipaola                                                                                                                                                                                                                                           ,SEM
1091,IAT     ,801,SURREY    ,20,7,Janet McCracken                                                                                                                                                                                                                                           ,SEM
1111,CMPT    ,128,SURREY    ,25,25,John Edgar                                                                                                                                                                                                                                                ,LAB
1101,MATH    ,150,SURREY    ,100,0,<null>,LEC
1091,CMNS    ,458,OFF       ,5,0,. Faculty                                                                                                                                                                                                                                                 ,SEC
1167,MATH    ,882,OFF       ,10,0,<null>,SEC
1181,MSE     ,421,SURREY    ,75,0,<null>,LEC
1081,CMNS    ,410,BURNABY   ,25,19,Scott Uzelman                                                                                                                                                                                                                                             ,SEM
1087,CMNS    ,481,BURNABY   ,20,4,. Faculty                                                                                                                                                                                                                                                 ,SEC
1094,CMNS    ,496,OFF       ,25,1,Marcia Shimizu                                                                                                                                                                                                                                            ,PRA
1094,CMNS    ,497,BURNABY   ,5,4,. Faculty                                                                                                                                                                                                                                                 ,SEC
1081,CMNS    ,472,HRBRCNTR  ,25,13,Maripili Lomonaco                                                                                                                                                                                                                                         ,SEM
1094,CMNS    ,497,OFF       ,5,0,. Faculty                                                                                                                                                                                                                                                 ,SEC
1094,CMNS    ,494,BURNABY   ,25,12,Marcia Shimizu                                                                                                                                                                                                                                            ,PRA
1157,CMPT    ,165,BURNABY   ,75,71,Ying Tang                                                                                                                                                                                                                                                 ,SEC
1161,CMPT    ,165,BURNABY   ,75,74,Gregory Baker                                                                                                                                                                                                                                             ,SEC
1144,CMPT    ,150,BURNABY   ,26,26,Geoffrey Tien                                                                                                                                                                                                                                             ,LAB
1141,CMPT    ,150,BURNABY   ,26,26,Bradley Bart                                                                                                                                                                                                                                              ,LAB
1111,CMPT    ,150,BURNABY   ,24,24,Anthony Dixon                                                                                                                                                                                                                                             ,LAB
1127,CMPT    ,150,BURNABY   ,26,22,Bradley Bart                                                                                                                                                                                                                                              ,LAB
1111,CMPT    ,150,SURREY    ,24,24,Harinder Khangura                                                                                                                                                                                                                                         ,LAB
1151,CMPT    ,150,SURREY    ,14,11,Harinder Khangura                                                                                                                                                                                                                                         ,LAB
1094,IAT     ,871,BURNABY   ,1,1,Ellen Balka                                                                                                                                                                                                                                               ,SEM
1134,CMPT    ,880,SURREY    ,24,12,Mohamed Hefeeda                                                                                                                                                                                                                                           ,LEC
1121,CMPT    ,882,BURNABY   ,10,6,Evgenia Ternovska                                                                                                                                                                                                                                         ,LEC
1081,CMNS    ,387,HRBRCNTR  ,25,25,Dal Jin                                                                                                                                                                                                                                                   ,SEM
1114,ENSC    ,462,SURREY    ,10,6,". Faculty, Woo Soo Kim                                                                                                                                                                                                                                    ",LEC
1094,ENSC    ,895,BURNABY   ,15,6,Parvaneh Saeedi                                                                                                                                                                                                                                           ,LEC
1121,ENSC    ,895,BURNABY   ,20,5,Parvaneh Saeedi                                                                                                                                                                                                                                           ,LEC
1174,ENSC    ,895,BURNABY   ,30,6,Rodney Vaughan                                                                                                                                                                                                                                            ,LEC
1164,ENSC    ,895,BURNABY   ,5,5,Marinko Sarunic                                                                                                                                                                                                                                           ,LEC
1084,KIN     ,807,BURNABY   ,0,0,<null>,SEM
1081,IAT     ,455,SURREY    ,24,0,<null>,STL
1091,CMNS    ,324,BURNABY   ,112,113,Sara Grimes                                                                                                                                                                                                                                               ,LEC
1144,CMPT    ,626,OFF       ,5,2,Harriet Chicoine                                                                                                                                                                                                                                          ,PRA
1151,CMPT    ,627,OFF       ,5,0,Harriet Chicoine                                                                                                                                                                                                                                          ,PRA
1177,CMPT    ,627,OFF       ,25,0,Harriet Chicoine                                                                                                                                                                                                                                          ,PRA
1127,ENSC    ,472,BURNABY   ,20,0,<null>,TUT
1151,ENSC    ,472,BURNABY   ,18,0,<null>,LEC
1127,ENSC    ,104,SURREY    ,105,101,Krishna Vijayaraghavan                                                                                                                                                                                                                                    ,TUT
1111,MATH    ,495,BURNABY   ,25,8,Mary Catherine Kropinski                                                                                                                                                                                                                                  ,LEC
1124,ENSC    ,383,SURREY    ,100,0,<null>,LEC
1127,MATH    ,310,BURNABY   ,32,0,<null>,TUT
1181,ENSC    ,195,OFF       ,30,1,Harriet Chicoine                                                                                                                                                                                                                                          ,SEC
1111,ENSC    ,351,BURNABY   ,35,34,William Scratchley                                                                                                                                                                                                                                        ,LEC
1127,ENSC    ,351,BURNABY   ,60,58,Lesley Shannon                                                                                                                                                                                                                                            ,LEC
1151,ENSC    ,350,BURNABY   ,135,126,Fabio Campi                                                                                                                                                                                                                                               ,LEC
1141,CMPT    ,150,BURNABY   ,26,26,Bradley Bart                                                                                                                                                                                                                                              ,LAB
1141,CMPT    ,150,BURNABY   ,26,25,Bradley Bart                                                                                                                                                                                                                                              ,LAB
1177,CMPT    ,275,BURNABY   ,80,61,Herbert Tsang                                                                                                                                                                                                                                             ,LEC
1094,CMPT    ,405,BURNABY   ,20,14,Petra Berenbrink                                                                                                                                                                                                                                          ,LEC
1131,CMPT    ,405,BURNABY   ,35,24,Petra Berenbrink                                                                                                                                                                                                                                          ,LEC
1091,CMPT    ,370,SURREY    ,25,19,Danny Ridinger                                                                                                                                                                                                                                            ,LEC
1124,ENSC    ,196,OFF       ,10,0,<null>,SEC
1171,MATH    ,150,SURREY    ,60,0,<null>,OPL
1147,MATH    ,150,SURREY    ,90,0,<null>,OPL
1164,MATH    ,880,BURNABY   ,3,0,<null>,SEC
1117,MATH    ,880,OFF       ,3,0,<null>,SEC
1167,MATH    ,898,OFF       ,5,1,<null>,SEC
1181,MATH    ,341,BURNABY   ,32,0,<null>,TUT
1171,ENSC    ,195,OFF       ,30,20,Harriet Chicoine                                                                                                                                                                                                                                          ,SEC
1164,ENSC    ,194,BURNABY   ,10,0,Harriet Chicoine                                                                                                                                                                                                                                          ,SEC
1151,CMPT    ,150,BURNABY   ,26,25,Bobby Chan                                                                                                                                                                                                                                                ,LAB
1151,CMPT    ,150,SURREY    ,65,59,Harinder Khangura                                                                                                                                                                                                                                         ,LEC
1104,CMPT    ,320,BURNABY   ,85,81,"Brian Fraser, Steven Pearce                                                                                                                                                                                                                               ",LEC
1181,CMPT    ,165,BURNABY   ,75,72,". Faculty, Liaqat Ali                                                                                                                                                                                                                                     ",SEC
1147,CMPT    ,428,OFF       ,5,2,Harriet Chicoine                                                                                                                                                                                                                                          ,SEC
1161,CMPT    ,428,OFF       ,15,0,Harriet Chicoine                                                                                                                                                                                                                                          ,SEC
1171,CMPT    ,428,OFF       ,20,0,Harriet Chicoine                                                                                                                                                                                                                                          ,SEC
1137,CMPT    ,411,BURNABY   ,35,33,James Delgrande                                                                                                                                                                                                                                           ,LEC
1164,CMPT    ,454,BURNABY   ,75,80,John Edgar                                                                                                                                                                                                                                                ,LEC
1111,CMPT    ,426,BURNABY   ,31,32,Harriet Chicoine                                                                                                                                                                                                                                          ,SEC
1087,CMNS    ,428,HRBRCNTR  ,50,73,Roman Onufrijchuk                                                                                                                                                                                                                                         ,SEC
1157,CMPT    ,428,VAN       ,10,3,Harriet Chicoine                                                                                                                                                                                                                                          ,SEC
1084,CMPT    ,383,BURNABY   ,40,33,"Arthur Kirkpatrick, Frank Burton                                                                                                                                                                                                                          ",LEC
1117,CMPT    ,365,BURNABY   ,55,50,Mark Drew                                                                                                                                                                                                                                                 ,LEC
1181,CMPT    ,363,BURNABY   ,80,80,Parmit Chilana                                                                                                                                                                                                                                            ,LEC
1117,CMPT    ,363,HRBRCNTR  ,75,75,Paul Hibbitts                                                                                                                                                                                                                                             ,LEC
1161,CMPT    ,428,METRO     ,30,14,Harriet Chicoine                                                                                                                                                                                                                                          ,SEC
1181,CMPT    ,454,HRBRCNTR  ,90,73,Ke Wang                                                                                                                                                                                                                                                   ,LEC
1137,CMPT    ,426,METRO     ,30,44,Harriet Chicoine                                                                                                                                                                                                                                          ,SEC
1111,CMPT    ,426,OFF       ,3,1,"Frances McLafferty, Navinder Chima                                                                                                                                                                                                                        ",SEC
1137,ENSC    ,450,BURNABY   ,50,40,Fabio Campi                                                                                                                                                                                                                                               ,LEC
1131,ENSC    ,483,BURNABY   ,48,43,. Sessional                                                                                                                                                                                                                                               ,TUT
1144,MSE     ,893,SURREY    ,0,0,<null>,LAB
1161,ENSC    ,406,BURNABY   ,18,19,Michael Sjoerdsma                                                                                                                                                                                                                                         ,TUT
1114,ENSC    ,402,BURNABY   ,5,3,Andrew Rawicz                                                                                                                                                                                                                                             ,SEC
1167,ENSC    ,801,BURNABY   ,30,19,Mirza Beg                                                                                                                                                                                                                                                 ,LEC
1131,ENSC    ,495,BURNABY   ,12,13,Glenn Chapman                                                                                                                                                                                                                                             ,LEC
1141,ENSC    ,495,BURNABY   ,6,8,Glenn Chapman                                                                                                                                                                                                                                             ,LAB
1111,ENSC    ,897,BURNABY   ,5,0,. Faculty                                                                                                                                                                                                                                                 ,SEC
1164,MSE     ,496,SURREY    ,5,0,<null>,LAB
1167,MATH    ,302,BURNABY   ,37,37,<null>,TUT
1111,ENSC    ,451,SURREY    ,20,10,<null>,LAB
1094,IAT     ,102,SURREY    ,24,23,<null>,STL
1151,ENSC    ,350,BURNABY   ,45,0,<null>,RQL
1127,MATH    ,340,BURNABY   ,32,0,<null>,TUT
1137,ENSC    ,351,BURNABY   ,88,66,William Scratchley                                                                                                                                                                                                                                        ,LEC
1137,ENSC    ,351,BURNABY   ,22,18,William Scratchley                                                                                                                                                                                                                                        ,TUT
1147,ENSC    ,220,BURNABY   ,50,34,Ljiljana Trajkovic                                                                                                                                                                                                                                        ,LAB
1087,ENSC    ,101,BURNABY   ,75,52,Stephen Whitmore                                                                                                                                                                                                                                          ,LEC
1171,ENSC    ,396,OFF       ,10,0,Harriet Chicoine                                                                                                                                                                                                                                          ,SEC
1151,ENSC    ,450,BURNABY   ,45,41,Fabio Campi                                                                                                                                                                                                                                               ,TUT
1181,ENSC    ,350,BURNABY   ,45,44,Ameer Abdelhadi                                                                                                                                                                                                                                           ,RQL
1117,ENSC    ,494,BURNABY   ,15,0,. Faculty                                                                                                                                                                                                                                                 ,SEC
1131,ENSC    ,494,SURREY    ,5,2,Edward Park                                                                                                                                                                                                                                               ,SEC
1107,ENSC    ,489,BURNABY   ,78,76,Shahram Payandeh                                                                                                                                                                                                                                          ,TUT
1154,CMPT    ,426,METRO     ,30,25,Harriet Chicoine                                                                                                                                                                                                                                          ,SEC
1144,CMPT    ,894,BURNABY   ,8,8,. Faculty                                                                                                                                                                                                                                                 ,SEC
1117,MATH    ,880,BURNABY   ,3,0,<null>,SEC
1174,ENSC    ,320,BURNABY   ,165,148,Parvaneh Saeedi                                                                                                                                                                                                                                           ,TUT
1161,ENSC    ,296,BURNABY   ,20,1,Harriet Chicoine                                                                                                                                                                                                                                          ,SEC
1157,ENSC    ,296,OFF       ,10,1,Harriet Chicoine                                                                                                                                                                                                                                          ,SEC
1161,ENSC    ,296,OFF       ,10,0,Harriet Chicoine                                                                                                                                                                                                                                          ,SEC
1181,ENSC    ,296,OFF       ,10,0,Harriet Chicoine                                                                                                                                                                                                                                          ,SEC
1161,ENSC    ,396,BURNABY   ,20,1,Harriet Chicoine                                                                                                                                                                                                                                          ,SEC
1181,ENSC    ,396,METRO     ,20,3,Harriet Chicoine                                                                                                                                                                                                                                          ,SEC
1157,ENSC    ,396,OFF       ,25,0,Harriet Chicoine                                                                                                                                                                                                                                          ,SEC
1104,ENSC    ,892,BURNABY   ,5,3,. Faculty                                                                                                                                                                                                                                                 ,SEC
1164,MSE     ,496,SURREY    ,5,0,<null>,LAB
1151,MATH    ,302,BURNABY   ,32,18,<null>,TUT
1181,MSE     ,487,SURREY    ,5,0,<null>,SEM
1141,MSE     ,497,SURREY    ,10,0,<null>,LAB
1097,MATH    ,240,BURNABY   ,0,0,<null>,OPL
1094,IAT     ,102,SURREY    ,24,23,<null>,STL
1167,MATH    ,340,BURNABY   ,45,44,<null>,TUT
1181,MACM    ,201,BURNABY   ,60,0,<null>,OPL
1087,KIN     ,303,HRBRCNTR  ,18,21,Richard Ward                                                                                                                                                                                                                                              ,LAB
1137,ENSC    ,100W      ,BURNABY   ,8,8,<null>,TUT
1094,KIN     ,304W      ,BURNABY   ,16,16,<null>,TUT
1151,MATH    ,437,BURNABY   ,20,1,Stuart Billings                                                                                                                                                                                                                                           ,SEC
1181,MACM    ,101,BURNABY   ,192,182,Steven Pearce                                                                                                                                                                                                                                             ,LEC
1117,MACM    ,101,BURNABY   ,24,24,Andrei Bulatov                                                                                                                                                                                                                                            ,TUT
1131,MACM    ,101,BURNABY   ,25,21,Bradley Bart                                                                                                                                                                                                                                              ,TUT
1157,MACM    ,101,BURNABY   ,24,25,Andrei Bulatov                                                                                                                                                                                                                                            ,TUT
1111,CMPT    ,426,SURREY    ,5,4,"Frances McLafferty, Navinder Chima                                                                                                                                                                                                                        ",SEC
1107,CMPT    ,825,BURNABY   ,25,16,Anoop Sarkar                                                                                                                                                                                                                                              ,LEC
1181,ENSC    ,450,BURNABY   ,40,24,Peter Hallschmid                                                                                                                                                                                                                                          ,RQL
1131,ENSC    ,483,SURREY    ,35,24,Mehrdad Moallem                                                                                                                                                                                                                                           ,LEC
1091,IAT     ,431,SURREY    ,48,0,<null>,OPL
1087,ENSC    ,100W      ,BURNABY   ,6,5,<null>,RQL
1164,MACM    ,101,BURNABY   ,24,21,Bradley Bart                                                                                                                                                                                                                                              ,TUT
1161,MACM    ,101,SURREY    ,24,22,Steven Pearce                                                                                                                                                                                                                                             ,TUT
1181,MACM    ,101,SURREY    ,24,19,Toby Donaldson                                                                                                                                                                                                                                            ,TUT
1157,MACM    ,101,HRBRCNTR  ,75,75,Diana Cukierman                                                                                                                                                                                                                                           ,TUT
1091,MATH    ,151,BURNABY   ,150,102,Mohammad Motamed                                                                                                                                                                                                                                          ,LEC
1137,ENSC    ,100W      ,BURNABY   ,8,7,<null>,TUT
1127,ENSC    ,327,BURNABY   ,89,87,Jie Liang                                                                                                                                                                                                                                                 ,TUT
1137,ENSC    ,327,BURNABY   ,110,85,Atousa Hajshirmohammadi                                                                                                                                                                                                                                   ,TUT
1181,MSE     ,892,SURREY    ,10,0,<null>,SEC
1177,MSE     ,497,SURREY    ,5,0,<null>,LAB
1161,MSE     ,487,SURREY    ,5,0,<null>,SEM
1181,MATH    ,232,SURREY    ,60,0,<null>,OPL
1177,MATH    ,340,BURNABY   ,45,43,<null>,TUT
1091,KIN     ,105,BURNABY   ,120,116,Ryan Dill                                                                                                                                                                                                                                                 ,SEC
1091,KIN     ,304W      ,BURNABY   ,18,18,<null>,TUT
1131,MACM    ,101,BURNABY   ,24,23,Bradley Bart                                                                                                                                                                                                                                              ,TUT
1081,CMNS    ,130W      ,BURNABY   ,16,17,<null>,TUT
1147,MATH    ,232,BURNABY   ,300,263,Luis Goddyn                                                                                                                                                                                                                                               ,LEC
1171,MATH    ,232,SURREY    ,102,93,Randall Pyke                                                                                                                                                                                                                                              ,LEC
1091,MATH    ,158,BURNABY   ,150,117,Razvan Fetecau                                                                                                                                                                                                                                            ,LEC
1081,IART    ,898,SURREY    ,5,2,Thomas Calvert                                                                                                                                                                                                                                            ,SEC
1097,ENSC    ,374,BURNABY   ,12,0,<null>,LAB
1097,MATH    ,157,BURNABY   ,300,288,Matthew DeVos                                                                                                                                                                                                                                             ,LEC
1101,CMPT    ,225,HRBRCNTR  ,25,16,<null>,LAB
1091,MATH    ,895,BURNABY   ,6,1,Paul Tupper                                                                                                                                                                                                                                               ,SEC
1181,MSE     ,211,SURREY    ,90,67,Kambiz Haji Hajikolaei                                                                                                                                                                                                                                    ,LEC
1164,MSE     ,489,SURREY    ,5,4,Amr Marzouk                                                                                                                                                                                                                                               ,SEM
1174,MSE     ,489,SURREY    ,5,1,Kevin Oldknow                                                                                                                                                                                                                                             ,SEM
1164,MSE     ,489,SURREY    ,3,1,Krishna Vijayaraghavan                                                                                                                                                                                                                                    ,SEM
1164,MSE     ,489,SURREY    ,3,1,Flavio Firmani                                                                                                                                                                                                                                            ,SEM
1161,MATH    ,895,BURNABY   ,6,3,Nathan Ilten                                                                                                                                                                                                                                              ,SEC
1171,MACM    ,101,BURNABY   ,25,23,Ramesh Krishnamurti                                                                                                                                                                                                                                       ,TUT
1157,MACM    ,101,BURNABY   ,25,24,Andrei Bulatov                                                                                                                                                                                                                                            ,TUT
1161,MACM    ,101,BURNABY   ,25,15,Bradley Bart                                                                                                                                                                                                                                              ,TUT
1171,MACM    ,101,BURNABY   ,25,23,Ramesh Krishnamurti                                                                                                                                                                                                                                       ,TUT
1161,MSE     ,489,SURREY    ,5,0,<null>,SEM
1171,MACM    ,101,BURNABY   ,25,24,Bobby Chan                                                                                                                                                                                                                                                ,TUT
1181,MACM    ,101,BURNABY   ,24,24,Steven Pearce                                                                                                                                                                                                                                             ,TUT
1157,MACM    ,101,SURREY    ,100,98,Bradley Bart                                                                                                                                                                                                                                              ,LEC
1147,MACM    ,101,SURREY    ,24,24,Kay Wiese                                                                                                                                                                                                                                                 ,LAB
1111,ENSC    ,226,SURREY    ,88,78,<null>,TUT
1091,CMNS    ,130W      ,SURREY    ,16,13,<null>,TUT
1097,MATH    ,348,SURREY    ,24,13,<null>,TUT
1087,MATH    ,348,BURNABY   ,12,0,<null>,LEC
1087,CMNS    ,223W      ,BURNABY   ,16,17,<null>,TUT
1177,MATH    ,100,SURREY    ,102,72,Pooja Pandey                                                                                                                                                                                                                                              ,LEC
1107,MACM    ,416,BURNABY   ,30,9,Manfred Trummer                                                                                                                                                                                                                                           ,LEC
1137,ENSC    ,100W      ,BURNABY   ,8,8,<null>,TUT
1081,MACM    ,101,BURNABY   ,141,140,Andrei Bulatov                                                                                                                                                                                                                                            ,LEC
1091,MACM    ,101,BURNABY   ,190,179,Andrei Bulatov                                                                                                                                                                                                                                            ,LEC
1161,MACM    ,101,BURNABY   ,175,166,Bradley Bart                                                                                                                                                                                                                                              ,LEC
1147,MATH    ,303,BURNABY   ,32,6,<null>,TUT
1171,MACM    ,101,BURNABY   ,175,157,Ramesh Krishnamurti                                                                                                                                                                                                                                       ,LEC
1131,MACM    ,101,BURNABY   ,24,23,Bradley Bart                                                                                                                                                                                                                                              ,TUT
1164,MACM    ,101,BURNABY   ,24,21,Bradley Bart                                                                                                                                                                                                                                              ,TUT
1124,MATH    ,232,SURREY    ,150,116,Youssef Qranfal                                                                                                                                                                                                                                           ,LEC
1091,CMNS    ,130W      ,BURNABY   ,16,16,<null>,TUT
1171,MATH    ,158,BURNABY   ,300,251,Michael Monagan                                                                                                                                                                                                                                           ,LEC
1114,ENSC    ,384,SURREY    ,30,0,<null>,LAB
1097,MATH    ,437,BURNABY   ,20,0,Faye Stefan                                                                                                                                                                                                                                               ,SEC
1104,ENSC    ,384,SURREY    ,26,26,<null>,LAB
1124,MATH    ,337,BURNABY   ,20,3,Stuart Billings                                                                                                                                                                                                                                           ,SEC
1084,CMNS    ,304W      ,BURNABY   ,14,10,<null>,TUT
1134,MATH    ,880,BURNABY   ,3,0,<null>,SEC
1081,MATH    ,157,SURREY    ,0,0,<null>,OPL
1181,CMPT    ,706,BURNABY   ,70,53,Andrei Bulatov                                                                                                                                                                                                                                            ,LEC
1181,CMPT    ,295,BURNABY   ,26,26,Bradley Bart                                                                                                                                                                                                                                              ,LAB
1171,CMPT    ,295,SURREY    ,24,14,Harinder Khangura                                                                                                                                                                                                                                         ,LAB
1147,CMPT    ,896,BURNABY   ,0,2,. Faculty                                                                                                                                                                                                                                                 ,SEC
1091,ENSC    ,182,SURREY    ,24,24,Lakshman One                                                                                                                                                                                                                                              ,LEC
1111,ENSC    ,226,SURREY    ,88,78,Behraad Bahreyni                                                                                                                                                                                                                                          ,LEC
1091,IAT     ,267,SURREY    ,24,24,Helmine Serban                                                                                                                                                                                                                                            ,STL
1117,ENSC    ,215,BURNABY   ,88,86,William Scratchley                                                                                                                                                                                                                                        ,TUT
1137,ENSC    ,215,BURNABY   ,22,23,William Scratchley                                                                                                                                                                                                                                        ,LAB
1081,ENSC    ,182,SURREY    ,72,71,Lakshman One                                                                                                                                                                                                                                              ,LEC
1121,MATH    ,240,BURNABY   ,140,107,Bojan Mohar                                                                                                                                                                                                                                               ,LEC
1087,MATH    ,348,SURREY    ,12,6,Scott Pai                                                                                                                                                                                                                                                 ,LEC
1144,ENSC    ,224,BURNABY   ,80,71,Bonnie Gray                                                                                                                                                                                                                                               ,TUT
1131,ENSC    ,370,BURNABY   ,15,12,Andrew Rawicz                                                                                                                                                                                                                                             ,SEM
1157,ENSC    ,370,BURNABY   ,10,10,Andrew Rawicz                                                                                                                                                                                                                                             ,TUT
1121,ENSC    ,372,BURNABY   ,20,12,Bruno Jaggi                                                                                                                                                                                                                                               ,LEC
1177,MATH    ,437,OFF       ,20,0,Stuart Billings                                                                                                                                                                                                                                           ,SEC
1174,MATH    ,436,BURNABY   ,20,0,Stuart Billings                                                                                                                                                                                                                                           ,SEC
1181,MATH    ,337,OFF       ,20,0,Stuart Billings                                                                                                                                                                                                                                           ,SEC
1167,MATH    ,322,BURNABY   ,40,36,David Muraki                                                                                                                                                                                                                                              ,TUT
1081,MATH    ,895,BURNABY   ,6,1,Petr Lisonek                                                                                                                                                                                                                                              ,SEC
1157,MATH    ,895,BURNABY   ,6,4,Benjamin Adcock                                                                                                                                                                                                                                           ,SEC
1081,CMNS    ,258,BURNABY   ,32,33,Norbert Ruebsaat                                                                                                                                                                                                                                          ,LEC
1084,CMNS    ,437,BURNABY   ,30,11,Robert Hackett                                                                                                                                                                                                                                            ,SEM
1081,CMPT    ,150,SURREY    ,48,38,Alireza Ghane                                                                                                                                                                                                                                             ,LEC
1137,CMPT    ,250,SURREY    ,22,13,Brian Fraser                                                                                                                                                                                                                                              ,LAB
1161,MATH    ,232,BURNABY   ,504,426,Marni Mishna                                                                                                                                                                                                                                              ,LEC
1081,ENSC    ,182,SURREY    ,36,37,<null>,TUT
1181,MATH    ,232,BURNABY   ,504,344,Nancy Azer                                                                                                                                                                                                                                                ,LEC
1081,ENSC    ,182,SURREY    ,36,35,<null>,TUT
1081,MATH    ,158,SURREY    ,48,13,Simon Spacapan                                                                                                                                                                                                                                            ,LEC
1094,IAT     ,202,SURREY    ,24,23,<null>,STL
1104,ENSC    ,384,SURREY    ,26,15,<null>,LAB
1087,MATH    ,437,OFF       ,10,0,Faye Stefan                                                                                                                                                                                                                                               ,SEC
1151,MATH    ,437,OFF       ,20,0,Stuart Billings                                                                                                                                                                                                                                           ,SEC
1094,ENSC    ,215,BURNABY   ,22,20,<null>,LAB
1147,MATH    ,337,OFF       ,20,0,"Manfred Trummer, Stuart Billings                                                                                                                                                                                                                          ",SEC
1171,MATH    ,337,OFF       ,20,0,Stuart Billings                                                                                                                                                                                                                                           ,SEC
1167,CMPT    ,732,BURNABY   ,16,14,"Gregory Baker, Jiannan Wang                                                                                                                                                                                                                               ",LAB
1151,CMPT    ,732,BURNABY   ,21,17,"Arash Vahdat, Jean-Pierre Lozi                                                                                                                                                                                                                            ",LAB
1131,ENSC    ,226,SURREY    ,34,33,Behraad Bahreyni                                                                                                                                                                                                                                          ,LAB
1081,IAT     ,235,SURREY    ,144,144,Maia Engeli                                                                                                                                                                                                                                               ,LEC
1081,IAT     ,431,SURREY    ,24,0,Diane Gromala                                                                                                                                                                                                                                             ,OPL
1174,MATH    ,880,BURNABY   ,3,1,"Marni Mishna, Razvan Fetecau                                                                                                                                                                                                                              ",SEC
1101,CMPT    ,225,BURNABY   ,26,25,David Mitchell                                                                                                                                                                                                                                            ,LAB
1147,CMPT    ,120,BURNABY   ,26,26,Diana Cukierman                                                                                                                                                                                                                                           ,LAB
1121,CMPT    ,120,BURNABY   ,180,180,Kevin McQuiggin                                                                                                                                                                                                                                           ,LEC
1181,CMPT    ,120,BURNABY   ,26,25,Angelica Lim                                                                                                                                                                                                                                              ,LAB
1121,CMPT    ,120,SURREY    ,17,14,John Edgar                                                                                                                                                                                                                                                ,LAB
1107,CMPT    ,120,BURNABY   ,25,26,Bradley Bart                                                                                                                                                                                                                                              ,LAB
1101,CMPT    ,225,BURNABY   ,26,26,David Mitchell                                                                                                                                                                                                                                            ,LAB
1141,CMPT    ,225,BURNABY   ,26,26,David Mitchell                                                                                                                                                                                                                                            ,LAB
1144,CMPT    ,225,SURREY    ,26,26,John Edgar                                                                                                                                                                                                                                                ,LAB
1144,CMPT    ,225,HRBRCNTR  ,65,65,Jeremie Lumbroso                                                                                                                                                                                                                                          ,LEC
1157,CMPT    ,128,BURNABY   ,26,26,Janice Regan                                                                                                                                                                                                                                              ,LAB
1097,CMPT    ,225,BURNABY   ,26,19,Michael Evans                                                                                                                                                                                                                                             ,LAB
1101,CMPT    ,225,BURNABY   ,26,16,David Mitchell                                                                                                                                                                                                                                            ,LAB
1117,MACM    ,316,BURNABY   ,32,0,<null>,TUT
1084,CMPT    ,150,BURNABY   ,33,33,Bobby Chan                                                                                                                                                                                                                                                ,LAB
1084,CMPT    ,150,BURNABY   ,33,22,Bobby Chan                                                                                                                                                                                                                                                ,LAB
1081,CMPT    ,354,BURNABY   ,50,38,Wo-Shun Luk                                                                                                                                                                                                                                               ,LEC
1091,CMPT    ,354,BURNABY   ,50,46,Wo-Shun Luk                                                                                                                                                                                                                                               ,LEC
1127,CMPT    ,250,BURNABY   ,26,26,Anthony Dixon                                                                                                                                                                                                                                             ,LAB
1151,CMPT    ,250,BURNABY   ,26,26,Anthony Dixon                                                                                                                                                                                                                                             ,LAB
1101,CMPT    ,429,SURREY    ,15,1,"Frances McLafferty, Navinder Chima                                                                                                                                                                                                                        ",SEC
1101,CMPT    ,429,BURNABY   ,30,8,Frances McLafferty                                                                                                                                                                                                                                        ,SEC
1174,CMPT    ,429,OFF       ,1,0,Harriet Chicoine                                                                                                                                                                                                                                          ,SEC
1134,CMPT    ,897,BURNABY   ,10,7,. Faculty                                                                                                                                                                                                                                                 ,SEC
1081,CMNS    ,258,BURNABY   ,16,17,<null>,LAB
1094,CMNS    ,363,BURNABY   ,25,20,<null>,LAB
1084,CMNS    ,346,HRBRCNTR  ,18,16,<null>,TUT
1127,ENSC    ,100,BURNABY   ,3,2,. Faculty                                                                                                                                                                                                                                                 ,TUT
1107,ENSC    ,100,BURNABY   ,1,1,Michael Sjoerdsma                                                                                                                                                                                                                                         ,TUT
1141,MSE     ,780,SURREY    ,16,4,Kevin Oldknow                                                                                                                                                                                                                                             ,LEC
1161,MSE     ,483,SURREY    ,80,48,Mehrdad Moallem                                                                                                                                                                                                                                           ,LEC
1154,MSE     ,894,SURREY    ,10,6,Jiacheng Wang                                                                                                                                                                                                                                             ,LEC
1174,MSE     ,894,SURREY    ,3,2,Jiacheng Wang                                                                                                                                                                                                                                             ,LAB
1164,MSE     ,489,SURREY    ,3,1,Maureen Hindy                                                                                                                                                                                                                                             ,SEM
1164,MSE     ,489,SURREY    ,3,0,Ahmad Rad                                                                                                                                                                                                                                                 ,SEM
1181,MSE     ,223,SURREY    ,102,90,Ghasem Behfarshad                                                                                                                                                                                                                                         ,TUT
1127,ENSC    ,411,BURNABY   ,15,6,John Jones                                                                                                                                                                                                                                                ,LEC
1167,CMPT    ,895,BURNABY   ,5,0,. Faculty                                                                                                                                                                                                                                                 ,IND
1124,MATH    ,895,BURNABY   ,6,2,Nilima Nigam                                                                                                                                                                                                                                              ,SEC
1181,CMPT    ,888,BURNABY   ,25,7,KangKang Yin                                                                                                                                                                                                                                              ,LEC
1081,CMNS    ,488,HRBRCNTR  ,30,20,Janet Marontate                                                                                                                                                                                                                                           ,SEM
1127,CMPT    ,250,BURNABY   ,26,24,Anthony Dixon                                                                                                                                                                                                                                             ,LAB
1137,CMPT    ,250,BURNABY   ,26,23,Anthony Dixon                                                                                                                                                                                                                                             ,LAB
1111,CMPT    ,429,SURREY    ,3,1,"Frances McLafferty, Navinder Chima                                                                                                                                                                                                                        ",SEC
1094,CMPT    ,475,HRBRCNTR  ,74,72,Danny Ridinger                                                                                                                                                                                                                                            ,LEC
1147,ENSC    ,201,BURNABY   ,138,132,John Jones                                                                                                                                                                                                                                                ,TUT
1127,ENSC    ,100,BURNABY   ,2,1,. Faculty                                                                                                                                                                                                                                                 ,TUT
1164,ENSC    ,225,BURNABY   ,150,141,Balbir Gill                                                                                                                                                                                                                                               ,RQL
1124,ENSC    ,498,BURNABY   ,10,2,. Faculty                                                                                                                                                                                                                                                 ,SEC
1137,CMPT    ,250,BURNABY   ,26,23,Anthony Dixon                                                                                                                                                                                                                                             ,LAB
1087,CMPT    ,300,BURNABY   ,72,72,Bradley Bart                                                                                                                                                                                                                                              ,LEC
1157,CMPT    ,897,BURNABY   ,10,1,. Faculty                                                                                                                                                                                                                                                 ,SEC
1091,CMPT    ,820,SURREY    ,15,12,Mohamed Hefeeda                                                                                                                                                                                                                                           ,LEC
1127,ENSC    ,100,BURNABY   ,3,0,. Faculty                                                                                                                                                                                                                                                 ,TUT
1111,ENSC    ,330,BURNABY   ,130,131,Bozena Kaminska                                                                                                                                                                                                                                           ,LEC
1131,ENSC    ,196,OFF       ,10,4,<null>,SEC
1144,ENSC    ,400,BURNABY   ,5,4,<null>,SEC
1117,ENSC    ,220,BURNABY   ,26,26,<null>,LAB
1094,KIN     ,351,BURNABY   ,30,20,Darleen Bemister                                                                                                                                                                                                                                          ,PRA
1091,KIN     ,407,BURNABY   ,13,14,Robert Asmundson                                                                                                                                                                                                                                          ,LAB
1164,MATH    ,157,BURNABY   ,175,109,Jonathan Jedwab                                                                                                                                                                                                                                           ,LEC
1114,ENSC    ,220,BURNABY   ,30,29,John Bird                                                                                                                                                                                                                                                 ,LAB
1174,MSE     ,411,SURREY    ,0,0,Farid Golnaraghi                                                                                                                                                                                                                                          ,OPL
1157,CMPT    ,127,BURNABY   ,64,34,Richard Vaughan                                                                                                                                                                                                                                           ,LAB
1161,CMPT    ,127,BURNABY   ,64,60,Richard Vaughan                                                                                                                                                                                                                                           ,LAB
1161,MSE     ,403,SURREY    ,20,17,"Kevin Oldknow, Sarah Lubik                                                                                                                                                                                                                                ",SEM
1177,MSE     ,793,OFF       ,5,1,Harriet Chicoine                                                                                                                                                                                                                                          ,PRA
1161,MSE     ,793,VAN       ,10,2,Harriet Chicoine                                                                                                                                                                                                                                          ,PRA
1174,MSE     ,353,SURREY    ,25,21,Jiacheng Wang                                                                                                                                                                                                                                             ,LAB
1144,MSE     ,312,SURREY    ,124,90,"Farid Golnaraghi, Krishna Vijayaraghavan, Mehrdad Moallem, Siamak Arzanpour                                                                                                                                                                               ",TUT
1137,MSE     ,221,SURREY    ,108,116,Woo Soo Kim                                                                                                                                                                                                                                               ,TUT
1147,MATH    ,303,BURNABY   ,64,29,Razvan Fetecau                                                                                                                                                                                                                                            ,LEC
1117,CMPT    ,373,SURREY    ,28,26,Thomas Shermer                                                                                                                                                                                                                                            ,LEC
1141,ENSC    ,452,BURNABY   ,30,23,Lesley Shannon                                                                                                                                                                                                                                            ,LAB
1104,MATH    ,796,BURNABY   ,10,1,Cedric Chauve                                                                                                                                                                                                                                             ,LEC
1174,MATH    ,880,BURNABY   ,3,3,"Marni Mishna, Razvan Fetecau                                                                                                                                                                                                                              ",SEC
1111,CMPT    ,225,BURNABY   ,25,25,Bradley Bart                                                                                                                                                                                                                                              ,LAB
1137,CMPT    ,225,SURREY    ,26,22,John Edgar                                                                                                                                                                                                                                                ,LAB
1107,CMPT    ,120,SURREY    ,25,25,Toby Donaldson                                                                                                                                                                                                                                            ,LAB
1117,CMPT    ,120,SURREY    ,9,9,John Edgar                                                                                                                                                                                                                                                ,LAB
1127,CMPT    ,120,HRBRCNTR  ,26,25,William Havens                                                                                                                                                                                                                                            ,LEC
1087,REM     ,690,BURNABY   ,10,2,. Faculty                                                                                                                                                                                                                                                 ,SEC
1107,ENSC    ,196,OFF       ,10,0,<null>,SEC
1137,ENSC    ,100,BURNABY   ,0,0,<null>,TUT
1107,ENSC    ,387,BURNABY   ,1,0,<null>,OPL
1117,ENSC    ,100,BURNABY   ,3,0,<null>,TUT
1107,ENSC    ,196,OFF       ,4,2,<null>,SEC
1104,ENSC    ,220,BURNABY   ,25,25,<null>,LAB
1094,ENSC    ,196,SURREY    ,35,14,<null>,SEC
1094,ENSC    ,196,BURNABY   ,25,14,<null>,SEC
1107,ENSC    ,196,BURNABY   ,14,12,<null>,SEC
1101,ENSC    ,406,BURNABY   ,16,15,<null>,TUT
1087,IAT     ,233,SURREY    ,0,0,<null>,LAB
1181,MATH    ,152,BURNABY   ,504,421,Brenda Davison                                                                                                                                                                                                                                            ,LEC
1097,MATH    ,190,BURNABY   ,150,119,Malgorzata Dubiel                                                                                                                                                                                                                                         ,LEC
1117,MATH    ,190,BURNABY   ,35,31,Justin Gray                                                                                                                                                                                                                                               ,SEC
1174,MATH    ,157,BURNABY   ,185,132,Imin Chen                                                                                                                                                                                                                                                 ,LEC
1127,MATH    ,154,SURREY    ,150,114,Natalia Kouzniak                                                                                                                                                                                                                                          ,LEC
1131,MATH    ,157,BURNABY   ,400,231,Youssef Qranfal                                                                                                                                                                                                                                           ,LEC
1081,MATH    ,890,BURNABY   ,6,0,Faye Stefan                                                                                                                                                                                                                                               ,SEC
1104,MATH    ,486,BURNABY   ,20,0,Faye Stefan                                                                                                                                                                                                                                               ,SEC
1114,MATH    ,486,BURNABY   ,20,0,Manfred Trummer                                                                                                                                                                                                                                           ,SEC
1144,MSE     ,496,SURREY    ,5,0,<null>,LAB
1151,MATH    ,486,BURNABY   ,20,0,Stuart Billings                                                                                                                                                                                                                                           ,SEC
1177,MATH    ,486,OFF       ,20,0,Stuart Billings                                                                                                                                                                                                                                           ,SEC
1161,CMPT    ,295,BURNABY   ,156,96,Anthony Dixon                                                                                                                                                                                                                                             ,LEC
1144,MATH    ,190,BURNABY   ,35,0,<null>,SEC
1171,ENSC    ,475,BURNABY   ,24,24,Bonnie Gray                                                                                                                                                                                                                                               ,TUT
1157,ENSC    ,477,BURNABY   ,35,15,"Marinko Sarunic, Teresa Cheung                                                                                                                                                                                                                            ",LAB
1157,ENSC    ,324,BURNABY   ,75,67,Bonnie Gray                                                                                                                                                                                                                                               ,LEC
1091,IAT     ,445,SURREY    ,24,0,<null>,STL
1157,MATH    ,498,BURNABY   ,20,5,Marni Mishna                                                                                                                                                                                                                                              ,LEC
1137,MSE     ,310,SURREY    ,40,40,Edward Park                                                                                                                                                                                                                                               ,LAB
1177,MSE     ,250,SURREY    ,42,38,Ahmad Rad                                                                                                                                                                                                                                                 ,LAB
1177,MSE     ,250,SURREY    ,42,33,Ahmad Rad                                                                                                                                                                                                                                                 ,LAB
1127,CMPT    ,130,SURREY    ,22,21,Brian Fraser                                                                                                                                                                                                                                              ,LAB
1161,MSE     ,410,SURREY    ,32,0,Farid Golnaraghi                                                                                                                                                                                                                                          ,OPL
1151,MSE     ,393,OFF       ,10,10,Stephanie DeRapp                                                                                                                                                                                                                                          ,SEC
1144,MSE     ,110,SURREY    ,30,30,Amr Marzouk                                                                                                                                                                                                                                               ,TUT
1147,MSE     ,110,SURREY    ,30,0,Amr Marzouk                                                                                                                                                                                                                                               ,LAB
1161,MSE     ,251,SURREY    ,130,111,Mehrdad Moallem                                                                                                                                                                                                                                           ,TUT
1151,MSE     ,110,SURREY    ,30,10,Amr Marzouk                                                                                                                                                                                                                                               ,LEC
1181,MSE     ,110,SURREY    ,26,26,Mohammad Narimani                                                                                                                                                                                                                                         ,LAB
1147,CMPT    ,128,BURNABY   ,104,105,Janice Regan                                                                                                                                                                                                                                              ,LEC
1147,CMPT    ,128,BURNABY   ,26,26,Janice Regan                                                                                                                                                                                                                                              ,LAB
1137,CMPT    ,225,BURNABY   ,26,26,Michael Evans                                                                                                                                                                                                                                             ,LAB
1174,MSE     ,922,SURREY    ,0,0,Farid Golnaraghi                                                                                                                                                                                                                                          ,LAB
1091,MATH    ,320,BURNABY   ,32,0,<null>,TUT
1177,MATH    ,157,SURREY    ,60,0,<null>,OPL
1141,ENSC    ,180,BURNABY   ,200,179,Fabio Campi                                                                                                                                                                                                                                               ,LEC
1181,ENSC    ,180,BURNABY   ,200,148,Nimal Rajapakse                                                                                                                                                                                                                                           ,LAB
1161,MSE     ,893,SURREY    ,3,0,Mehrdad Moallem                                                                                                                                                                                                                                           ,LEC
1171,MSE     ,193,SURREY    ,10,1,Stephanie DeRapp                                                                                                                                                                                                                                          ,SEC
1161,MSE     ,223,SURREY    ,110,101,Mehran Ahmadi                                                                                                                                                                                                                                             ,LEC
1091,MATH    ,320,BURNABY   ,96,27,Imin Chen                                                                                                                                                                                                                                                 ,LEC
1151,CMPT    ,127,BURNABY   ,64,66,Richard Vaughan                                                                                                                                                                                                                                           ,LAB
1147,MATH    ,125,BURNABY   ,50,6,Nilima Nigam                                                                                                                                                                                                                                              ,LEC
1157,ENSC    ,252,BURNABY   ,35,33,Lakshman One                                                                                                                                                                                                                                              ,LAB
1174,ENSC    ,252,BURNABY   ,40,20,Peter Hallschmid                                                                                                                                                                                                                                          ,LAB
1161,MSE     ,793,OFF       ,10,0,Harriet Chicoine                                                                                                                                                                                                                                          ,PRA
1157,ENSC    ,120,BURNABY   ,34,33,Meenakshinathan Parameswaran                                                                                                                                                                                                                              ,LAB
1157,ENSC    ,120,BURNABY   ,34,24,Meenakshinathan Parameswaran                                                                                                                                                                                                                              ,LAB
1151,MATH    ,157,SURREY    ,60,0,<null>,OPL
1161,CMPT    ,127,BURNABY   ,64,64,Richard Vaughan                                                                                                                                                                                                                                           ,LAB
1177,MATH    ,499W      ,BURNABY   ,5,5,Marni Mishna                                                                                                                                                                                                                                              ,LEC
1137,ENSC    ,100,BURNABY   ,0,0,<null>,TUT
1147,ENSC    ,498,BURNABY   ,10,6,<null>,SEC
1147,CMPT    ,626,OFF       ,5,2,Harriet Chicoine                                                                                                                                                                                                                                          ,PRA
1174,CMPT    ,627,METRO     ,5,3,Harriet Chicoine                                                                                                                                                                                                                                          ,PRA
1177,CMPT    ,166,SURREY    ,24,16,Karol Swietlicki                                                                                                                                                                                                                                          ,LAB
1127,ENSC    ,388,SURREY    ,26,24,Peyman Taheri Bonab                                                                                                                                                                                                                                       ,LAB
1131,CMPT    ,276,SURREY    ,35,33,Brian Fraser                                                                                                                                                                                                                                              ,LEC
1147,CMPT    ,373,SURREY    ,32,32,Thomas Shermer                                                                                                                                                                                                                                            ,LEC
1157,CMPT    ,473,SURREY    ,35,31,Robert Cameron                                                                                                                                                                                                                                            ,LEC
1151,DDP     ,210,OFF       ,30,8,Ze-Nian Li                                                                                                                                                                                                                                                ,SEC
1151,CMPT    ,130,SURREY    ,24,22,John Edgar                                                                                                                                                                                                                                                ,LAB
1177,CMPT    ,130,SURREY    ,24,24,Toby Donaldson                                                                                                                                                                                                                                            ,LAB
1094,ENSC    ,220,BURNABY   ,25,26,<null>,TUT
1107,ENSC    ,220,SURREY    ,75,68,<null>,TUT
1137,ENSC    ,100,BURNABY   ,0,0,<null>,TUT
1117,ENSC    ,100,BURNABY   ,4,0,<null>,TUT
1111,ENSC    ,406,BURNABY   ,17,16,<null>,TUT
1111,ENSC    ,406,BURNABY   ,17,17,<null>,TUT
1141,CMPT    ,628,OFF       ,5,0,Harriet Chicoine                                                                                                                                                                                                                                          ,PRA
1081,MACM    ,202,BURNABY   ,22,11,<null>,TUT
1121,MATH    ,320,BURNABY   ,32,22,<null>,TUT
1097,CMPT    ,322W      ,SURREY    ,30,24,Harinder Khangura                                                                                                                                                                                                                                         ,LEC
1147,CHIN    ,180,BURNABY   ,15,6,Cynthia Xie                                                                                                                                                                                                                                               ,TUT
1097,CMPT    ,891,BURNABY   ,60,0,<null>,SEC
1091,IAT     ,102,SURREY    ,192,191,Andres Wanner                                                                                                                                                                                                                                             ,LEC
1177,DDP     ,210,OFF       ,30,7,Ze-Nian Li                                                                                                                                                                                                                                                ,SEC
1141,MSE     ,223,SURREY    ,58,57,Majid Bahrami                                                                                                                                                                                                                                             ,LAB
1134,MSE     ,312,SURREY    ,15,13,"Farid Golnaraghi, Krishna Vijayaraghavan, Mehrdad Moallem, Siamak Arzanpour                                                                                                                                                                               ",LAB
1177,MSE     ,221,SURREY    ,126,106,Gary Wang                                                                                                                                                                                                                                                 ,LEC
1134,MSE     ,381,SURREY    ,100,82,Siamak Arzanpour                                                                                                                                                                                                                                          ,LEC
1137,MSE     ,310,SURREY    ,40,39,Edward Park                                                                                                                                                                                                                                               ,LAB
1167,MSE     ,310,SURREY    ,16,1,Shaghayegh Zihajehzadeh                                                                                                                                                                                                                                   ,LAB
1157,MSE     ,100,SURREY    ,40,0,Krishna Vijayaraghavan                                                                                                                                                                                                                                    ,OPL
1181,MSE     ,293,METRO     ,20,26,Stephanie DeRapp                                                                                                                                                                                                                                          ,SEC
1164,MSE     ,394,OFF       ,30,0,Stephanie DeRapp                                                                                                                                                                                                                                          ,SEC
1137,MSE     ,493,SURREY    ,20,0,Harriet Chicoine                                                                                                                                                                                                                                          ,SEC
1144,MSE     ,493,OFF       ,25,2,Harriet Chicoine                                                                                                                                                                                                                                          ,SEC
1164,MSE     ,722,SURREY    ,3,3,Erik Kjeang                                                                                                                                                                                                                                               ,LAB
1144,MSE     ,490,SURREY    ,20,4,Jiacheng Wang                                                                                                                                                                                                                                             ,LAB
1134,MSE     ,300,SURREY    ,40,39,Kevin Oldknow                                                                                                                                                                                                                                             ,TUT
1164,MSE     ,311,SURREY    ,23,0,Mohammad Amin Rasouli                                                                                                                                                                                                                                     ,LAB
1164,MSE     ,311,SURREY    ,23,18,Mohammad Amin Rasouli                                                                                                                                                                                                                                     ,LAB
1151,CMPT    ,130,SURREY    ,14,13,John Edgar                                                                                                                                                                                                                                                ,LAB
1174,MSE     ,294,OFF       ,1,0,Stephanie DeRapp                                                                                                                                                                                                                                          ,SEC
1137,CMPT    ,130,SURREY    ,26,26,Brian Fraser                                                                                                                                                                                                                                              ,LAB
1151,MSE     ,410,SURREY    ,96,83,Farid Golnaraghi                                                                                                                                                                                                                                          ,SEM
1171,MSE     ,410,SURREY    ,0,0,Farid Golnaraghi                                                                                                                                                                                                                                          ,OPL
1141,MSE     ,393,OFF       ,10,5,Harriet Chicoine                                                                                                                                                                                                                                          ,SEC
1167,DDP     ,210,OFF       ,30,6,Ze-Nian Li                                                                                                                                                                                                                                                ,SEC
1107,ENSC    ,215,BURNABY   ,44,0,<null>,TUT
1097,CMPT    ,761,BURNABY   ,10,5,Torsten Moller                                                                                                                                                                                                                                            ,LEC
1117,ENSC    ,281,SURREY    ,47,48,Woo Soo Kim                                                                                                                                                                                                                                               ,LAB
1164,CMPT    ,777,BURNABY   ,25,11,Evgenia Ternovska                                                                                                                                                                                                                                         ,LEC
1117,ENSC    ,329,SURREY    ,90,71,Martin Ordonez                                                                                                                                                                                                                                            ,TUT
1127,ENSC    ,329,SURREY    ,25,0,. TBD                                                                                                                                                                                                                                                     ,LAB
1087,IAT     ,334,SURREY    ,24,24,Victoria Moulder                                                                                                                                                                                                                                          ,LAB
1171,MSE     ,495,SURREY    ,5,0,<null>,LAB
1171,MSE     ,495,SURREY    ,5,0,<null>,LAB
1091,IAT     ,320,SURREY    ,24,24,"Gregory Corness, Jinsil Seo                                                                                                                                                                                                                               ",STL
1151,ENSC    ,476,BURNABY   ,30,28,Marinko Sarunic                                                                                                                                                                                                                                           ,LEC
1154,MSE     ,491,SURREY    ,70,0,<null>,SEM
1107,ENSC    ,388,SURREY    ,22,8,<null>,LAB
1117,CMPT    ,120,SURREY    ,25,0,<null>,LAB
1081,IAT     ,267,SURREY    ,24,24,Helmine Serban                                                                                                                                                                                                                                            ,WKS
1081,IAT     ,267,SURREY    ,23,19,Helmine Serban                                                                                                                                                                                                                                            ,WKS
1081,IAT     ,267,SURREY    ,24,25,Helmine Serban                                                                                                                                                                                                                                            ,WKS
1107,ENSC    ,215,BURNABY   ,44,0,<null>,TUT
1154,MATH    ,770,BURNABY   ,25,3,Steven Ruuth                                                                                                                                                                                                                                              ,LEC
1091,IAT     ,404,SURREY    ,74,31,"Kenneth Zupan, Thecla Schiphorst, Yingchen Yang                                                                                                                                                                                                           ",STL
1081,IAT     ,102,SURREY    ,192,193,Gilly Mah                                                                                                                                                                                                                                                 ,LEC
1081,IAT     ,102,SURREY    ,24,24,. TBD                                                                                                                                                                                                                                                     ,TUT
1081,TECH    ,106,SURREY    ,12,12,Bernadette Currie                                                                                                                                                                                                                                         ,LAB
1081,IAT     ,100,SURREY    ,24,24,Yaana Dancer                                                                                                                                                                                                                                              ,STL
1154,MSE     ,110,SURREY    ,30,27,Amr Marzouk                                                                                                                                                                                                                                               ,TUT
1181,MSE     ,110,SURREY    ,0,0,Mohammad Narimani                                                                                                                                                                                                                                         ,OPL
1137,CMPT    ,166,SURREY    ,144,127,John Edgar                                                                                                                                                                                                                                                ,LEC
1161,ENSC    ,412,BURNABY   ,15,13,"John Jones, Ross Jamieson                                                                                                                                                                                                                                 ",LEC
1171,CMPT    ,135,SURREY    ,24,17,Toby Donaldson                                                                                                                                                                                                                                            ,LAB
1137,ENSC    ,100,BURNABY   ,0,0,<null>,TUT
1117,ENSC    ,100,BURNABY   ,3,2,<null>,TUT
1114,MATH    ,486,OFF       ,20,1,<null>,SEC
1101,MATH    ,309,BURNABY   ,0,0,<null>,TUT
1117,ENSC    ,104,SURREY    ,105,104,Krishna Vijayaraghavan                                                                                                                                                                                                                                    ,LEC
1174,ENSC    ,280,BURNABY   ,61,47,Atousa Hajshirmohammadi                                                                                                                                                                                                                                   ,LAB
1131,ENSC    ,280,SURREY    ,50,50,Erik Kjeang                                                                                                                                                                                                                                               ,LAB
1134,MSE     ,293,SURREY    ,20,19,Harriet Chicoine                                                                                                                                                                                                                                          ,SEC
1161,MSE     ,293,SURREY    ,20,11,Stephanie DeRapp                                                                                                                                                                                                                                          ,SEC
1177,MSE     ,393,OFF       ,25,2,Stephanie DeRapp                                                                                                                                                                                                                                          ,SEC
1161,MSE     ,293,OFF       ,10,3,Stephanie DeRapp                                                                                                                                                                                                                                          ,SEC
1171,MSE     ,293,OFF       ,10,4,Stephanie DeRapp                                                                                                                                                                                                                                          ,SEC
1144,MSE     ,294,SURREY    ,50,12,Harriet Chicoine                                                                                                                                                                                                                                          ,SEC
1137,MSE     ,493,OFF       ,20,8,Harriet Chicoine                                                                                                                                                                                                                                          ,SEC
1161,MSE     ,494,SURREY    ,10,10,Stephanie DeRapp                                                                                                                                                                                                                                          ,SEC
1154,MSE     ,110,SURREY    ,0,0,Amr Marzouk                                                                                                                                                                                                                                               ,TUT
1154,MSE     ,110,SURREY    ,30,28,Amr Marzouk                                                                                                                                                                                                                                               ,TUT
1091,IAT     ,333,SURREY    ,120,108,Ronald Wakkary                                                                                                                                                                                                                                            ,LEC
1111,ENSC    ,893,SURREY    ,10,7,<null>,LAB
1111,ENSC    ,461,SURREY    ,40,14,Majid Bahrami                                                                                                                                                                                                                                             ,TUT
1151,MATH    ,150,SURREY    ,60,24,Zhaosong Lu                                                                                                                                                                                                                                               ,LEC
1091,IAT     ,351,SURREY    ,24,24,Linda Bartram                                                                                                                                                                                                                                             ,LAB
1097,MATH    ,150,BURNABY   ,90,62,". TBD, Keshav Mukunda                                                                                                                                                                                                                                     ",LEC
1107,MATH    ,150,BURNABY   ,35,24,"Jamie Mulholland, Veselin Jungic                                                                                                                                                                                                                          ",SEC
1121,MATH    ,150,BURNABY   ,35,24,"Jamie Mulholland, Veselin Jungic                                                                                                                                                                                                                          ",SEC
1107,ENSC    ,100W      ,BURNABY   ,6,6,Michael Sjoerdsma                                                                                                                                                                                                                                         ,TUT
1087,ENSC    ,305W      ,BURNABY   ,40,22,Michael Sjoerdsma                                                                                                                                                                                                                                         ,LEC
1081,IAT     ,100,SURREY    ,24,24,Yaana Dancer                                                                                                                                                                                                                                              ,STL
1081,IAT     ,100,SURREY    ,23,23,Susan Clements-Vivian                                                                                                                                                                                                                                     ,STL
1104,CMPT    ,126,BURNABY   ,26,26,Brian Fraser                                                                                                                                                                                                                                              ,LEC
1121,CMPT    ,128,SURREY    ,3,3,John Edgar                                                                                                                                                                                                                                                ,LAB
1117,CMPT    ,128,SURREY    ,66,65,John Edgar                                                                                                                                                                                                                                                ,LEC
1117,CMPT    ,128,SURREY    ,17,16,John Edgar                                                                                                                                                                                                                                                ,LAB
1107,CMPT    ,128,BURNABY   ,130,115,Janice Regan                                                                                                                                                                                                                                              ,LEC
1121,CMPT    ,128,SURREY    ,5,5,John Edgar                                                                                                                                                                                                                                                ,LAB
1174,CMPT    ,120,BURNABY   ,26,26,Anne Lavergne                                                                                                                                                                                                                                             ,LAB
1144,CMPT    ,126,BURNABY   ,26,25,Ruiwen Chen                                                                                                                                                                                                                                               ,LAB
1157,CHIN    ,180,BURNABY   ,10,15,Cynthia Xie                                                                                                                                                                                                                                               ,TUT
1081,IAT     ,102,SURREY    ,24,25,. TBD                                                                                                                                                                                                                                                     ,TUT
1131,MATH    ,341,BURNABY   ,32,19,Imin Chen                                                                                                                                                                                                                                                 ,LEC
1177,CMPT    ,464,BURNABY   ,30,10,Hao Zhang                                                                                                                                                                                                                                                 ,LEC
1081,MATH    ,240,BURNABY   ,96,43,Michael Monagan                                                                                                                                                                                                                                           ,LEC
1091,IAT     ,235,SURREY    ,24,19,Aaron Levisohn                                                                                                                                                                                                                                            ,STL
1087,IAT     ,343,SURREY    ,72,70,Kyungjae Lee                                                                                                                                                                                                                                              ,LEC
1091,IAT     ,233,SURREY    ,70,70,Russell Taylor                                                                                                                                                                                                                                            ,LEC
1101,MATH    ,748,SURREY    ,8,6,Tamon Stephen                                                                                                                                                                                                                                             ,LEC
1087,IAT     ,810,SURREY    ,20,13,Jim Bizzocchi                                                                                                                                                                                                                                             ,SEM
1137,MATH    ,345,BURNABY   ,45,25,Bojan Mohar                                                                                                                                                                                                                                               ,LEC
1091,CMPT    ,897,BURNABY   ,40,10,<null>,SEC
1154,MSE     ,110,SURREY    ,12,8,Amr Marzouk                                                                                                                                                                                                                                               ,TUT
1134,MSE     ,110,SURREY    ,30,30,Amr Marzouk                                                                                                                                                                                                                                               ,LAB
1127,CMPT    ,496,BURNABY   ,6,6,"Evgenia Ternovska, Gregory Baker                                                                                                                                                                                                                          ",SEM
1137,CMPT    ,496,BURNABY   ,1,1,Kay Wiese                                                                                                                                                                                                                                                 ,SEC
1141,MATH    ,448,SURREY    ,25,11,"Abraham Punnen, Tamon Stephen                                                                                                                                                                                                                             ",LEC
1141,ENSC    ,820,BURNABY   ,40,0,<null>,LEC
1147,MSE     ,310,SURREY    ,60,0,<null>,LAB
1174,ENSC    ,880,BURNABY   ,10,4,<null>,SEM
1081,IAT     ,486,SURREY    ,2,3,"Ronald Wakkary, Russell Taylor, Thecla Schiphorst                                                                                                                                                                                                         ",LEC
1114,ENSC    ,224,BURNABY   ,80,76,Bonnie Gray                                                                                                                                                                                                                                               ,TUT
1137,ENSC    ,328,BURNABY   ,5,2,Atousa Hajshirmohammadi                                                                                                                                                                                                                                   ,LEC
1097,MATH    ,879,BURNABY   ,6,0,. TBD                                                                                                                                                                                                                                                     ,SEC
1111,ENSC    ,305W      ,BURNABY   ,55,53,Michael Sjoerdsma                                                                                                                                                                                                                                         ,LEC
1131,ENSC    ,440W      ,BURNABY   ,50,45,Andrew Rawicz                                                                                                                                                                                                                                             ,LEC
1091,MATH    ,880,BURNABY   ,3,0,. Faculty                                                                                                                                                                                                                                                 ,SEC
1081,IAT     ,100,SURREY    ,24,24,Susan Clements-Vivian                                                                                                                                                                                                                                     ,STL
1081,MATH    ,880,BURNABY   ,3,0,. Faculty                                                                                                                                                                                                                                                 ,SEC
1144,MATH    ,761,BURNABY   ,10,1,Steven Ruuth                                                                                                                                                                                                                                              ,LEC
1094,CMNS    ,262,BURNABY   ,0,0,<null>,TUT
1151,MSE     ,280,SURREY    ,65,0,<null>,LAB
1151,ENSC    ,895,BURNABY   ,15,12,Fabio Campi                                                                                                                                                                                                                                               ,LEC
1171,ENSC    ,895,BURNABY   ,5,1,Peter Hallschmid                                                                                                                                                                                                                                          ,LAB
1097,CMPT    ,128,SURREY    ,24,0,<null>,LAB
1127,ENSC    ,895,SURREY    ,20,19,<null>,LAB
1094,CMNS    ,372,BURNABY   ,64,63,Ian Chunn                                                                                                                                                                                                                                                 ,SEC
1111,CMPT    ,125,SURREY    ,73,68,Brian Fraser                                                                                                                                                                                                                                              ,LEC
1151,CMPT    ,126,BURNABY   ,15,9,Diana Cukierman                                                                                                                                                                                                                                           ,LAB
1084,CMPT    ,128,SURREY    ,48,43,John Edgar                                                                                                                                                                                                                                                ,LEC
1164,CMPT    ,120,BURNABY   ,26,24,Diana Cukierman                                                                                                                                                                                                                                           ,LAB
1154,CMPT    ,885,BURNABY   ,50,14,Arrvindh Shriraman                                                                                                                                                                                                                                        ,LEC
1084,CMNS    ,445,HRBRCNTR  ,30,13,Yuezhi Zhao                                                                                                                                                                                                                                               ,LEC
1157,ENSC    ,100W      ,BURNABY   ,8,8,<null>,LAB
1087,ENSC    ,896,BURNABY   ,50,0,. Faculty                                                                                                                                                                                                                                                 ,SEC
1104,ENSC    ,896,BURNABY   ,2,1,. Faculty                                                                                                                                                                                                                                                 ,SEC
1101,MATH    ,800,SURREY    ,24,12,Zhaosong Lu                                                                                                                                                                                                                                               ,LEC
1137,MATH    ,800,BURNABY   ,5,5,Petr Lisonek                                                                                                                                                                                                                                              ,LEC
1147,ENSC    ,100W      ,BURNABY   ,8,8,<null>,TUT
1181,CMPT    ,886,BURNABY   ,20,6,Keval Vora                                                                                                                                                                                                                                                ,SEM
1087,CMNS    ,304W      ,BURNABY   ,16,16,<null>,TUT
1147,ENSC    ,100W      ,BURNABY   ,8,9,<null>,TUT
1084,CMNS    ,221,BURNABY   ,0,0,<null>,TUT
1084,CMNS    ,221,BURNABY   ,0,0,<null>,TUT
1147,ENSC    ,100W      ,BURNABY   ,8,8,<null>,TUT
1157,ENSC    ,100W      ,BURNABY   ,8,7,<null>,LAB
1147,ENSC    ,100W      ,BURNABY   ,8,9,<null>,TUT
1141,ENSC    ,895,SUR       ,7,8,Ryan D'Arcy                                                                                                                                                                                                                                               ,LEC
1114,ENSC    ,895,SURREY    ,15,6,Woo Soo Kim                                                                                                                                                                                                                                               ,LEC
1114,ENSC    ,895,SURREY    ,8,3,Behraad Bahreyni                                                                                                                                                                                                                                          ,LEC
1084,CMPT    ,882,BURNABY   ,10,0,<null>,LEC
1087,CMNS    ,310,BURNABY   ,35,37,Richard Gruneau                                                                                                                                                                                                                                           ,SEM
1087,CMNS    ,458,HRBRCNTR  ,16,8,Linda Harasim                                                                                                                                                                                                                                             ,SEM
1091,CMNS    ,448,BURNABY   ,5,0,. Faculty                                                                                                                                                                                                                                                 ,SEC
1104,MATH    ,879,BURNABY   ,6,1,Nils Bruin                                                                                                                                                                                                                                                ,SEC
1097,ENSC    ,374,BURNABY   ,24,4,Mehdi Moradi                                                                                                                                                                                                                                              ,LEC
1081,ENSC    ,376,BURNABY   ,25,4,Glenn Chapman                                                                                                                                                                                                                                             ,LEC
1144,MSE     ,494,SURREY    ,10,0,<null>,SEC
1164,MATH    ,150,BURNABY   ,35,26,"Jamie Mulholland, Veselin Jungic                                                                                                                                                                                                                          ",SEC
1087,MATH    ,150,BURNABY   ,254,204,Jamie Mulholland                                                                                                                                                                                                                                          ,LEC
1097,MATH    ,150,BURNABY   ,253,223,Jamie Mulholland                                                                                                                                                                                                                                          ,LEC
1141,MATH    ,150,BURNABY   ,150,118,Jamie Mulholland                                                                                                                                                                                                                                          ,LEC
1167,MATH    ,150,BURNABY   ,326,289,Petra Menz                                                                                                                                                                                                                                                ,LEC
1107,ENSC    ,100W      ,BURNABY   ,4,4,Michael Sjoerdsma                                                                                                                                                                                                                                         ,TUT
1081,CMNS    ,892,BURNABY   ,5,0,Marcia Shimizu                                                                                                                                                                                                                                            ,SEC
1147,CMPT    ,150,BURNABY   ,0,0,Bobby Chan                                                                                                                                                                                                                                                ,LAB
1094,CMPT    ,363,BURNABY   ,61,60,M. Atkins                                                                                                                                                                                                                                                 ,LEC
1127,CMPT    ,428,METRO     ,20,21,"Cristina Eftenaru, Harriet Chicoine                                                                                                                                                                                                                       ",SEC
1137,CMPT    ,428,OFF       ,15,1,Harriet Chicoine                                                                                                                                                                                                                                          ,SEC
1137,CMPT    ,428,METRO     ,30,3,Harriet Chicoine                                                                                                                                                                                                                                          ,SEC
1101,CMPT    ,428,OFF       ,15,0,Frances McLafferty                                                                                                                                                                                                                                        ,SEC
1127,CMPT    ,428,OFF       ,5,1,"Harriet Chicoine, John McDonald                                                                                                                                                                                                                           ",SEC
1081,CMPT    ,880,BURNABY   ,8,0,<null>,LEC
1137,CMPT    ,428,OFF       ,15,0,Harriet Chicoine                                                                                                                                                                                                                                          ,SEC
1144,CMPT    ,428,OFF       ,5,0,Harriet Chicoine                                                                                                                                                                                                                                          ,SEC
1157,ENSC    ,100W      ,BURNABY   ,8,9,<null>,LAB
1084,CMPT    ,275,HRBRCNTR  ,56,38,William Vandenberg                                                                                                                                                                                                                                        ,LEC
1111,CMPT    ,370,SURREY    ,54,52,Danny Ridinger                                                                                                                                                                                                                                            ,LEC
1114,CMPT    ,365,BURNABY   ,70,60,Ze-Nian Li                                                                                                                                                                                                                                                ,LEC
1141,CMPT    ,365,BURNABY   ,35,32,Ze-Nian Li                                                                                                                                                                                                                                                ,LEC
1094,CMNS    ,230,BURNABY   ,18,1,<null>,TUT
1101,MATH    ,398,BURNABY   ,20,0,<null>,SEM
1144,MSE     ,894,SURREY    ,0,0,<null>,LAB
1091,IAT     ,222,SURREY    ,24,24,<null>,TUT
1101,MATH    ,303,BURNABY   ,34,32,<null>,TUT
1087,CMNS    ,130W      ,BURNABY   ,16,16,<null>,TUT
1081,CMNS    ,130W      ,BURNABY   ,16,16,<null>,TUT
1091,CMNS    ,130W      ,BURNABY   ,16,16,<null>,TUT
1091,KIN     ,809,BURNABY   ,5,0,<null>,SEC
1111,ENSC    ,226,SURREY    ,44,41,<null>,LAB
1141,MATH    ,150,BURNABY   ,60,0,<null>,OPL
1147,MATH    ,154,SURREY    ,150,0,<null>,OPL
1161,MATH    ,240,BURNABY   ,60,0,<null>,LAB
1081,CMNS    ,321,HRBRCNTR  ,19,19,<null>,TUT
1091,CMNS    ,321,HRBRCNTR  ,18,19,<null>,TUT
1091,CMNS    ,321,HRBRCNTR  ,18,20,<null>,TUT
1081,CMNS    ,323,HRBRCNTR  ,15,16,<null>,TUT
1094,CMNS    ,428,OFF       ,10,1,. Faculty                                                                                                                                                                                                                                                 ,SEC
1087,CMNS    ,494,OFF       ,25,1,Marcia Shimizu                                                                                                                                                                                                                                            ,PRA
1087,CMNS    ,801,BURNABY   ,20,15,Janet Marontate                                                                                                                                                                                                                                           ,SEM
1147,CMPT    ,150,BURNABY   ,0,0,Bobby Chan                                                                                                                                                                                                                                                ,LAB
1107,CMPT    ,150,BURNABY   ,122,103,Bradley Bart                                                                                                                                                                                                                                              ,LEC
1124,CMPT    ,150,BURNABY   ,26,26,Bobby Chan                                                                                                                                                                                                                                                ,LAB
1107,CMPT    ,150,BURNABY   ,25,25,Bradley Bart                                                                                                                                                                                                                                              ,LAB
1131,CMPT    ,150,BURNABY   ,26,26,Anthony Dixon                                                                                                                                                                                                                                             ,LAB
1147,CMPT    ,150,BURNABY   ,26,26,Bobby Chan                                                                                                                                                                                                                                                ,LAB
1087,CMPT    ,370,BURNABY   ,55,50,Danny Ridinger                                                                                                                                                                                                                                            ,LEC
1127,ENSC    ,100W      ,BURNABY   ,5,6,. Faculty                                                                                                                                                                                                                                                 ,TUT
1137,ENSC    ,100W      ,BURNABY   ,248,238,John Jones                                                                                                                                                                                                                                                ,LEC
1127,ENSC    ,100W      ,BURNABY   ,5,7,. Faculty                                                                                                                                                                                                                                                 ,TUT
1167,ENSC    ,100W      ,BURNABY   ,9,8,Michael Sjoerdsma                                                                                                                                                                                                                                         ,LAB
1117,ENSC    ,100W      ,BURNABY   ,5,5,. Faculty                                                                                                                                                                                                                                                 ,TUT
1117,ENSC    ,100W      ,BURNABY   ,7,7,. Faculty                                                                                                                                                                                                                                                 ,TUT
1091,CMNS    ,253W      ,HRBRCNTR  ,16,4,<null>,LAB
1111,CMPT    ,125,BURNABY   ,25,25,Anne Lavergne                                                                                                                                                                                                                                             ,LAB
1087,CMPT    ,126,BURNABY   ,25,21,Anne Lavergne                                                                                                                                                                                                                                             ,LAB
1127,CMPT    ,125,BURNABY   ,120,116,Ruiwen Chen                                                                                                                                                                                                                                               ,LEC
1144,CMPT    ,125,BURNABY   ,78,81,Ruiwen Chen                                                                                                                                                                                                                                               ,LEC
1124,CMPT    ,426,METRO     ,30,29,Cristina Eftenaru                                                                                                                                                                                                                                         ,SEC
1134,CMPT    ,426,METRO     ,41,42,Harriet Chicoine                                                                                                                                                                                                                                          ,SEC
1147,CMPT    ,426,METRO     ,30,4,Harriet Chicoine                                                                                                                                                                                                                                          ,SEC
1157,CMPT    ,426,VAN       ,10,10,Harriet Chicoine                                                                                                                                                                                                                                          ,SEC
1157,CMPT    ,411,BURNABY   ,40,31,James Delgrande                                                                                                                                                                                                                                           ,LEC
1114,CMPT    ,405,BURNABY   ,25,16,Petra Berenbrink                                                                                                                                                                                                                                          ,LEC
1097,CMPT    ,405,BURNABY   ,18,15,Andrei Bulatov                                                                                                                                                                                                                                            ,LEC
1101,CMPT    ,383,HRBRCNTR  ,30,13,Yaroslav Litus                                                                                                                                                                                                                                            ,LEC
1161,CMPT    ,814,BURNABY   ,55,5,Pavol Hell                                                                                                                                                                                                                                                ,LEC
1181,CMPT    ,475,BURNABY   ,85,64,Danny Ridinger                                                                                                                                                                                                                                            ,LEC
1104,ENSC    ,204,BURNABY   ,151,150,Michael Sjoerdsma                                                                                                                                                                                                                                         ,LEC
1114,ENSC    ,204,BURNABY   ,110,105,Michael Sjoerdsma                                                                                                                                                                                                                                         ,LEC
1167,ENSC    ,204,BURNABY   ,255,230,Michael Sjoerdsma                                                                                                                                                                                                                                         ,LEC
1114,ENSC    ,320,BURNABY   ,40,39,Ljiljana Trajkovic                                                                                                                                                                                                                                        ,TUT
1157,ENSC    ,264,BURNABY   ,7,8,Lakshman One                                                                                                                                                                                                                                              ,LAB
1157,ENSC    ,264,BURNABY   ,13,13,Lakshman One                                                                                                                                                                                                                                              ,LAB
1154,ENSC    ,296,BURNABY   ,30,4,Harriet Chicoine                                                                                                                                                                                                                                          ,SEC
1154,ENSC    ,296,OFF       ,10,0,Harriet Chicoine                                                                                                                                                                                                                                          ,SEC
1164,ENSC    ,263,BURNABY   ,3,4,William Scratchley                                                                                                                                                                                                                                        ,LEC
1134,ENSC    ,220,BURNABY   ,99,117,Meenakshinathan Parameswaran                                                                                                                                                                                                                              ,TUT
1124,CMPT    ,361,BURNABY   ,75,65,Hao Zhang                                                                                                                                                                                                                                                 ,LEC
1151,ENSC    ,450,BURNABY   ,45,0,Fabio Campi                                                                                                                                                                                                                                               ,RQL
1117,ENSC    ,854,BURNABY   ,35,15,Meenakshinathan Parameswaran                                                                                                                                                                                                                              ,LEC
1081,ENSC    ,897,BURNABY   ,45,2,. Faculty                                                                                                                                                                                                                                                 ,SEC
1131,ENSC    ,495,BURNABY   ,6,7,Glenn Chapman                                                                                                                                                                                                                                             ,LAB
1114,ENSC    ,494,SURREY    ,5,5,"Edward Park, Erik Kjeang, Farid Golnaraghi                                                                                                                                                                                                                ",SEC
1101,ENSC    ,483,BURNABY   ,40,40,. Sessional                                                                                                                                                                                                                                               ,LEC
1151,ENSC    ,406,BURNABY   ,18,17,Michael Sjoerdsma                                                                                                                                                                                                                                         ,TUT
1117,ENSC    ,402,BURNABY   ,10,1,. Faculty                                                                                                                                                                                                                                                 ,SEC
1124,ENSC    ,897,BURNABY   ,10,1,. Faculty                                                                                                                                                                                                                                                 ,SEC
1154,CMPT    ,125,BURNABY   ,165,73,Bobby Chan                                                                                                                                                                                                                                                ,LEC
1157,ENSC    ,488,BURNABY   ,50,48,Shahram Payandeh                                                                                                                                                                                                                                          ,TUT
1097,ENSC    ,100,BURNABY   ,1,0,<null>,RQL
1091,ENSC    ,263,SURREY    ,48,30,<null>,LAB
1107,ENSC    ,194,OFF       ,2,0,<null>,SEC
1091,CMNS    ,323W      ,HRBRCNTR  ,11,8,<null>,TUT
1094,ENSC    ,194,SURREY    ,25,0,<null>,SEC
1124,ENSC    ,396,BURNABY   ,10,0,<null>,SEC
1134,ENSC    ,396,OFF       ,10,0,<null>,SEC
1081,KIN     ,861,BURNABY   ,25,8,Charles Krieger                                                                                                                                                                                                                                           ,SEC
1091,KIN     ,221,BURNABY   ,19,19,<null>,TUT
1134,MACM    ,101,BURNABY   ,79,73,Anthony Dixon                                                                                                                                                                                                                                             ,SEC
1111,MATH    ,155,BURNABY   ,504,432,Petr Lisonek                                                                                                                                                                                                                                              ,LEC
1167,MACM    ,101,BURNABY   ,25,25,Andrei Bulatov                                                                                                                                                                                                                                            ,TUT
1177,MACM    ,101,BURNABY   ,25,24,Andrei Bulatov                                                                                                                                                                                                                                            ,TUT
1151,MACM    ,101,BURNABY   ,24,24,Binay Bhattacharya                                                                                                                                                                                                                                        ,TUT
1097,CMPT    ,454,SURREY    ,30,25,John Edgar                                                                                                                                                                                                                                                ,LEC
1177,CMPT    ,454,BURNABY   ,78,75,Juhua Hu                                                                                                                                                                                                                                                  ,LEC
1101,CMPT    ,428,BURNABY   ,30,9,Frances McLafferty                                                                                                                                                                                                                                        ,SEC
1091,CMPT    ,894,BURNABY   ,40,12,"Arthur Kirkpatrick, Dirk Beyer, Ghassan Hamarneh, James Delgrande, Jiangchuan Liu, Oliver Schulte, Pavol Hell, Uwe Glaesser, Wo-Shun Luk                                                                                                                  ",SEC
1134,CMPT    ,894,BURNABY   ,0,15,. Faculty                                                                                                                                                                                                                                                 ,SEC
1171,CMPT    ,894,BURNABY   ,1,2,"James Delgrande, Martin Ester                                                                                                                                                                                                                             ",SEC
1111,CMPT    ,898,BURNABY   ,80,76,. Faculty                                                                                                                                                                                                                                                 ,SEC
1154,CMPT    ,898,BURNABY   ,100,61,. Faculty                                                                                                                                                                                                                                                 ,SEC
1094,CMNS    ,223W      ,BURNABY   ,16,14,<null>,TUT
1081,CMNS    ,130W      ,BURNABY   ,16,14,<null>,TUT
1084,CMPT    ,225,BURNABY   ,25,21,<null>,LAB
1081,CMNS    ,230,BURNABY   ,18,20,<null>,TUT
1091,CMNS    ,230,BURNABY   ,18,20,<null>,TUT
1101,CMPT    ,894,BURNABY   ,15,10,<null>,SEC
1084,CMNS    ,323,HRBRCNTR  ,14,8,<null>,TUT
1084,CMNS    ,347,BURNABY   ,18,10,<null>,TUT
1137,ENSC    ,220,BURNABY   ,37,37,Meenakshinathan Parameswaran                                                                                                                                                                                                                              ,LAB
1121,ENSC    ,102,BURNABY   ,200,186,Stephen Whitmore                                                                                                                                                                                                                                          ,LEC
1131,ENSC    ,102,BURNABY   ,250,221,Stephen Whitmore                                                                                                                                                                                                                                          ,LEC
1144,ENSC    ,396,BURNABY   ,10,6,Harriet Chicoine                                                                                                                                                                                                                                          ,SEC
1157,ENSC    ,383,BURNABY   ,150,86,Atousa Hajshirmohammadi                                                                                                                                                                                                                                   ,LEC
1181,ENSC    ,383,BURNABY   ,130,109,Parvaneh Saeedi                                                                                                                                                                                                                                           ,LEC
1094,ENSC    ,380,BURNABY   ,50,45,Paul Ho                                                                                                                                                                                                                                                   ,LEC
1144,ENSC    ,383,BURNABY   ,100,101,Mirza Beg                                                                                                                                                                                                                                                 ,OPL
1147,ENSC    ,327,BURNABY   ,100,82,Jie Liang                                                                                                                                                                                                                                                 ,TUT
1104,ENSC    ,325,BURNABY   ,51,50,Sami Muhaidat                                                                                                                                                                                                                                             ,TUT
1101,MATH    ,443,BURNABY   ,25,10,Matthew DeVos                                                                                                                                                                                                                                             ,LEC
1141,MATH    ,462,BURNABY   ,20,11,Ralf Wittenberg                                                                                                                                                                                                                                           ,LEC
1091,MATH    ,113,BURNABY   ,50,0,Marni Mishna                                                                                                                                                                                                                                              ,LEC
1131,MATH    ,100,BURNABY   ,254,164,Malgorzata Dubiel                                                                                                                                                                                                                                         ,LEC
1094,MATH    ,890,BURNABY   ,10,0,Faye Stefan                                                                                                                                                                                                                                               ,SEC
1154,MATH    ,337,BURNABY   ,20,1,Stuart Billings                                                                                                                                                                                                                                           ,SEC
1131,MATH    ,890,OFF       ,6,0,Stuart Billings                                                                                                                                                                                                                                           ,SEC
1164,MATH    ,890,OFF       ,20,0,Stuart Billings                                                                                                                                                                                                                                           ,SEC
1174,MATH    ,437,BURNABY   ,20,1,Stuart Billings                                                                                                                                                                                                                                           ,SEC
1131,MATH    ,437,OFF       ,20,0,Stuart Billings                                                                                                                                                                                                                                           ,SEC
1127,MATH    ,232,SURREY    ,90,61,Abraham Punnen                                                                                                                                                                                                                                            ,LEC
1137,MATH    ,232,SURREY    ,90,77,Youssef Qranfal                                                                                                                                                                                                                                           ,LEC
1167,MATH    ,436,BURNABY   ,20,1,Stuart Billings                                                                                                                                                                                                                                           ,SEC
1127,MATH    ,895,BURNABY   ,6,1,Vahid Dabbaghian-Abdoly                                                                                                                                                                                                                                   ,SEC
1084,MATH    ,152,BURNABY   ,60,0,<null>,OPL
1094,MATH    ,152,BURNABY   ,60,0,<null>,OPL
1087,CMPT    ,120,SURREY    ,32,29,<null>,LAB
1114,MATH    ,437,BURNABY   ,20,0,<null>,SEC
1114,MATH    ,254,BURNABY   ,34,34,<null>,TUT
1181,MATH    ,895,BURNABY   ,10,0,<null>,SEC
1094,REM     ,690,BURNABY   ,10,1,. Faculty                                                                                                                                                                                                                                                 ,SEC
1174,ENSC    ,896,OFF       ,10,0,<null>,SEC
1091,CMNS    ,130W      ,SURREY    ,16,13,<null>,TUT
1111,ENSC    ,372,BURNABY   ,1,0,<null>,OPL
1111,ENSC    ,428,BURNABY   ,20,17,Sami Muhaidat                                                                                                                                                                                                                                             ,TUT
1144,ENSC    ,428,BURNABY   ,40,22,Ivan Bajic                                                                                                                                                                                                                                                ,TUT
1084,CMNS    ,347,BURNABY   ,18,17,<null>,TUT
1161,ENSC    ,400,BURNABY   ,5,2,<null>,SEC
1117,ENSC    ,494,BURNABY   ,5,7,<null>,SEC
1134,ENSC    ,195,OFF       ,20,10,<null>,SEC
1134,MSE     ,493,SURREY    ,20,13,<null>,SEC
1177,MSE     ,487,SURREY    ,5,0,<null>,SEM
1087,ENSC    ,100,BURNABY   ,0,0,<null>,RQL
1167,MSE     ,892,OFF       ,10,1,<null>,SEC
1087,ENSC    ,100,BURNABY   ,1,1,<null>,RQL
1121,ENSC    ,194,BURNABY   ,10,1,<null>,SEC
1094,ENSC    ,194,BURNABY   ,10,0,<null>,SEC
1091,KIN     ,303,BURNABY   ,54,54,Richard Ward                                                                                                                                                                                                                                              ,LEC
1094,KIN     ,497,BURNABY   ,3,4,Laurie Klak                                                                                                                                                                                                                                               ,SEC
1101,MACM    ,101,BURNABY   ,24,17,Andrei Bulatov                                                                                                                                                                                                                                            ,TUT
1151,MACM    ,101,SURREY    ,24,22,Kay Wiese                                                                                                                                                                                                                                                 ,TUT
1167,MACM    ,101,SURREY    ,24,24,Kay Wiese                                                                                                                                                                                                                                                 ,TUT
1087,TECH    ,106,SURREY    ,0,0,<null>,LEC
1087,TECH    ,106,SURREY    ,0,0,<null>,LAB
1107,ENSC    ,450,BURNABY   ,18,17,Richard Hobson                                                                                                                                                                                                                                            ,TUT
1137,ENSC    ,100,BURNABY   ,0,0,<null>,TUT
1137,ENSC    ,100,BURNABY   ,0,0,<null>,TUT
1117,ENSC    ,220,BURNABY   ,25,26,<null>,LAB
1121,ENSC    ,194,OFF       ,10,0,<null>,SEC
1094,ENSC    ,194,OFF       ,10,0,<null>,SEC
1164,MSE     ,486,SURREY    ,5,0,<null>,SEM
1081,ENSC    ,495,BURNABY   ,17,17,<null>,LAB
1167,ENSC    ,892,BURNABY   ,10,1,<null>,SEC
1081,ENSC    ,195,BURNABY   ,50,34,<null>,SEC
1121,MATH    ,302,BURNABY   ,32,30,<null>,TUT
1111,ENSC    ,106,SURREY    ,24,22,<null>,TUT
1137,ENSC    ,470,BURNABY   ,30,0,<null>,TUT
1094,KIN     ,143,BURNABY   ,120,119,Anthony Leyland                                                                                                                                                                                                                                           ,SEC
1087,KIN     ,143,BURNABY   ,120,116,Anthony Leyland                                                                                                                                                                                                                                           ,LEC
1097,ENSC    ,281,SURREY    ,72,71,<null>,LAB
1104,ENSC    ,311,SURREY    ,33,26,<null>,LAB
1121,ENSC    ,451,SURREY    ,33,4,<null>,LAB
1121,MATH    ,437,BURNABY   ,20,1,"Faye Stefan, Stuart Billings                                                                                                                                                                                                                              ",SEC
1127,MACM    ,101,SURREY    ,100,93,Steven Pearce                                                                                                                                                                                                                                             ,LEC
1097,MATH    ,418,BURNABY   ,25,20,Razvan Fetecau                                                                                                                                                                                                                                            ,LEC
1141,MATH    ,436,BURNABY   ,20,0,Stuart Billings                                                                                                                                                                                                                                           ,SEC
1147,MATH    ,895,BURNABY   ,5,0,<null>,SEC
1084,CMNS    ,262,HRBRCNTR  ,18,19,<null>,TUT
1087,ENSC    ,220,SURREY    ,26,0,<null>,LAB
1107,ENSC    ,220,BURNABY   ,50,0,<null>,TUT
1091,CMNS    ,110,BURNABY   ,18,18,<null>,TUT
1094,CMNS    ,473,HRBRCNTR  ,15,17,<null>,LAB
1084,CMPT    ,899,BURNABY   ,85,84,<null>,SEC
1147,CMPT    ,880,SURREY    ,0,0,<null>,LEC
1181,MACM    ,203,BURNABY   ,16,16,<null>,LAB
1081,ENSC    ,230,BURNABY   ,50,35,Shahram Payandeh                                                                                                                                                                                                                                          ,LEC
1091,ENSC    ,230,BURNABY   ,50,37,Shahram Payandeh                                                                                                                                                                                                                                          ,LEC
1137,ENSC    ,201,BURNABY   ,138,131,John Jones                                                                                                                                                                                                                                                ,LEC
1117,ENSC    ,201,BURNABY   ,122,0,John Jones                                                                                                                                                                                                                                                ,LAB
1104,ENSC    ,383,SURREY    ,60,52,Siamak Arzanpour                                                                                                                                                                                                                                          ,TUT
1114,MACM    ,101,BURNABY   ,24,21,Steven Pearce                                                                                                                                                                                                                                             ,TUT
1177,MACM    ,101,BURNABY   ,25,25,Andrei Bulatov                                                                                                                                                                                                                                            ,TUT
1094,KIN     ,142,SURREY    ,17,11,<null>,LAB
1137,MACM    ,101,BURNABY   ,24,24,Andrei Bulatov                                                                                                                                                                                                                                            ,TUT
1097,MACM    ,101,SURREY    ,24,21,Kay Wiese                                                                                                                                                                                                                                                 ,TUT
1151,MACM    ,101,BURNABY   ,24,24,Binay Bhattacharya                                                                                                                                                                                                                                        ,TUT
1127,MACM    ,101,SURREY    ,25,25,Steven Pearce                                                                                                                                                                                                                                             ,TUT
1097,MACM    ,101,SURREY    ,24,24,Kay Wiese                                                                                                                                                                                                                                                 ,TUT
1157,MATH    ,322,BURNABY   ,64,52,Stephen Choi                                                                                                                                                                                                                                              ,LEC
1144,MATH    ,232,SURREY    ,200,156,Abraham Punnen                                                                                                                                                                                                                                            ,LEC
1177,MATH    ,436,OFF       ,20,0,Stuart Billings                                                                                                                                                                                                                                           ,SEC
1081,KIN     ,142,BURNABY   ,19,19,<null>,LAB
1144,MACM    ,101,BURNABY   ,24,23,Steven Pearce                                                                                                                                                                                                                                             ,TUT
1087,MACM    ,101,BURNABY   ,25,22,Steven Pearce                                                                                                                                                                                                                                             ,TUT
1177,MACM    ,101,BURNABY   ,25,25,Andrei Bulatov                                                                                                                                                                                                                                            ,TUT
1141,MACM    ,101,BURNABY   ,24,21,Binay Bhattacharya                                                                                                                                                                                                                                        ,TUT
1127,MACM    ,101,BURNABY   ,24,24,Andrei Bulatov                                                                                                                                                                                                                                            ,TUT
1087,MACM    ,101,BURNABY   ,25,24,Steven Pearce                                                                                                                                                                                                                                             ,TUT
1144,MATH    ,337,OFF       ,20,3,Stuart Billings                                                                                                                                                                                                                                           ,SEC
1111,MATH    ,895,BURNABY   ,5,0,. Faculty                                                                                                                                                                                                                                                 ,SEC
1081,KIN     ,343,BURNABY   ,18,18,<null>,LAB
1081,KIN     ,143,BURNABY   ,40,39,<null>,LAB
1124,MATH    ,342,BURNABY   ,36,36,<null>,TUT
1134,MATH    ,342,BURNABY   ,40,38,<null>,TUT
1181,MATH    ,380W      ,BURNABY   ,32,32,<null>,TUT
1134,MATH    ,337,OFF       ,20,1,<null>,SEC
1087,ENSC    ,100W      ,BURNABY   ,4,4,<null>,RQL
1087,ENSC    ,100W      ,BURNABY   ,5,5,<null>,RQL
1114,ENSC    ,380,BURNABY   ,45,40,". Faculty, Paul Ho                                                                                                                                                                                                                                        ",LEC
1151,ENSC    ,380,BURNABY   ,190,170,Ivan Bajic                                                                                                                                                                                                                                                ,LEC
1111,ENSC    ,380,BURNABY   ,45,41,Shawn Stapleton                                                                                                                                                                                                                                           ,TUT
1181,ENSC    ,327,BURNABY   ,157,149,Balbir Gill                                                                                                                                                                                                                                               ,RQL
1091,ENSC    ,330,BURNABY   ,100,90,Bozena Kaminska                                                                                                                                                                                                                                           ,LEC
1094,ENSC    ,225,BURNABY   ,50,23,Bonnie Gray                                                                                                                                                                                                                                               ,LEC
1131,ENSC    ,225,BURNABY   ,71,57,Marek Syrzycki                                                                                                                                                                                                                                            ,LEC
1134,ENSC    ,225,BURNABY   ,80,80,Meenakshinathan Parameswaran                                                                                                                                                                                                                              ,TUT
1141,ENSC    ,225,BURNABY   ,98,0,Meenakshinathan Parameswaran                                                                                                                                                                                                                              ,OPL
1081,ENSC    ,427,BURNABY   ,50,39,Tejinder Randhawa                                                                                                                                                                                                                                         ,LEC
1091,KIN     ,142,BURNABY   ,19,17,<null>,LAB
1181,MATH    ,895,BURNABY   ,10,0,<null>,SEC
1127,MATH    ,877,BURNABY   ,5,0,<null>,SEC
1097,MATH    ,322,BURNABY   ,32,21,<null>,TUT
1087,ENSC    ,100W      ,BURNABY   ,5,5,<null>,RQL
1091,REM     ,610,BURNABY   ,15,9,Frank Gobas                                                                                                                                                                                                                                               ,SEM
1081,CMNS    ,110,BURNABY   ,18,17,<null>,TUT
1081,CMNS    ,110,BURNABY   ,18,18,<null>,TUT
1084,CMNS    ,221,BURNABY   ,16,16,<null>,TUT
1094,CMNS    ,347,BURNABY   ,18,18,<null>,TUT
1081,CMNS    ,456,BURNABY   ,18,18,<null>,TUT
1084,CMNS    ,375,HRBRCNTR  ,16,15,<null>,TUT
1087,CMNS    ,375,HRBRCNTR  ,15,18,<null>,TUT
1157,CMPT    ,880,BURNABY   ,35,0,<null>,LEC
1097,ENSC    ,488,BURNABY   ,50,0,<null>,OPL
1157,MSE     ,499,SURREY    ,5,0,<null>,SEC
1104,ENSC    ,215,BURNABY   ,12,9,<null>,LAB
1094,ENSC    ,215,BURNABY   ,22,20,<null>,LAB
1087,CMNS    ,130W      ,BURNABY   ,16,16,<null>,TUT
1091,CMNS    ,130W      ,SURREY    ,16,15,<null>,TUT
1087,CMNS    ,130W      ,BURNABY   ,16,18,<null>,TUT
1087,ENSC    ,220,SURREY    ,78,60,Ahmad Rad                                                                                                                                                                                                                                                 ,LEC
1167,ENSC    ,196,OFF       ,25,4,Harriet Chicoine                                                                                                                                                                                                                                          ,SEC
1107,ENSC    ,387,BURNABY   ,35,33,Marcin Marzencki                                                                                                                                                                                                                                          ,LEC
1131,ENSC    ,427,BURNABY   ,55,46,Ljiljana Trajkovic                                                                                                                                                                                                                                        ,TUT
1161,ENSC    ,387,BURNABY   ,75,32,Balbir Gill                                                                                                                                                                                                                                               ,TUT
1117,ENSC    ,426,BURNABY   ,30,23,Shawn Stapleton                                                                                                                                                                                                                                           ,LEC
1111,ENSC    ,425,BURNABY   ,40,39,Lakshman One                                                                                                                                                                                                                                              ,LEC
1114,ENSC    ,383,BURNABY   ,45,40,Parvaneh Saeedi                                                                                                                                                                                                                                           ,TUT
1151,ENSC    ,851,BURNABY   ,9,8,Glenn Chapman                                                                                                                                                                                                                                             ,LEC
1101,ENSC    ,499,BURNABY   ,5,6,. Faculty                                                                                                                                                                                                                                                 ,SEC
1137,ENSC    ,499,BURNABY   ,10,6,. Faculty                                                                                                                                                                                                                                                 ,SEC
1121,ENSC    ,495,BURNABY   ,12,11,Glenn Chapman                                                                                                                                                                                                                                             ,LEC
1094,CMNS    ,262,BURNABY   ,18,17,<null>,TUT
1111,MATH    ,314,BURNABY   ,32,0,<null>,TUT
1091,REM     ,100,BURNABY   ,18,16,<null>,TUT
1137,MATH    ,151,BURNABY   ,0,0,<null>,OPL
1087,CMNS    ,221,HRBRCNTR  ,18,17,<null>,TUT
1137,ENSC    ,396,OFF       ,10,0,<null>,SEC
1091,CMNS    ,453,BURNABY   ,0,0,<null>,SEC
1154,MSE     ,420,SURREY    ,0,0,<null>,OPL
1094,ENSC    ,215,BURNABY   ,22,0,<null>,LAB
1094,ENSC    ,215,BURNABY   ,22,0,<null>,LAB
1087,MATH    ,340,BURNABY   ,32,32,<null>,TUT
1097,MATH    ,340,BURNABY   ,32,26,<null>,TUT
1091,CMNS    ,130W      ,BURNABY   ,16,16,<null>,TUT
1087,CMNS    ,130W      ,BURNABY   ,16,17,<null>,TUT
1081,CMNS    ,304W      ,BURNABY   ,15,14,<null>,TUT
1131,ENSC    ,320,BURNABY   ,95,70,John Bird                                                                                                                                                                                                                                                 ,TUT
1154,ENSC    ,429,BURNABY   ,35,15,Daniel Lee                                                                                                                                                                                                                                                ,TUT
1151,ENSC    ,428,BURNABY   ,35,8,Daniel Lee                                                                                                                                                                                                                                                ,LEC
1174,MSE     ,311,SURREY    ,120,76,Behraad Bahreyni                                                                                                                                                                                                                                          ,LEC
1144,MSE     ,311,SURREY    ,36,36,Behraad Bahreyni                                                                                                                                                                                                                                          ,LAB
1171,ENSC    ,488,BURNABY   ,50,36,Kamal Gupta                                                                                                                                                                                                                                               ,RQL
1171,ENSC    ,426,BURNABY   ,40,16,Lakshman One                                                                                                                                                                                                                                              ,TUT
1144,ENSC    ,395,BURNABY   ,25,37,Harriet Chicoine                                                                                                                                                                                                                                          ,SEC
1137,ENSC    ,426,BURNABY   ,30,0,Shawn Stapleton                                                                                                                                                                                                                                           ,OPL
1131,ENSC    ,491,BURNABY   ,1,0,William Scratchley                                                                                                                                                                                                                                        ,SEC
1137,ENSC    ,424,BURNABY   ,85,77,Jie Liang                                                                                                                                                                                                                                                 ,TUT
1141,MSE     ,494,SURREY    ,10,3,Harriet Chicoine                                                                                                                                                                                                                                          ,SEC
1174,MSE     ,490,SURREY    ,35,33,Jiacheng Wang                                                                                                                                                                                                                                             ,LAB
1177,MSE     ,494,METRO     ,10,11,Stephanie DeRapp                                                                                                                                                                                                                                          ,SEC
1167,MATH    ,888,SURREY    ,10,1,"Marni Mishna, Razvan Fetecau                                                                                                                                                                                                                              ",SEC
1141,CMPT    ,626,METRO     ,5,5,Harriet Chicoine                                                                                                                                                                                                                                          ,PRA
1127,ENSC    ,100,BURNABY   ,3,1,. Faculty                                                                                                                                                                                                                                                 ,TUT
1151,ENSC    ,196,BURNABY   ,20,15,Harriet Chicoine                                                                                                                                                                                                                                          ,SEC
1167,ENSC    ,196,BURNABY   ,25,18,Harriet Chicoine                                                                                                                                                                                                                                          ,SEC
1127,MATH    ,232,SURREY    ,48,0,<null>,OPL
1081,KIN     ,415,BURNABY   ,32,21,Parveen Bawa                                                                                                                                                                                                                                              ,LEC
1091,KIN     ,415,BURNABY   ,45,34,Parveen Bawa                                                                                                                                                                                                                                              ,LEC
1164,MSE     ,481,SURREY    ,120,114,". TBD, Kevin Oldknow                                                                                                                                                                                                                                      ",LEC
1167,MSE     ,250,SURREY    ,106,104,Ahmad Rad                                                                                                                                                                                                                                                 ,LEC
1167,MSE     ,380,SURREY    ,105,99,Kevin Oldknow                                                                                                                                                                                                                                             ,TUT
1147,MSE     ,380,SURREY    ,120,0,Kevin Oldknow                                                                                                                                                                                                                                             ,OPL
1167,MSE     ,320,SURREY    ,27,28,Krishna Vijayaraghavan                                                                                                                                                                                                                                    ,LAB
1121,ENSC    ,810,BURNABY   ,30,9,Rodney Vaughan                                                                                                                                                                                                                                            ,LEC
1104,ENSC    ,898,BURNABY   ,85,84,. Faculty                                                                                                                                                                                                                                                 ,SEC
1084,CMNS    ,346,HRBRCNTR  ,18,15,<null>,TUT
1097,ENSC    ,402,BURNABY   ,10,0,<null>,SEC
1131,ENSC    ,835,BURNABY   ,40,0,<null>,LEC
1084,KIN     ,305,BURNABY   ,72,68,Thomas Claydon                                                                                                                                                                                                                                            ,LEC
1084,KIN     ,352,BURNABY   ,25,18,Darleen Bemister                                                                                                                                                                                                                                          ,PRA
1087,KIN     ,382,BURNABY   ,32,32,Stephen Brown                                                                                                                                                                                                                                             ,LEC
1087,KIN     ,407,BURNABY   ,14,13,Robert Asmundson                                                                                                                                                                                                                                          ,LAB
1167,MSE     ,793,OFF       ,5,0,Harriet Chicoine                                                                                                                                                                                                                                          ,PRA
1174,ENSC    ,482,BURNABY   ,45,35,Shahram Payandeh                                                                                                                                                                                                                                          ,TUT
1167,CMPT    ,127,BURNABY   ,64,63,Richard Vaughan                                                                                                                                                                                                                                           ,LAB
1177,CMPT    ,127,BURNABY   ,64,64,Richard Vaughan                                                                                                                                                                                                                                           ,LAB
1154,MSE     ,311,SURREY    ,30,28,Behraad Bahreyni                                                                                                                                                                                                                                          ,LAB
1151,MSE     ,223,SURREY    ,130,108,Erik Kjeang                                                                                                                                                                                                                                               ,LEC
1144,CMPT    ,627,OFF       ,5,0,Harriet Chicoine                                                                                                                                                                                                                                          ,PRA
1154,CMPT    ,627,OFF       ,5,0,Harriet Chicoine                                                                                                                                                                                                                                          ,PRA
1134,CMPT    ,166,SURREY    ,26,22,John Edgar                                                                                                                                                                                                                                                ,LAB
1147,MACM    ,204,BURNABY   ,22,22,Michael Monagan                                                                                                                                                                                                                                           ,LAB
1137,CHIN    ,181,BURNABY   ,15,12,Haisheng Jiang                                                                                                                                                                                                                                            ,TUT
1117,ENSC    ,388,SURREY    ,30,26,Majid Bahrami                                                                                                                                                                                                                                             ,LAB
1081,IAT     ,267,SURREY    ,0,0,Helmine Serban                                                                                                                                                                                                                                            ,OPL
1081,TECH    ,124,SURREY    ,48,44,Kathryn Armstrong                                                                                                                                                                                                                                         ,LEC
1177,CMPT    ,626,METRO     ,50,1,Harriet Chicoine                                                                                                                                                                                                                                          ,PRA
1141,CMPT    ,626,OFF       ,5,0,Harriet Chicoine                                                                                                                                                                                                                                          ,PRA
1161,ENSC    ,893,BURNABY   ,30,7,"Bozena Kaminska, Pierre Lane                                                                                                                                                                                                                              ",LEC
1081,IAT     ,343,SURREY    ,24,22,Jay Page                                                                                                                                                                                                                                                  ,STL
1087,IAT     ,452,SURREY    ,15,14,Halil Erhan                                                                                                                                                                                                                                               ,LEC
1141,ENSC    ,474,BURNABY   ,35,31,Mirza Beg                                                                                                                                                                                                                                                 ,TUT
1127,ENSC    ,440W      ,BURNABY   ,50,32,Andrew Rawicz                                                                                                                                                                                                                                             ,LEC
1151,MATH    ,767,BURNABY   ,10,4,Razvan Fetecau                                                                                                                                                                                                                                            ,LEC
1094,CMPT    ,880,BURNABY   ,20,12,Jiangchuan Liu                                                                                                                                                                                                                                            ,LEC
1117,CMPT    ,880,SURREY    ,12,9,Arrvindh Shriraman                                                                                                                                                                                                                                        ,LEC
1167,CMPT    ,105W      ,SURREY    ,55,52,Harinder Khangura                                                                                                                                                                                                                                         ,LEC
1177,CMPT    ,106,SURREY    ,24,24,Harinder Khangura                                                                                                                                                                                                                                         ,LAB
1117,MACM    ,204,BURNABY   ,36,19,JF Williams                                                                                                                                                                                                                                               ,LEC
1131,CHIN    ,281,BURNABY   ,15,4,Cynthia Xie                                                                                                                                                                                                                                               ,TUT
1131,MATH    ,381W      ,BURNABY   ,60,27,Tom Archibald                                                                                                                                                                                                                                             ,SEM
1101,CMPT    ,276,SURREY    ,20,9,Herbert Tsang                                                                                                                                                                                                                                             ,LEC
1097,MATH    ,742,BURNABY   ,15,3,Petr Lisonek                                                                                                                                                                                                                                              ,LEC
1087,CMNS    ,461,BURNABY   ,5,0,. Faculty                                                                                                                                                                                                                                                 ,SEC
1081,ENSC    ,305W      ,BURNABY   ,60,49,Stephen Whitmore                                                                                                                                                                                                                                          ,LEC
1097,MATH    ,718,BURNABY   ,15,6,Razvan Fetecau                                                                                                                                                                                                                                            ,LEC
1174,ENSC    ,701,BURNABY   ,10,1,Harriet Chicoine                                                                                                                                                                                                                                          ,PRA
1177,MSE     ,793,METRO     ,5,6,Harriet Chicoine                                                                                                                                                                                                                                          ,PRA
1177,ENSC    ,120,BURNABY   ,30,35,Atousa Hajshirmohammadi                                                                                                                                                                                                                                   ,LAB
1134,MSE     ,411W      ,SURREY    ,92,0,"Farid Golnaraghi, Maureen Hindy                                                                                                                                                                                                                           ",OPL
1151,MSE     ,210,SURREY    ,44,43,Flavio Firmani                                                                                                                                                                                                                                            ,LAB
1181,MSE     ,293,OFF       ,20,1,Stephanie DeRapp                                                                                                                                                                                                                                          ,SEC
1144,MSE     ,490,SURREY    ,42,25,Jiacheng Wang                                                                                                                                                                                                                                             ,LEC
1154,MSE     ,490,SURREY    ,34,34,Jiacheng Wang                                                                                                                                                                                                                                             ,SEM
1177,CMPT    ,626,METRO     ,50,0,Harriet Chicoine                                                                                                                                                                                                                                          ,PRA
1087,MATH    ,742,BURNABY   ,10,1,Michael Monagan                                                                                                                                                                                                                                           ,LEC
1091,TECH    ,124,SURREY    ,48,48,Joel Flynn                                                                                                                                                                                                                                                ,LAB
1081,TECH    ,124,SURREY    ,48,48,Kathryn Armstrong                                                                                                                                                                                                                                         ,LEC
1081,TECH    ,124,SURREY    ,48,48,Kathryn Armstrong                                                                                                                                                                                                                                         ,LEC
1111,ENSC    ,283,SURREY    ,96,85,Majid Bahrami                                                                                                                                                                                                                                             ,LEC
1084,MATH    ,338,BURNABY   ,32,13,Jason Bell                                                                                                                                                                                                                                                ,LEC
1174,MATH    ,338,BURNABY   ,32,13,Imin Chen                                                                                                                                                                                                                                                 ,LEC
1117,ENSC    ,328,BURNABY   ,10,0,Paul Ho                                                                                                                                                                                                                                                   ,LEC
1081,MATH    ,879,BURNABY   ,6,1,Ladislav Stacho                                                                                                                                                                                                                                           ,SEC
1091,MATH    ,879,BURNABY   ,6,1,Nils Bruin                                                                                                                                                                                                                                                ,SEC
1171,MATH    ,879,BURNABY   ,6,1,. Faculty                                                                                                                                                                                                                                                 ,SEC
1121,CMPT    ,880,SURREY    ,12,5,Thomas Shermer                                                                                                                                                                                                                                            ,LEC
1094,MACM    ,201,BURNABY   ,122,93,Quin Lo                                                                                                                                                                                                                                                   ,LEC
1107,MACM    ,201,BURNABY   ,200,145,Ladislav Stacho                                                                                                                                                                                                                                           ,LEC
1121,MACM    ,201,BURNABY   ,192,156,Karen Yeats                                                                                                                                                                                                                                               ,LEC
1157,MATH    ,151,SURREY    ,102,72,Zhaosong Lu                                                                                                                                                                                                                                               ,LEC
1151,MATH    ,152,BURNABY   ,475,410,Ralf Wittenberg                                                                                                                                                                                                                                           ,LEC
1177,MATH    ,152,BURNABY   ,300,264,Tom Archibald                                                                                                                                                                                                                                             ,LEC
1141,MATH    ,152,SURREY    ,151,128,Colin Weir                                                                                                                                                                                                                                                ,LEC
1097,MATH    ,100,BURNABY   ,335,317,Nadia Nosrati Kenareh                                                                                                                                                                                                                                     ,LEC
1097,MATH    ,100,SURREY    ,100,82,Gaitri Yapa                                                                                                                                                                                                                                               ,LEC
1177,MATH    ,718,BURNABY   ,10,1,Razvan Fetecau                                                                                                                                                                                                                                            ,LEC
1164,MATH    ,761,BURNABY   ,5,2,Steven Ruuth                                                                                                                                                                                                                                              ,LEC
1101,MATH    ,398,BURNABY   ,20,16,Razvan Fetecau                                                                                                                                                                                                                                            ,SEM
1134,CMPT    ,125,BURNABY   ,26,12,Louis Hafer                                                                                                                                                                                                                                               ,LAB
1174,CMPT    ,125,BURNABY   ,192,178,John Edgar                                                                                                                                                                                                                                                ,LEC
1167,CMPT    ,128,BURNABY   ,26,25,Janice Regan                                                                                                                                                                                                                                              ,LAB
1127,CMPT    ,765,BURNABY   ,13,9,Ayse Ergun                                                                                                                                                                                                                                                ,LEC
1171,ENSC    ,462,BURNABY   ,5,2,Bernhard Rabus                                                                                                                                                                                                                                            ,LAB
1101,MATH    ,251,BURNABY   ,195,153,John Stockie                                                                                                                                                                                                                                              ,LEC
1081,MATH    ,190,BURNABY   ,175,106,Malgorzata Dubiel                                                                                                                                                                                                                                         ,LEC
1117,MATH    ,800,BURNABY   ,20,7,Matthew DeVos                                                                                                                                                                                                                                             ,LEC
1161,ENSC    ,895,SUR       ,6,6,Ryan D'Arcy                                                                                                                                                                                                                                               ,LEC
1091,ENSC    ,895,BURNABY   ,10,2,Mirza Beg                                                                                                                                                                                                                                                 ,LEC
1091,ENSC    ,895,BURNABY   ,10,1,"Mirza Beg, Steven Ruuth                                                                                                                                                                                                                                   ",LEC
1161,ENSC    ,895,BURNABY   ,10,19,Mirza Beg                                                                                                                                                                                                                                                 ,LEC
1171,ENSC    ,895,BURNABY   ,10,9,Mirza Beg                                                                                                                                                                                                                                                 ,LEC
1124,ENSC    ,895,SURREY    ,15,9,Woo Soo Kim                                                                                                                                                                                                                                               ,LEC
1131,ENSC    ,895,SURREY    ,15,0,Behraad Bahreyni                                                                                                                                                                                                                                          ,TUT
1121,MATH    ,308,SURREY    ,38,38,Tamon Stephen                                                                                                                                                                                                                                             ,LEC
1154,MATH    ,190,BURNABY   ,35,0,Petra Menz                                                                                                                                                                                                                                                ,SEC
1181,MATH    ,879,BURNABY   ,6,2,Marni Mishna                                                                                                                                                                                                                                              ,SEC
1081,KIN     ,835,BURNABY   ,25,4,Joaquin Hoffer                                                                                                                                                                                                                                            ,LEC
1081,IAT     ,208,SURREY    ,27,26,Kenneth Zupan                                                                                                                                                                                                                                             ,STL
1081,IAT     ,208,SURREY    ,27,30,Kenneth Zupan                                                                                                                                                                                                                                             ,STL
1094,CMPT    ,126,BURNABY   ,26,22,Louis Hafer                                                                                                                                                                                                                                               ,LAB
1107,MATH    ,345,BURNABY   ,32,24,Matthew DeVos                                                                                                                                                                                                                                             ,LEC
1177,CMPT    ,479,BURNABY   ,45,17,William Sumner                                                                                                                                                                                                                                            ,LEC
1127,ENSC    ,462,SURREY    ,14,10,Gary Wang                                                                                                                                                                                                                                                 ,LEC
1107,MATH    ,154,BURNABY   ,250,135,Nadia Nosrati Kenareh                                                                                                                                                                                                                                     ,LEC
1117,MATH    ,154,BURNABY   ,229,88,Irene Pivotto                                                                                                                                                                                                                                             ,LEC
1174,MACM    ,316,BURNABY   ,252,208,Bamdad Hosseini                                                                                                                                                                                                                                           ,LEC
1177,MATH    ,251,SURREY    ,102,57,Zirui Zhou                                                                                                                                                                                                                                                ,LEC
1111,MATH    ,336,OFF       ,20,0,Faye Stefan                                                                                                                                                                                                                                               ,SEC
1127,MATH    ,336,OFF       ,20,1,Faye Stefan                                                                                                                                                                                                                                               ,SEC
1154,MATH    ,310,BURNABY   ,360,317,Youssef Qranfal                                                                                                                                                                                                                                           ,LEC
1111,MATH    ,336,BURNABY   ,20,2,Faye Stefan                                                                                                                                                                                                                                               ,SEC
1141,MATH    ,320,BURNABY   ,64,22,Weiran Sun                                                                                                                                                                                                                                                ,LEC
1111,MATH    ,877,BURNABY   ,5,1,Tamon Stephen                                                                                                                                                                                                                                             ,SEC
1137,MATH    ,877,BURNABY   ,5,0,. Faculty                                                                                                                                                                                                                                                 ,SEC
1087,MATH    ,831,BURNABY   ,15,8,Stephen Choi                                                                                                                                                                                                                                              ,LEC
1171,MATH    ,190,BURNABY   ,60,57,Petra Menz                                                                                                                                                                                                                                                ,LEC
1081,MATH    ,605,BURNABY   ,20,13,Peter Borwein                                                                                                                                                                                                                                             ,SEM
1137,MATH    ,603,BURNABY   ,20,16,Rina Zazkis                                                                                                                                                                                                                                               ,SEM
1147,MATH    ,486,OFF       ,20,0,Stuart Billings                                                                                                                                                                                                                                           ,SEC
1154,MATH    ,470,BURNABY   ,30,20,Steven Ruuth                                                                                                                                                                                                                                              ,LEC
1144,MATH    ,892,BURNABY   ,20,0,Stuart Billings                                                                                                                                                                                                                                           ,SEC
1087,MATH    ,893,OFF       ,10,0,Faye Stefan                                                                                                                                                                                                                                               ,SEC
1104,MATH    ,893,OFF       ,6,0,Faye Stefan                                                                                                                                                                                                                                               ,SEC
1134,MATH    ,891,BURNABY   ,20,0,Stuart Billings                                                                                                                                                                                                                                           ,SEC
1094,CMNS    ,453,BURNABY   ,40,34,Richard Smith                                                                                                                                                                                                                                             ,SEC
1151,CMPT    ,150,BURNABY   ,26,26,Bobby Chan                                                                                                                                                                                                                                                ,LAB
1101,MATH    ,190,BURNABY   ,35,34,Bernice Kastner                                                                                                                                                                                                                                           ,SEC
1144,MATH    ,157,BURNABY   ,175,131,Elena Halmaghi                                                                                                                                                                                                                                            ,LEC
1121,MATH    ,154,BURNABY   ,250,196,Brenda Davison                                                                                                                                                                                                                                            ,LEC
1107,MATH    ,154,SURREY    ,100,94,Natalia Kouzniak                                                                                                                                                                                                                                          ,LEC
1151,MATH    ,320,BURNABY   ,32,27,Weiran Sun                                                                                                                                                                                                                                                ,LEC
1097,MATH    ,251,BURNABY   ,150,98,Manfred Trummer                                                                                                                                                                                                                                           ,LEC
1104,MATH    ,251,BURNABY   ,192,171,JF Williams                                                                                                                                                                                                                                               ,LEC
1167,MATH    ,251,SURREY    ,102,53,Vijaykumar Singh                                                                                                                                                                                                                                          ,LEC
1157,MATH    ,891,BURNABY   ,6,0,Stuart Billings                                                                                                                                                                                                                                           ,SEC
1157,MATH    ,891,OFF       ,20,0,Stuart Billings                                                                                                                                                                                                                                           ,SEC
1114,MATH    ,152,BURNABY   ,375,242,Veselin Jungic                                                                                                                                                                                                                                            ,LEC
1141,MATH    ,152,BURNABY   ,440,435,Nils Bruin                                                                                                                                                                                                                                                ,LEC
1127,MATH    ,892,BURNABY   ,20,0,Stuart Billings                                                                                                                                                                                                                                           ,SEC
1097,MATH    ,893,BURNABY   ,10,0,Faye Stefan                                                                                                                                                                                                                                               ,SEC
1081,ENSC    ,483,BURNABY   ,42,0,<null>,LEC
1091,CMNS    ,851,OFF       ,20,0,. Faculty                                                                                                                                                                                                                                                 ,SEC
1081,IAT     ,343,SURREY    ,24,0,<null>,STL
1111,CMPT    ,150,BURNABY   ,25,25,Anthony Dixon                                                                                                                                                                                                                                             ,LAB
1141,CMPT    ,150,SURREY    ,26,26,Harinder Khangura                                                                                                                                                                                                                                         ,LAB
1111,CMPT    ,150,BURNABY   ,25,25,Anthony Dixon                                                                                                                                                                                                                                             ,LAB
1087,CMPT    ,401,BURNABY   ,40,36,Richard Vaughan                                                                                                                                                                                                                                           ,LEC
1181,CMPT    ,365,BURNABY   ,90,66,Mark Drew                                                                                                                                                                                                                                                 ,LEC
1121,MATH    ,897,BURNABY   ,6,0,. Faculty                                                                                                                                                                                                                                                 ,SEC
1124,MATH    ,342,BURNABY   ,32,0,<null>,TUT
1091,CMNS    ,800,BURNABY   ,20,1,<null>,SEC
1147,CMPT    ,127,BURNABY   ,0,0,<null>,LAB
1121,MATH    ,741,BURNABY   ,10,0,<null>,LEC
1081,CMPT    ,126,BURNABY   ,0,0,<null>,LAB
1171,ENSC    ,462,BURNABY   ,5,0,<null>,LAB
1124,ENSC    ,462,SURREY    ,40,0,<null>,LEC
1087,ENSC    ,351,BURNABY   ,60,56,Lesley Shannon                                                                                                                                                                                                                                            ,LEC
1111,ENSC    ,351,BURNABY   ,20,20,William Scratchley                                                                                                                                                                                                                                        ,TUT
1111,ENSC    ,150,BURNABY   ,192,192,. Sessional                                                                                                                                                                                                                                               ,TUT
1171,ENSC    ,350,BURNABY   ,32,30,Lesley Shannon                                                                                                                                                                                                                                            ,RQL
1171,ENSC    ,350,BURNABY   ,45,44,Lesley Shannon                                                                                                                                                                                                                                            ,RQL
1171,ENSC    ,350,BURNABY   ,43,42,Lesley Shannon                                                                                                                                                                                                                                            ,RQL
1161,ENSC    ,450,BURNABY   ,45,41,Fabio Campi                                                                                                                                                                                                                                               ,RQL
1114,CMPT    ,150,BURNABY   ,24,16,Louis Hafer                                                                                                                                                                                                                                               ,LAB
1127,CMPT    ,150,BURNABY   ,18,14,Bradley Bart                                                                                                                                                                                                                                              ,LAB
1137,CMPT    ,150,BURNABY   ,26,26,Anthony Dixon                                                                                                                                                                                                                                             ,LAB
1111,CMPT    ,150,HRBRCNTR  ,26,26,Bobby Chan                                                                                                                                                                                                                                                ,LAB
1167,CMPT    ,165,BURNABY   ,100,67,Karol Swietlicki                                                                                                                                                                                                                                          ,LEC
1117,CMPT    ,428,OFF       ,2,1,Frances McLafferty                                                                                                                                                                                                                                        ,SEC
1161,CMPT    ,405,BURNABY   ,75,34,Petra Berenbrink                                                                                                                                                                                                                                          ,LEC
1081,CMPT    ,371,BURNABY   ,65,41,Jiangchuan Liu                                                                                                                                                                                                                                            ,LEC
1147,CMPT    ,365,BURNABY   ,75,72,Mark Drew                                                                                                                                                                                                                                                 ,LEC
1157,CMPT    ,365,BURNABY   ,75,69,Mark Drew                                                                                                                                                                                                                                                 ,LEC
1177,MATH    ,492,BURNABY   ,1,1,Jonathan Jedwab                                                                                                                                                                                                                                           ,SEC
1094,CMNS    ,371,BURNABY   ,65,54,Maureen Gillis                                                                                                                                                                                                                                            ,SEC
1121,ENSC    ,380,SURREY    ,0,0,<null>,LAB
1147,ENSC    ,481,BURNABY   ,0,0,<null>,OPL
1094,CMPT    ,428,OFF       ,30,2,Harriet Chicoine                                                                                                                                                                                                                                          ,SEC
1107,CMPT    ,428,OFF       ,5,4,Harriet Chicoine                                                                                                                                                                                                                                          ,SEC
1121,CMPT    ,428,OFF       ,10,6,Cristina Eftenaru                                                                                                                                                                                                                                         ,SEC
1131,CMPT    ,428,OFF       ,15,4,Harriet Chicoine                                                                                                                                                                                                                                          ,SEC
1121,CMPT    ,428,METRO     ,5,0,Frances McLafferty                                                                                                                                                                                                                                        ,SEC
1164,CMPT    ,428,METRO     ,15,11,Harriet Chicoine                                                                                                                                                                                                                                          ,SEC
1091,CMPT    ,310,BURNABY   ,30,20,Robert Hadley                                                                                                                                                                                                                                             ,LEC
1081,CMPT    ,429,BURNABY   ,50,12,Harriet Chicoine                                                                                                                                                                                                                                          ,SEC
1091,CMPT    ,363,BURNABY   ,55,48,Paul Hibbitts                                                                                                                                                                                                                                             ,LEC
1147,CMPT    ,363,HRBRCNTR  ,80,80,Paul Hibbitts                                                                                                                                                                                                                                             ,LEC
1141,CMPT    ,426,METRO     ,5,4,Harriet Chicoine                                                                                                                                                                                                                                          ,SEC
1081,CMPT    ,825,BURNABY   ,15,13,Anoop Sarkar                                                                                                                                                                                                                                              ,LEC
1134,CMPT    ,454,BURNABY   ,75,73,Wo-Shun Luk                                                                                                                                                                                                                                               ,LEC
1087,MATH    ,150,SURREY    ,60,0,<null>,OPL
1094,KIN     ,352,OFF       ,15,0,<null>,PRA
1124,ENSC    ,364,SURREY    ,33,26,Martin Ordonez                                                                                                                                                                                                                                            ,LAB
1141,ENSC    ,351,BURNABY   ,22,20,William Scratchley                                                                                                                                                                                                                                        ,TUT
1181,MATH    ,155,SURREY    ,60,0,<null>,OPL
1131,MACM    ,401,BURNABY   ,30,0,<null>,LEC
1081,KIN     ,110,BURNABY   ,234,223,Penelope Deck                                                                                                                                                                                                                                             ,LEC
1174,ENSC    ,320,BURNABY   ,165,148,Parvaneh Saeedi                                                                                                                                                                                                                                           ,LEC
1124,ENSC    ,494,SURREY    ,5,1,"Edward Park, Erik Kjeang, Farid Golnaraghi                                                                                                                                                                                                                ",SEC
1161,ENSC    ,406,BURNABY   ,18,18,Michael Sjoerdsma                                                                                                                                                                                                                                         ,TUT
1174,ENSC    ,406,BURNABY   ,19,19,Balbir Gill                                                                                                                                                                                                                                               ,TUT
1147,MATH    ,100,SURREY    ,80,0,<null>,OPL
1111,MACM    ,101,BURNABY   ,0,0,<null>,LAB
1154,CMPT    ,470,BURNABY   ,90,0,<null>,LEC
1094,KIN     ,340,BURNABY   ,60,62,Stephen Brown                                                                                                                                                                                                                                             ,LEC
1121,MATH    ,155,SURREY    ,150,97,Natalia Kouzniak                                                                                                                                                                                                                                          ,LEC
1121,MACM    ,101,BURNABY   ,115,113,Bradley Bart                                                                                                                                                                                                                                              ,LEC
1171,MACM    ,101,BURNABY   ,25,12,Ramesh Krishnamurti                                                                                                                                                                                                                                       ,TUT
1131,MACM    ,101,SURREY    ,148,142,Kay Wiese                                                                                                                                                                                                                                                 ,LEC
1167,CMPT    ,475,HRBRCNTR  ,65,47,Danny Ridinger                                                                                                                                                                                                                                            ,LEC
1171,CMPT    ,454,BURNABY   ,85,80,Ke Wang                                                                                                                                                                                                                                                   ,LEC
1137,MSE     ,821,SURREY    ,0,0,<null>,LEC
1151,ENSC    ,320,BURNABY   ,100,0,<null>,RQL
1147,CMPT    ,127,BURNABY   ,0,0,<null>,LAB
1147,CMPT    ,127,BURNABY   ,0,0,<null>,LAB
1097,MATH    ,208,SURREY    ,24,0,<null>,TUT
1167,CHIN    ,181,BURNABY   ,10,0,<null>,TUT
1141,CMPT    ,105W      ,SURREY    ,27,0,<null>,TUT
1131,ENSC    ,374,BURNABY   ,28,0,<null>,LEC
1087,CMNS    ,304W      ,BURNABY   ,0,0,<null>,TUT
1181,ENSC    ,350,BURNABY   ,45,0,Ameer Abdelhadi                                                                                                                                                                                                                                           ,RQL
1137,ENSC    ,450,BURNABY   ,50,40,Fabio Campi                                                                                                                                                                                                                                               ,TUT
1101,ENSC    ,263,SURREY    ,72,66,Behraad Bahreyni                                                                                                                                                                                                                                          ,LEC
1164,ENSC    ,263,BURNABY   ,1,1,William Scratchley                                                                                                                                                                                                                                        ,LAB
1137,ENSC    ,801,BURNABY   ,35,17,Mohammad Narimani                                                                                                                                                                                                                                         ,LEC
1121,CMPT    ,428,METRO     ,20,18,Cristina Eftenaru                                                                                                                                                                                                                                         ,SEC
1181,CMPT    ,426,OFF       ,30,0,Harriet Chicoine                                                                                                                                                                                                                                          ,SEC
1171,CMPT    ,414,BURNABY   ,78,61,Ze-Nian Li                                                                                                                                                                                                                                                ,LEC
1124,CMPT    ,405,BURNABY   ,20,14,Petra Berenbrink                                                                                                                                                                                                                                          ,LEC
1157,CMPT    ,405,BURNABY   ,75,20,Thomas Shermer                                                                                                                                                                                                                                            ,LEC
1151,CMPT    ,814,BURNABY   ,12,9,Pavol Hell                                                                                                                                                                                                                                                ,LEC
1087,CMPT    ,894,BURNABY   ,40,8,". Faculty, Anoop Sarkar, Frederick Popowich, Hao Zhang, James Delgrande, Jiangchuan Liu                                                                                                                                                                   ",SEC
1177,CMPT    ,894,BURNABY   ,5,1,Suleyman Sahinalp                                                                                                                                                                                                                                         ,SEC
1181,MATH    ,800,BURNABY   ,10,0,<null>,LEC
1164,ENSC    ,263,BURNABY   ,5,0,William Scratchley                                                                                                                                                                                                                                        ,LAB
1091,KIN     ,143,BURNABY   ,120,126,Anthony Leyland                                                                                                                                                                                                                                           ,LEC
1111,MATH    ,437,BURNABY   ,20,1,Faye Stefan                                                                                                                                                                                                                                               ,SEC
1127,MATH    ,437,BURNABY   ,20,0,Faye Stefan                                                                                                                                                                                                                                               ,SEC
1091,MACM    ,101,BURNABY   ,33,32,Andrei Bulatov                                                                                                                                                                                                                                            ,TUT
1157,MACM    ,101,BURNABY   ,25,25,Andrei Bulatov                                                                                                                                                                                                                                            ,TUT
1181,MACM    ,101,BURNABY   ,24,24,Steven Pearce                                                                                                                                                                                                                                             ,TUT
1107,MACM    ,101,HRBRCNTR  ,24,1,Yaroslav Litus                                                                                                                                                                                                                                            ,LAB
1147,MACM    ,101,SURREY    ,24,22,Kay Wiese                                                                                                                                                                                                                                                 ,LAB
1171,MACM    ,101,SURREY    ,24,22,Kay Wiese                                                                                                                                                                                                                                                 ,TUT
1181,MACM    ,101,SURREY    ,24,24,Toby Donaldson                                                                                                                                                                                                                                            ,TUT
1121,MACM    ,101,BURNABY   ,115,111,Bradley Bart                                                                                                                                                                                                                                              ,LEC
1161,MACM    ,101,SURREY    ,24,23,Steven Pearce                                                                                                                                                                                                                                             ,TUT
1181,MACM    ,101,SURREY    ,24,24,Toby Donaldson                                                                                                                                                                                                                                            ,TUT
1161,MACM    ,101,SURREY    ,24,7,Steven Pearce                                                                                                                                                                                                                                             ,TUT
1181,MACM    ,101,SURREY    ,24,16,Toby Donaldson                                                                                                                                                                                                                                            ,TUT
1107,MACM    ,101,SURREY    ,100,95,Kay Wiese                                                                                                                                                                                                                                                 ,LEC
1117,MACM    ,101,HRBRCNTR  ,24,22,Steven Pearce                                                                                                                                                                                                                                             ,TUT
1171,MACM    ,101,BURNABY   ,25,25,Ramesh Krishnamurti                                                                                                                                                                                                                                       ,TUT
1181,MACM    ,101,BURNABY   ,24,24,Binay Bhattacharya                                                                                                                                                                                                                                        ,TUT
1161,MACM    ,101,BURNABY   ,25,24,Bradley Bart                                                                                                                                                                                                                                              ,TUT
1111,MATH    ,440,BURNABY   ,30,20,Imin Chen                                                                                                                                                                                                                                                 ,LEC
1114,ENSC    ,250,BURNABY   ,100,97,". Faculty, Lakshman One                                                                                                                                                                                                                                   ",LEC
1164,ENSC    ,195,OFF       ,20,7,Harriet Chicoine                                                                                                                                                                                                                                          ,SEC
1157,ENSC    ,194,BURNABY   ,10,0,Harriet Chicoine                                                                                                                                                                                                                                          ,SEC
1174,ENSC    ,406,BURNABY   ,18,0,Balbir Gill                                                                                                                                                                                                                                               ,TUT
1161,ENSC    ,406,BURNABY   ,18,19,Michael Sjoerdsma                                                                                                                                                                                                                                         ,TUT
1171,ENSC    ,427,BURNABY   ,40,25,Ljiljana Trajkovic                                                                                                                                                                                                                                        ,TUT
1164,ENSC    ,396,OFF       ,10,0,Harriet Chicoine                                                                                                                                                                                                                                          ,SEC
1181,ENSC    ,383,BURNABY   ,130,109,Parvaneh Saeedi                                                                                                                                                                                                                                           ,RQL
1167,ENSC    ,380,BURNABY   ,126,125,Paul Ho                                                                                                                                                                                                                                                   ,TUT
1094,ENSC    ,325,BURNABY   ,66,67,Sami Muhaidat                                                                                                                                                                                                                                             ,LEC
1114,ENSC    ,897,BURNABY   ,5,0,. Faculty                                                                                                                                                                                                                                                 ,SEC
1081,MACM    ,101,BURNABY   ,30,28,Andrei Bulatov                                                                                                                                                                                                                                            ,TUT
1127,MATH    ,100,BURNABY   ,335,301,Malgorzata Dubiel                                                                                                                                                                                                                                         ,LEC
1134,MATH    ,436,OFF       ,20,0,Stuart Billings                                                                                                                                                                                                                                           ,SEC
1171,MATH    ,436,OFF       ,20,0,Stuart Billings                                                                                                                                                                                                                                           ,SEC
1131,MATH    ,337,BURNABY   ,20,1,Stuart Billings                                                                                                                                                                                                                                           ,SEC
1107,MATH    ,337,OFF       ,20,0,Faye Stefan                                                                                                                                                                                                                                               ,SEC
1117,MATH    ,337,OFF       ,20,0,Faye Stefan                                                                                                                                                                                                                                               ,SEC
1131,MATH    ,232,SURREY    ,100,98,Keshav Mukunda                                                                                                                                                                                                                                            ,LEC
1177,MATH    ,493,BURNABY   ,1,1,Jonathan Jedwab                                                                                                                                                                                                                                           ,SEC
1121,ENSC    ,491,BURNABY   ,2,0,<null>,SEC
1087,ENSC    ,220,SURREY    ,26,11,<null>,TUT
1137,ENSC    ,100,BURNABY   ,0,0,<null>,TUT
1101,MATH    ,152,BURNABY   ,440,430,Veselin Jungic                                                                                                                                                                                                                                            ,LEC
1134,MATH    ,342,BURNABY   ,120,104,Matthew DeVos                                                                                                                                                                                                                                             ,LEC
1174,MATH    ,337,BURNABY   ,20,5,Stuart Billings                                                                                                                                                                                                                                           ,SEC
1174,MATH    ,337,OFF       ,20,2,Stuart Billings                                                                                                                                                                                                                                           ,SEC
1151,MATH    ,493,OFF       ,2,2,Veselin Jungic                                                                                                                                                                                                                                            ,SEC
1097,MATH    ,877,BURNABY   ,5,0,. Faculty                                                                                                                                                                                                                                                 ,SEC
1167,MATH    ,899,BURNABY   ,35,23,"Marni Mishna, Razvan Fetecau                                                                                                                                                                                                                              ",SEC
1107,MATH    ,895,BURNABY   ,6,1,Tom Archibald                                                                                                                                                                                                                                             ,SEC
1174,MATH    ,895,BURNABY   ,6,1,Michael Monagan                                                                                                                                                                                                                                           ,SEC
1084,CMPT    ,371,BURNABY   ,50,0,<null>,LEC
1087,ENSC    ,220,SURREY    ,78,0,<null>,LEC
1101,CMPT    ,261,BURNABY   ,0,0,<null>,LAB
1127,MATH    ,880,OFF       ,3,0,<null>,SEC
1144,MATH    ,880,BURNABY   ,3,0,<null>,SEC
1124,ENSC    ,494,BURNABY   ,10,7,. Faculty                                                                                                                                                                                                                                                 ,SEC
1127,MATH    ,437,OFF       ,20,0,Faye Stefan                                                                                                                                                                                                                                               ,SEC
1134,MATH    ,436,BURNABY   ,20,2,Stuart Billings                                                                                                                                                                                                                                           ,SEC
1161,MATH    ,436,BURNABY   ,20,0,Stuart Billings                                                                                                                                                                                                                                           ,SEC
1084,MATH    ,895,BURNABY   ,6,1,Mary Catherine Kropinski                                                                                                                                                                                                                                  ,SEC
1081,CMPT    ,371,SURREY    ,24,0,<null>,LEC
1091,KIN     ,805,BURNABY   ,15,0,<null>,SEC
1127,ENSC    ,395,OFF       ,20,12,<null>,SEC
1091,ENSC    ,320,BURNABY   ,25,14,<null>,TUT
1177,ENSC    ,898,OFF       ,10,1,<null>,SEC
1161,ENSC    ,891,BURNABY   ,80,3,<null>,SEC
1147,ENSC    ,891,OFF       ,10,0,<null>,SEC
1087,KIN     ,110,BURNABY   ,18,17,<null>,TUT
1087,KIN     ,110,BURNABY   ,18,18,<null>,TUT
1091,KIN     ,207,BURNABY   ,18,19,<null>,TUT
1091,KIN     ,110,BURNABY   ,18,16,<null>,TUT
1091,KIN     ,140,BURNABY   ,18,18,<null>,TUT
1091,KIN     ,140,BURNABY   ,18,18,<null>,TUT
1091,KIN     ,306,BURNABY   ,18,13,<null>,TUT
1091,MACM    ,316,SURREY    ,32,25,<null>,TUT
1101,MATH    ,157,SURREY    ,60,0,<null>,OPL
1137,MATH    ,437,OFF       ,20,0,Stuart Billings                                                                                                                                                                                                                                           ,SEC
1144,MATH    ,419,BURNABY   ,25,12,Paul Tupper                                                                                                                                                                                                                                               ,LEC
1121,MATH    ,895,BURNABY   ,6,6,Paul Tupper                                                                                                                                                                                                                                               ,SEC
1084,CMNS    ,230,BURNABY   ,0,0,<null>,TUT
1087,KIN     ,484,BURNABY   ,15,10,<null>,LAB
1181,MSE     ,496,SURREY    ,5,0,<null>,LAB
1141,MSE     ,498,SURREY    ,5,0,<null>,SEC
1151,MSE     ,498,SURREY    ,5,0,<null>,SEC
1147,ENSC    ,120,BURNABY   ,30,31,<null>,LAB
1134,MSE     ,491,SURREY    ,50,0,<null>,LEC
1114,ENSC    ,484,SURREY    ,50,36,<null>,TUT
1151,MSE     ,421,SURREY    ,0,0,<null>,TUT
1091,IAT     ,344,SURREY    ,24,23,<null>,STL
1141,MATH    ,380W      ,BURNABY   ,32,23,<null>,TUT
1097,ENSC    ,100W      ,BURNABY   ,4,5,<null>,RQL
1097,ENSC    ,100W      ,BURNABY   ,4,5,<null>,RQL
1084,CMPT    ,120,BURNABY   ,33,30,<null>,LAB
1087,ENSC    ,100W      ,BURNABY   ,8,7,<null>,RQL
1117,MATH    ,150,BURNABY   ,60,0,<null>,OPL
1174,MATH    ,150,BURNABY   ,60,0,<null>,OPL
1097,ENSC    ,100W      ,BURNABY   ,7,7,<null>,RQL
1121,ENSC    ,295,BURNABY   ,25,26,<null>,SEC
1121,ENSC    ,295,OFF       ,10,6,<null>,SEC
1121,ENSC    ,406,BURNABY   ,17,17,<null>,TUT
1124,ENSC    ,195,SURREY    ,50,14,<null>,SEC
1141,MATH    ,795,BURNABY   ,10,0,<null>,LEC
1081,IAT     ,431,SURREY    ,24,0,<null>,STL
1167,MSE     ,486,SURREY    ,5,0,<null>,SEM
1167,ENSC    ,870,BURNABY   ,10,4,<null>,SEC
1177,ENSC    ,870,BURNABY   ,10,8,<null>,SEC
1151,MSE     ,898,SURREY    ,35,33,<null>,SEC
1124,ENSC    ,215,BURNABY   ,22,0,<null>,LAB
1141,ENSC    ,870,BURNABY   ,3,1,<null>,SEC
1134,MATH    ,240,BURNABY   ,140,0,<null>,OPL
1101,CMPT    ,170,SURREY    ,0,0,<null>,LAB
1137,ENSC    ,100W      ,BURNABY   ,8,8,<null>,TUT
1137,ENSC    ,100W      ,BURNABY   ,8,8,<null>,TUT
1107,MATH    ,150,SURREY    ,0,0,<null>,OPL
1121,MATH    ,150,BURNABY   ,60,0,<null>,OPL
1091,KIN     ,110,BURNABY   ,18,18,<null>,TUT
1081,KIN     ,110,HRBRCNTR  ,18,10,<null>,TUT
1091,KIN     ,110,HRBRCNTR  ,18,17,<null>,TUT
1081,KIN     ,110,HRBRCNTR  ,18,17,<null>,TUT
1081,KIN     ,241,BURNABY   ,16,17,<null>,LAB
1091,REM     ,100,SURREY    ,0,0,<null>,TUT
1124,ENSC    ,320,BURNABY   ,50,39,<null>,RQL
1124,ENSC    ,320,BURNABY   ,50,6,<null>,RQL
1124,MACM    ,316,BURNABY   ,36,36,<null>,TUT
1157,MACM    ,316,BURNABY   ,32,28,<null>,TUT
1124,MACM    ,316,BURNABY   ,36,36,<null>,TUT
1084,MATH    ,251,BURNABY   ,60,0,<null>,OPL
1121,CMPT    ,276,SURREY    ,48,0,<null>,LEC
1134,MSE     ,494,OFF       ,10,0,<null>,SEC
1097,ENSC    ,498,BURNABY   ,20,5,<null>,SEC
1104,ENSC    ,196,OFF       ,2,2,<null>,SEC
1107,ENSC    ,220,BURNABY   ,25,24,<null>,LAB
1107,ENSC    ,220,SURREY    ,70,68,<null>,LAB
1114,ENSC    ,196,SURREY    ,35,19,<null>,SEC
1097,ENSC    ,196,BURNABY   ,50,11,<null>,SEC
1137,ENSC    ,100,BURNABY   ,0,0,<null>,TUT
1121,ENSC    ,406,BURNABY   ,17,14,<null>,TUT
1094,ENSC    ,224,BURNABY   ,33,0,<null>,TUT
1181,MSE     ,721,SURREY    ,15,3,<null>,TUT
1151,MSE     ,486,SURREY    ,5,4,<null>,SEM
1164,MSE     ,487,SURREY    ,5,0,<null>,SEM
1124,ENSC    ,215,BURNABY   ,22,0,<null>,LAB
1084,IAT     ,102,SURREY    ,24,24,<null>,TUT
1137,MATH    ,370W      ,BURNABY   ,32,7,<null>,TUT
1081,KIN     ,304W      ,BURNABY   ,16,16,<null>,TUT
1174,MATH    ,254,BURNABY   ,32,23,<null>,TUT
1164,MATH    ,254,BURNABY   ,40,17,<null>,TUT
1167,MATH    ,154,SURREY    ,150,0,<null>,OPL
1084,KIN     ,496,BURNABY   ,5,4,<null>,SEC
1137,ENSC    ,100W      ,BURNABY   ,8,8,<null>,TUT
1087,ENSC    ,100W      ,BURNABY   ,6,6,<null>,RQL
1097,ENSC    ,100W      ,BURNABY   ,6,6,<null>,RQL
1157,MATH    ,880,BURNABY   ,3,0,<null>,SEC
1124,MATH    ,398,BURNABY   ,2,0,<null>,SEM
1094,ENSC    ,320,BURNABY   ,25,12,<null>,TUT
1107,ENSC    ,424,BURNABY   ,1,0,<null>,OPL
1107,ENSC    ,295,OFF       ,6,6,<null>,SEC
1141,ENSC    ,898,BURNABY   ,100,34,<null>,SEC
1154,MSE     ,495,SURREY    ,5,0,<null>,LAB
1151,MACM    ,201,BURNABY   ,60,0,<null>,OPL
1087,MATH    ,322,BURNABY   ,32,23,<null>,TUT
1111,MATH    ,320,BURNABY   ,32,26,<null>,TUT
1154,MATH    ,310,BURNABY   ,40,21,<null>,TUT
1107,MATH    ,251,SURREY    ,60,0,<null>,OPL
1081,KIN     ,899,BURNABY   ,30,11,<null>,SEC
1131,MATH    ,152,SURREY    ,250,0,<null>,OPL
1144,MATH    ,894,BURNABY   ,6,0,<null>,SEC
1154,MATH    ,894,BURNABY   ,6,0,<null>,SEC
1167,MATH    ,310,BURNABY   ,34,24,<null>,TUT
1177,MATH    ,310,SURREY    ,32,19,<null>,TUT
1127,MATH    ,893,OFF       ,20,0,<null>,SEC
1167,MSE     ,250,SURREY    ,0,0,<null>,LAB
1117,MATH    ,157,SURREY    ,60,0,<null>,OPL
1171,CMPT    ,733,BURNABY   ,20,20,"Apala Guha, Jiannan Wang                                                                                                                                                                                                                                  ",LAB
1177,ENSC    ,701,OFF       ,5,0,Harriet Chicoine                                                                                                                                                                                                                                          ,PRA
1151,MSE     ,427,SURREY    ,60,44,". TBD, Kambiz Haji Hajikolaei                                                                                                                                                                                                                             ",LEC
1161,ENSC    ,701,OFF       ,10,0,Harriet Chicoine                                                                                                                                                                                                                                          ,PRA
1177,ENSC    ,120,BURNABY   ,30,24,Atousa Hajshirmohammadi                                                                                                                                                                                                                                   ,LAB
1121,ENSC    ,295,SURREY    ,25,23,<null>,SEC
1117,ENSC    ,295,OFF       ,10,7,<null>,SEC
1111,ENSC    ,395,BURNABY   ,15,11,<null>,SEC
1091,ENSC    ,495,BURNABY   ,9,7,<null>,LAB
1094,ENSC    ,295,BURNABY   ,50,18,<null>,SEC
1181,ENSC    ,891,OFF       ,15,0,<null>,SEC
1084,KIN     ,140,BURNABY   ,18,19,<null>,TUT
1114,ENSC    ,320,BURNABY   ,0,0,<null>,TUT
1161,MACM    ,316,BURNABY   ,43,38,<null>,TUT
1181,MACM    ,316,BURNABY   ,37,30,<null>,TUT
1164,MACM    ,316,BURNABY   ,40,37,<null>,TUT
1097,MACM    ,201,BURNABY   ,60,0,<null>,OPL
1131,MACM    ,316,BURNABY   ,36,31,<null>,TUT
1174,MACM    ,316,BURNABY   ,36,29,<null>,TUT
1107,MACM    ,316,BURNABY   ,32,32,<null>,TUT
1154,MATH    ,310,BURNABY   ,40,36,<null>,TUT
1121,MATH    ,152,SURREY    ,250,0,<null>,OPL
1081,MATH    ,898,BURNABY   ,35,5,<null>,SEC
1177,MATH    ,310,BURNABY   ,32,30,<null>,TUT
1137,MATH    ,899,BURNABY   ,35,25,<null>,SEC
1087,MATH    ,310,SURREY    ,36,26,<null>,TUT
1144,MATH    ,894,BURNABY   ,6,0,<null>,SEC
1151,MATH    ,155,SURREY    ,60,0,<null>,OPL
1181,MSE     ,921,BURNABY   ,8,8,Flavio Firmani                                                                                                                                                                                                                                            ,SEM
1164,MSE     ,922,SURREY    ,2,2,Flavio Firmani                                                                                                                                                                                                                                            ,SEM
1181,ENSC    ,450,BURNABY   ,80,0,<null>,TUT
1157,MSE     ,320,SURREY    ,129,101,Gary Wang                                                                                                                                                                                                                                                 ,LEC
1181,MSE     ,294,METRO     ,15,6,Stephanie DeRapp                                                                                                                                                                                                                                          ,SEC
1161,MSE     ,294,OFF       ,10,0,Stephanie DeRapp                                                                                                                                                                                                                                          ,SEC
1161,MSE     ,294,SURREY    ,15,10,Stephanie DeRapp                                                                                                                                                                                                                                          ,SEC
1171,MSE     ,493,OFF       ,10,10,Stephanie DeRapp                                                                                                                                                                                                                                          ,SEC
1151,CMPT    ,627,METRO     ,5,4,Harriet Chicoine                                                                                                                                                                                                                                          ,PRA
1141,CMPT    ,627,OFF       ,5,1,Harriet Chicoine                                                                                                                                                                                                                                          ,PRA
1167,CMPT    ,627,OFF       ,15,1,Harriet Chicoine                                                                                                                                                                                                                                          ,PRA
1177,CMPT    ,627,METRO     ,50,20,Harriet Chicoine                                                                                                                                                                                                                                          ,PRA
1081,MATH    ,462,BURNABY   ,30,0,<null>,LEC
1091,KIN     ,496,BURNABY   ,10,6,<null>,SEC
1177,MSE     ,352,SURREY    ,120,78,Mohammad Narimani                                                                                                                                                                                                                                         ,LEC
1181,MSE     ,782,SURREY    ,5,6,Mehrdad Moallem                                                                                                                                                                                                                                           ,LEC
1144,MSE     ,312,SURREY    ,32,26,"Farid Golnaraghi, Krishna Vijayaraghavan, Mehrdad Moallem, Siamak Arzanpour                                                                                                                                                                               ",LAB
1154,MSE     ,312,SURREY    ,24,17,"Farid Golnaraghi, Krishna Vijayaraghavan, Mehrdad Moallem, Siamak Arzanpour                                                                                                                                                                               ",LAB
1141,MSE     ,480,SURREY    ,80,76,Kevin Oldknow                                                                                                                                                                                                                                             ,TUT
1144,MSE     ,312,SURREY    ,32,31,"Farid Golnaraghi, Krishna Vijayaraghavan, Mehrdad Moallem, Siamak Arzanpour                                                                                                                                                                               ",LAB
1154,MSE     ,312,SURREY    ,24,22,"Farid Golnaraghi, Krishna Vijayaraghavan, Mehrdad Moallem, Siamak Arzanpour                                                                                                                                                                               ",LAB
1181,MSE     ,421,SURREY    ,65,33,Siamak Arzanpour                                                                                                                                                                                                                                          ,LEC
1181,MSE     ,210,SURREY    ,112,88,Flavio Firmani                                                                                                                                                                                                                                            ,LEC
1144,MSE     ,425,SURREY    ,30,24,Woo Soo Kim                                                                                                                                                                                                                                               ,LAB
1147,MSE     ,320,SURREY    ,120,103,Krishna Vijayaraghavan                                                                                                                                                                                                                                    ,LEC
1157,CMPT    ,130,SURREY    ,26,26,Brian Fraser                                                                                                                                                                                                                                              ,LAB
1164,MSE     ,393,OFF       ,30,5,Stephanie DeRapp                                                                                                                                                                                                                                          ,SEC
1137,MSE     ,293,SURREY    ,20,0,Harriet Chicoine                                                                                                                                                                                                                                          ,SEC
1157,MSE     ,493,SURREY    ,35,35,"Harriet Chicoine, Stephanie DeRapp                                                                                                                                                                                                                        ",SEC
1181,MSE     ,493,METRO     ,20,16,Stephanie DeRapp                                                                                                                                                                                                                                          ,SEC
1154,MSE     ,494,SURREY    ,50,3,Stephanie DeRapp                                                                                                                                                                                                                                          ,SEC
1141,MSE     ,390,SURREY    ,100,70,Kambiz Haji Hajikolaei                                                                                                                                                                                                                                    ,TUT
1174,MSE     ,110,SURREY    ,60,57,Amr Marzouk                                                                                                                                                                                                                                               ,LEC
1167,MSE     ,995,SURREY    ,15,8,Shahram Amiri                                                                                                                                                                                                                                             ,LEC
1181,ENSC    ,410,BURNABY   ,137,129,"Hsiu-Yang Tseng, Marinko Sarunic                                                                                                                                                                                                                          ",LEC
1157,CMPT    ,733,HRBRCNTR  ,15,13,Arash Vahdat                                                                                                                                                                                                                                              ,LAB
1161,CMPT    ,733,BURNABY   ,25,19,"Apala Guha, Jiannan Wang                                                                                                                                                                                                                                  ",LAB
1164,MSE     ,722,SURREY    ,10,5,Erik Kjeang                                                                                                                                                                                                                                               ,LEC
1167,ENSC    ,120,BURNABY   ,30,0,Meenakshinathan Parameswaran                                                                                                                                                                                                                              ,LAB
1161,MSE     ,782,SURREY    ,10,7,Mehrdad Moallem                                                                                                                                                                                                                                           ,LEC
1167,MSE     ,100,SURREY    ,23,24,Krishna Vijayaraghavan                                                                                                                                                                                                                                    ,LAB
1167,MSE     ,100,SURREY    ,22,23,Krishna Vijayaraghavan                                                                                                                                                                                                                                    ,LAB
1167,MSE     ,380,SURREY    ,105,99,Kevin Oldknow                                                                                                                                                                                                                                             ,LEC
1177,CMPT    ,106,SURREY    ,48,48,Harinder Khangura                                                                                                                                                                                                                                         ,LEC
1177,CHIN    ,181,BURNABY   ,15,7,Cynthia Xie                                                                                                                                                                                                                                               ,TUT
1167,CHIN    ,181,BURNABY   ,10,9,Cynthia Xie                                                                                                                                                                                                                                               ,TUT
1097,ENSC    ,388,SURREY    ,72,48,Majid Bahrami                                                                                                                                                                                                                                             ,LEC
1127,ENSC    ,388,SURREY    ,80,78,Peyman Taheri Bonab                                                                                                                                                                                                                                       ,TUT
1121,ENSC    ,893,SURREY    ,10,3,Siamak Arzanpour                                                                                                                                                                                                                                          ,LEC
1167,CMPT    ,373,SURREY    ,16,16,William Sumner                                                                                                                                                                                                                                            ,TUT
1127,CMPT    ,373,SURREY    ,6,6,Thomas Shermer                                                                                                                                                                                                                                            ,TUT
1091,CMPT    ,468,SURREY    ,24,18,Tamara Smyth                                                                                                                                                                                                                                              ,LEC
1087,IAT     ,380,SURREY    ,24,23,Philippe Pasquier                                                                                                                                                                                                                                         ,LAB
1087,IAT     ,102,SURREY    ,24,24,Angela Tomizu                                                                                                                                                                                                                                             ,LAB
1151,MSE     ,401W      ,SURREY    ,96,13,Farid Golnaraghi                                                                                                                                                                                                                                          ,LEC
1151,MSE     ,210,SURREY    ,43,33,Flavio Firmani                                                                                                                                                                                                                                            ,LAB
1151,MSE     ,450,SURREY    ,97,97,Mehrdad Moallem                                                                                                                                                                                                                                           ,LEC
1144,MSE     ,381,SURREY    ,123,111,Siamak Arzanpour                                                                                                                                                                                                                                          ,LEC
1171,MSE     ,450,SURREY    ,36,30,Jiacheng Wang                                                                                                                                                                                                                                             ,LAB
1181,MSE     ,450,SURREY    ,28,23,Jiacheng Wang                                                                                                                                                                                                                                             ,LAB
1174,MSE     ,481,SURREY    ,120,74,Mohammad Narimani                                                                                                                                                                                                                                         ,TUT
1157,MSE     ,310,SURREY    ,50,50,Edward Park                                                                                                                                                                                                                                               ,LAB
1157,MSE     ,310,SURREY    ,47,44,Edward Park                                                                                                                                                                                                                                               ,LAB
1181,MSE     ,402,SURREY    ,100,92,Maureen Hindy                                                                                                                                                                                                                                             ,TUT
1161,MSE     ,110,SURREY    ,30,13,Amr Marzouk                                                                                                                                                                                                                                               ,TUT
1157,MSE     ,110,SURREY    ,30,24,Amr Marzouk                                                                                                                                                                                                                                               ,TUT
1147,CMPT    ,130,SURREY    ,120,113,Toby Donaldson                                                                                                                                                                                                                                            ,LEC
1161,CMPT    ,895,BURNABY   ,5,0,. Faculty                                                                                                                                                                                                                                                 ,IND
1161,CMPT    ,166,SURREY    ,78,77,Toby Donaldson                                                                                                                                                                                                                                            ,LEC
1141,MATH    ,303,BURNABY   ,64,59,Veselin Jungic                                                                                                                                                                                                                                            ,LEC
1137,MATH    ,304,BURNABY   ,75,76,Matthew DeVos                                                                                                                                                                                                                                             ,LEC
1171,MATH    ,381W      ,BURNABY   ,42,39,Veselin Jungic                                                                                                                                                                                                                                            ,SEM
1151,ENSC    ,808,BURNABY   ,50,6,Jie Liang                                                                                                                                                                                                                                                 ,LEC
1117,ENSC    ,388,SURREY    ,30,24,Majid Bahrami                                                                                                                                                                                                                                             ,LAB
1164,MACM    ,101,BURNABY   ,0,0,<null>,TUT
1107,MATH    ,157,BURNABY   ,60,0,<null>,OPL
1177,MSE     ,320,SURREY    ,50,47,"Kambiz Haji Hajikolaei, Krishna Vijayaraghavan                                                                                                                                                                                                            ",LAB
1164,ENSC    ,476,BURNABY   ,30,26,Marinko Sarunic                                                                                                                                                                                                                                           ,LEC
1131,ENSC    ,305W      ,SURREY    ,72,72,Maureen Hindy                                                                                                                                                                                                                                             ,LEC
1087,ENSC    ,101W      ,BURNABY   ,157,157,Stephen Whitmore                                                                                                                                                                                                                                          ,LEC
1134,MSE     ,312,SURREY    ,17,1,<null>,LAB
1131,ENSC    ,432,SURREY    ,35,44,<null>,LAB
1121,ENSC    ,461,SURREY    ,38,39,Edward Park                                                                                                                                                                                                                                               ,LEC
1121,MACM    ,203,BURNABY   ,18,7,<null>,LAB
1137,MACM    ,204,BURNABY   ,22,25,<null>,LAB
1107,ENSC    ,305W      ,BURNABY   ,30,29,Michael Sjoerdsma                                                                                                                                                                                                                                         ,LEC
1124,ENSC    ,893,SURREY    ,5,0,<null>,LAB
1147,MATH    ,716,BURNABY   ,1,2,Manfred Trummer                                                                                                                                                                                                                                           ,LEC
1091,MATH    ,819,BURNABY   ,5,6,Michael Monagan                                                                                                                                                                                                                                           ,LEC
1164,DDP     ,210,OFF       ,30,7,Ze-Nian Li                                                                                                                                                                                                                                                ,SEC
1107,DDP     ,310,OFF       ,30,10,Qianping Gu                                                                                                                                                                                                                                               ,SEC
1107,MACM    ,101,BURNABY   ,0,0,<null>,TUT
1157,CMPT    ,726,BURNABY   ,115,115,Gregory Mori                                                                                                                                                                                                                                              ,LEC
1084,DDP     ,210,OFF       ,20,4,. Faculty                                                                                                                                                                                                                                                 ,SEC
1081,TECH    ,124,SURREY    ,48,26,Belgacem Ben Youssef                                                                                                                                                                                                                                      ,LEC
1144,MATH    ,240,BURNABY   ,140,94,Seyed Saeed Changiz Rezaei                                                                                                                                                                                                                                ,LEC
1164,ENSC    ,803,BURNABY   ,30,7,Stephen Whitmore                                                                                                                                                                                                                                          ,LEC
1087,IAT     ,336,SURREY    ,32,31,Kenneth Zupan                                                                                                                                                                                                                                             ,LAB
1091,CMPT    ,376W      ,BURNABY   ,55,52,Arthur Kirkpatrick                                                                                                                                                                                                                                        ,LEC
1157,MSE     ,250,SURREY    ,36,0,Ahmad Rad                                                                                                                                                                                                                                                 ,LAB
1144,MSE     ,483,SURREY    ,35,35,". TBD, Mehran Shirazi                                                                                                                                                                                                                                     ",LEC
1137,MSE     ,100,SURREY    ,27,26,Krishna Vijayaraghavan                                                                                                                                                                                                                                    ,LAB
1147,MSE     ,294,SURREY    ,10,7,Stephanie DeRapp                                                                                                                                                                                                                                          ,SEC
1157,MSE     ,294,SURREY    ,10,6,"Harriet Chicoine, Stephanie DeRapp                                                                                                                                                                                                                        ",SEC
1164,MSE     ,491,SURREY    ,20,20,Flavio Firmani                                                                                                                                                                                                                                            ,LAB
1144,MSE     ,391,SURREY    ,37,36,Jiacheng Wang                                                                                                                                                                                                                                             ,LAB
1164,MSE     ,312,SURREY    ,102,99,"Amr Marzouk, Krishna Vijayaraghavan, Mehrdad Moallem                                                                                                                                                                                                      ",LEC
1141,MSE     ,110,SURREY    ,30,0,Amr Marzouk                                                                                                                                                                                                                                               ,LAB
1161,MSE     ,251,SURREY    ,44,33,Mehrdad Moallem                                                                                                                                                                                                                                           ,LAB
1174,DDP     ,310,OFF       ,30,7,Ze-Nian Li                                                                                                                                                                                                                                                ,SEC
1107,MACM    ,101,BURNABY   ,0,0,<null>,TUT
1107,MACM    ,101,SURREY    ,0,0,<null>,TUT
1124,ENSC    ,182,SURREY    ,26,17,Amr Marzouk                                                                                                                                                                                                                                               ,LAB
1114,ENSC    ,215,BURNABY   ,66,66,". Faculty, Patrick Leung                                                                                                                                                                                                                                  ",LEC
1117,ENSC    ,231,SURREY    ,46,44,Woo Soo Kim                                                                                                                                                                                                                                               ,LAB
1144,ENSC    ,215,BURNABY   ,180,160,Fabio Campi                                                                                                                                                                                                                                               ,TUT
1117,ENSC    ,231,SURREY    ,46,46,Woo Soo Kim                                                                                                                                                                                                                                               ,LAB
1121,ENSC    ,282,SURREY    ,96,93,Carolyn Sparrey                                                                                                                                                                                                                                           ,LEC
1167,CMPT    ,777,BURNABY   ,35,3,Evgenia Ternovska                                                                                                                                                                                                                                         ,LEC
1111,ENSC    ,312,SURREY    ,66,32,Ali Abdul Hussein                                                                                                                                                                                                                                         ,LEC
1161,MATH    ,819,BURNABY   ,5,5,Michael Monagan                                                                                                                                                                                                                                           ,LEC
1144,MATH    ,254,BURNABY   ,120,90,Veselin Jungic                                                                                                                                                                                                                                            ,LEC
1161,CMPT    ,829,BURNABY   ,50,11,Leonid Chindelevitch                                                                                                                                                                                                                                      ,LEC
1181,CMPT    ,829,BURNABY   ,29,26,Maxwell Libbrecht                                                                                                                                                                                                                                         ,LEC
1081,IAT     ,899,SURREY    ,40,20,<null>,SEC
1087,IAT     ,100,SURREY    ,24,27,Patrick Chan                                                                                                                                                                                                                                              ,STL
1181,CMPT    ,225,BURNABY   ,26,25,David Mitchell                                                                                                                                                                                                                                            ,LAB
1167,CMPT    ,128,BURNABY   ,104,51,Janice Regan                                                                                                                                                                                                                                              ,LEC
1094,CMPT    ,225,BURNABY   ,26,22,. Faculty                                                                                                                                                                                                                                                 ,LAB
1107,CMPT    ,225,BURNABY   ,26,26,David Mitchell                                                                                                                                                                                                                                            ,LAB
1094,CMPT    ,225,BURNABY   ,26,26,. Faculty                                                                                                                                                                                                                                                 ,LAB
1161,CMPT    ,376W      ,BURNABY   ,80,79,Milan Tofiloski                                                                                                                                                                                                                                           ,LEC
1107,MACM    ,101,HRBRCNTR  ,0,0,<null>,LEC
1117,MATH    ,370W      ,BURNABY   ,20,16,Jonathan Jedwab                                                                                                                                                                                                                                           ,LEC
1107,MACM    ,101,BURNABY   ,0,0,<null>,TUT
1107,MACM    ,101,SURREY    ,0,0,<null>,TUT
1124,ENSC    ,462,SURREY    ,40,0,<null>,TUT
1171,ENSC    ,895,BURNABY   ,6,0,<null>,LAB
1101,MATH    ,800,SURREY    ,32,0,<null>,LEC
1147,CHIN    ,190,BURNABY   ,25,8,Cynthia Xie                                                                                                                                                                                                                                               ,TUT
1144,CMPT    ,477,BURNABY   ,40,38,Evgenia Ternovska                                                                                                                                                                                                                                         ,LEC
1124,MATH    ,348,BURNABY   ,1,1,Scott Pai                                                                                                                                                                                                                                                 ,SEC
1101,ENSC    ,370,BURNABY   ,10,9,Andrew Rawicz                                                                                                                                                                                                                                             ,SEM
1087,MATH    ,882,BURNABY   ,10,0,. Faculty                                                                                                                                                                                                                                                 ,SEC
1151,MATH    ,882,BURNABY   ,10,0,. Faculty                                                                                                                                                                                                                                                 ,SEC
1111,ENSC    ,372,BURNABY   ,10,7,Mehdi Moradi                                                                                                                                                                                                                                              ,LEC
1137,MSE     ,110,SURREY    ,30,29,Amr Marzouk                                                                                                                                                                                                                                               ,LAB
1171,MSE     ,222,SURREY    ,120,116,Carolyn Sparrey                                                                                                                                                                                                                                           ,LEC
1141,MATH    ,808,SURREY    ,25,2,Tamon Stephen                                                                                                                                                                                                                                             ,LEC
1161,CMPT    ,166,SURREY    ,26,26,Toby Donaldson                                                                                                                                                                                                                                            ,LAB
1131,CMPT    ,166,SURREY    ,0,0,Oren Shklarsky                                                                                                                                                                                                                                            ,LAB
1127,CMPT    ,626,OFF       ,2,0,"Cristina Eftenaru, Harriet Chicoine                                                                                                                                                                                                                       ",PRA
1157,CMPT    ,166,SURREY    ,26,26,Karol Swietlicki                                                                                                                                                                                                                                          ,LAB
1131,MATH    ,402W      ,SURREY    ,25,13,Abraham Punnen                                                                                                                                                                                                                                            ,LEC
1141,CMPT    ,896,SURREY    ,5,0,. Faculty                                                                                                                                                                                                                                                 ,SEC
1161,CMPT    ,828,BURNABY   ,24,11,Mark Drew                                                                                                                                                                                                                                                 ,SEM
1131,CMPT    ,322W      ,SURREY    ,55,52,John Edgar                                                                                                                                                                                                                                                ,LEC
1117,ENSC    ,329,SURREY    ,30,30,Martin Ordonez                                                                                                                                                                                                                                            ,LAB
1091,TECH    ,124,SURREY    ,48,31,Joel Flynn                                                                                                                                                                                                                                                ,LAB
1117,MATH    ,340,BURNABY   ,72,71,Petr Lisonek                                                                                                                                                                                                                                              ,LEC
1117,ENSC    ,803,SURREY    ,25,17,Maureen Hindy                                                                                                                                                                                                                                             ,LEC
1087,IAT     ,355,SURREY    ,0,0,. TBD                                                                                                                                                                                                                                                     ,OPL
1134,MACM    ,101,BURNABY   ,144,0,<null>,LEC
1164,MACM    ,101,BURNABY   ,0,0,<null>,TUT
1094,CMNS    ,460,HRBRCNTR  ,20,18,Robert Anderson                                                                                                                                                                                                                                           ,SEM
1084,IAT     ,481,SURREY    ,35,22,"Brian Fisher, Ginger Grant                                                                                                                                                                                                                                ",LEC
1091,IAT     ,487,SURREY    ,1,1,Ronald Wakkary                                                                                                                                                                                                                                            ,LEC
1147,MATH    ,878,BURNABY   ,5,1,. Faculty                                                                                                                                                                                                                                                 ,SEC
1107,ENSC    ,328,BURNABY   ,4,2,Jie Liang                                                                                                                                                                                                                                                 ,TUT
1091,CMPT    ,225,SURREY    ,48,41,John Edgar                                                                                                                                                                                                                                                ,LEC
1134,CMPT    ,225,SURREY    ,78,64,John Edgar                                                                                                                                                                                                                                                ,LEC
1147,CMPT    ,225,SURREY    ,98,89,Geoffrey Tien                                                                                                                                                                                                                                             ,LEC
1107,CMPT    ,225,SURREY    ,22,20,John Edgar                                                                                                                                                                                                                                                ,LAB
1147,ENSC    ,100W      ,BURNABY   ,8,8,<null>,TUT
1087,CMPT    ,128,BURNABY   ,32,24,Janice Regan                                                                                                                                                                                                                                              ,LAB
1081,CMPT    ,225,BURNABY   ,100,90,Alireza Hadj Khodabakhshi                                                                                                                                                                                                                                 ,LEC
1147,ENSC    ,100W      ,BURNABY   ,8,9,<null>,TUT
1087,CMPT    ,120,BURNABY   ,30,29,Diana Cukierman                                                                                                                                                                                                                                           ,LAB
1137,CMPT    ,120,BURNABY   ,26,26,Diana Cukierman                                                                                                                                                                                                                                           ,LAB
1177,CMPT    ,120,BURNABY   ,26,26,Diana Cukierman                                                                                                                                                                                                                                           ,LAB
1137,CMPT    ,120,BURNABY   ,182,182,Diana Cukierman                                                                                                                                                                                                                                           ,LEC
1151,ENSC    ,474,BURNABY   ,35,32,Mirza Beg                                                                                                                                                                                                                                                 ,LEC
1174,MATH    ,875,BURNABY   ,10,0,<null>,SEC
1134,ENSC    ,224,BURNABY   ,80,77,Bonnie Gray                                                                                                                                                                                                                                               ,LEC
1091,IAT     ,235,SURREY    ,24,24,<null>,STL
1117,ENSC    ,305W      ,BURNABY   ,60,53,Michael Sjoerdsma                                                                                                                                                                                                                                         ,LEC
1091,MATH    ,701,BURNABY   ,15,0,Michael Monagan                                                                                                                                                                                                                                           ,LEC
1167,MATH    ,724,BURNABY   ,10,1,Tom Archibald                                                                                                                                                                                                                                             ,LEC
1097,MATH    ,198,SURREY    ,22,0,Veselin Jungic                                                                                                                                                                                                                                            ,LEC
1081,IAT     ,842,SURREY    ,20,5,Magy Seif El-Nasr                                                                                                                                                                                                                                         ,SEM
1147,ENSC    ,100W      ,BURNABY   ,8,8,<null>,TUT
1137,CMPT    ,128,BURNABY   ,26,26,Janice Regan                                                                                                                                                                                                                                              ,LAB
1117,CMPT    ,225,BURNABY   ,26,27,David Mitchell                                                                                                                                                                                                                                            ,LAB
1137,ENSC    ,470,BURNABY   ,30,36,Glenn Chapman                                                                                                                                                                                                                                             ,TUT
1114,CMPT    ,120,BURNABY   ,26,26,Gregory Baker                                                                                                                                                                                                                                             ,LAB
1127,CMPT    ,120,BURNABY   ,182,177,Diana Cukierman                                                                                                                                                                                                                                           ,LEC
1111,CMPT    ,120,BURNABY   ,26,26,Arthur Kirkpatrick                                                                                                                                                                                                                                        ,LAB
1151,CMPT    ,120,BURNABY   ,26,26,Diana Cukierman                                                                                                                                                                                                                                           ,LAB
1101,MATH    ,495,BURNABY   ,27,6,Manfred Trummer                                                                                                                                                                                                                                           ,LEC
1091,CMNS    ,262,BURNABY   ,119,122,Kirsten McAllister                                                                                                                                                                                                                                        ,LEC
1081,CMPT    ,705,BURNABY   ,16,15,Binay Bhattacharya                                                                                                                                                                                                                                        ,LEC
1097,CMPT    ,765,BURNABY   ,15,9,Ayse Ergun                                                                                                                                                                                                                                                ,LEC
1131,ENSC    ,460,SURREY    ,20,7,Majid Bahrami                                                                                                                                                                                                                                             ,TUT
1171,ENSC    ,474,BURNABY   ,45,50,Mirza Beg                                                                                                                                                                                                                                                 ,RQL
1121,ENSC    ,460,BURNABY   ,20,3,Marek Syrzycki                                                                                                                                                                                                                                            ,LEC
1127,ENSC    ,895,SURREY    ,20,19,<null>,TUT
1121,CMPT    ,881,BURNABY   ,10,5,Petra Berenbrink                                                                                                                                                                                                                                          ,LEC
1147,MSE     ,100,SURREY    ,120,115,Krishna Vijayaraghavan                                                                                                                                                                                                                                    ,LEC
1147,MSE     ,321,SURREY    ,40,22,Majid Bahrami                                                                                                                                                                                                                                             ,LAB
1161,CMPT    ,130,SURREY    ,24,15,Karol Swietlicki                                                                                                                                                                                                                                          ,LAB
1164,MSE     ,393,SURREY    ,30,10,Stephanie DeRapp                                                                                                                                                                                                                                          ,SEC
1167,MSE     ,394,SURREY    ,10,13,Stephanie DeRapp                                                                                                                                                                                                                                          ,SEC
1177,MSE     ,394,METRO     ,15,10,Stephanie DeRapp                                                                                                                                                                                                                                          ,SEC
1141,MSE     ,394,OFF       ,10,0,Harriet Chicoine                                                                                                                                                                                                                                          ,SEC
1104,CMPT    ,120,BURNABY   ,26,24,Colin Stewart                                                                                                                                                                                                                                             ,LAB
1137,CMPT    ,120,BURNABY   ,182,181,Diana Cukierman                                                                                                                                                                                                                                           ,LEC
1097,CMPT    ,120,BURNABY   ,26,0,Bradley Bart                                                                                                                                                                                                                                              ,LAB
1151,CMPT    ,888,BURNABY   ,35,16,Ping Tan                                                                                                                                                                                                                                                  ,LEC
1091,CMNS    ,304W      ,BURNABY   ,14,17,<null>,TUT
1167,CMPT    ,295,BURNABY   ,26,26,Bradley Bart                                                                                                                                                                                                                                              ,LAB
1174,ENSC    ,254,BURNABY   ,40,0,William Scratchley                                                                                                                                                                                                                                        ,LAB
1157,ENSC    ,252,BURNABY   ,197,189,Lakshman One                                                                                                                                                                                                                                              ,TUT
1164,ENSC    ,254,BURNABY   ,40,39,William Scratchley                                                                                                                                                                                                                                        ,LAB
1167,ENSC    ,324,BURNABY   ,75,97,Bonnie Gray                                                                                                                                                                                                                                               ,TUT
1177,ENSC    ,324,BURNABY   ,140,132,Marek Syrzycki                                                                                                                                                                                                                                            ,TUT
1121,CMPT    ,225,BURNABY   ,25,25,Gregory Mori                                                                                                                                                                                                                                              ,LAB
1091,CMPT    ,225,BURNABY   ,5,5,Michael Evans                                                                                                                                                                                                                                             ,LAB
1117,CMPT    ,225,SURREY    ,26,26,John Edgar                                                                                                                                                                                                                                                ,LAB
1137,CMPT    ,120,BURNABY   ,26,26,Diana Cukierman                                                                                                                                                                                                                                           ,LAB
1151,CMPT    ,120,BURNABY   ,26,26,Diana Cukierman                                                                                                                                                                                                                                           ,LAB
1137,CMPT    ,120,BURNABY   ,26,26,Diana Cukierman                                                                                                                                                                                                                                           ,LAB
1167,CMPT    ,120,BURNABY   ,26,24,Diana Cukierman                                                                                                                                                                                                                                           ,LAB
1131,CMPT    ,125,BURNABY   ,26,26,Muntaseer Salahuddin                                                                                                                                                                                                                                      ,LAB
1097,CMPT    ,120,SURREY    ,25,22,Toby Donaldson                                                                                                                                                                                                                                            ,LAB
1094,CMPT    ,125,BURNABY   ,25,20,Louis Hafer                                                                                                                                                                                                                                               ,LAB
1091,ENSC    ,460,BURNABY   ,25,13,Glenn Chapman                                                                                                                                                                                                                                             ,LEC
1097,CMPT    ,118,SURREY    ,25,11,Toby Donaldson                                                                                                                                                                                                                                            ,LEC
1094,CMPT    ,882,BURNABY   ,20,17,Gregory Mori                                                                                                                                                                                                                                              ,LEC
1181,ENSC    ,416,BURNABY   ,75,31,Lakshman One                                                                                                                                                                                                                                              ,LAB
1164,ENSC    ,254,BURNABY   ,44,36,William Scratchley                                                                                                                                                                                                                                        ,LAB
1164,MSE     ,893,SURREY    ,1,1,Flavio Firmani                                                                                                                                                                                                                                            ,LAB
1164,MSE     ,893,SURREY    ,1,0,Flavio Firmani                                                                                                                                                                                                                                            ,LAB
1134,MSE     ,893,SURREY    ,5,3,Behraad Bahreyni                                                                                                                                                                                                                                          ,LAB
1161,MSE     ,895,SURREY    ,10,7,Majid Bahrami                                                                                                                                                                                                                                             ,LEC
1141,MSE     ,721,SURREY    ,5,3,Siamak Arzanpour                                                                                                                                                                                                                                          ,LEC
1151,MSE     ,394,OFF       ,10,0,Stephanie DeRapp                                                                                                                                                                                                                                          ,SEC
1161,MSE     ,493,OFF       ,10,5,Stephanie DeRapp                                                                                                                                                                                                                                          ,SEC
1181,MSE     ,493,OFF       ,20,3,Stephanie DeRapp                                                                                                                                                                                                                                          ,SEC
1161,MSE     ,497,SURREY    ,5,3,Edward Park                                                                                                                                                                                                                                               ,LAB
1141,MSE     ,102,SURREY    ,108,78,Kevin Oldknow                                                                                                                                                                                                                                             ,LEC
1151,MSE     ,102,SURREY    ,120,0,Kevin Oldknow                                                                                                                                                                                                                                             ,LEC
1141,MSE     ,102,SURREY    ,27,27,Kevin Oldknow                                                                                                                                                                                                                                             ,TUT
1167,MSE     ,220,SURREY    ,27,27,Woo Soo Kim                                                                                                                                                                                                                                               ,LAB
1151,MSE     ,102,SURREY    ,80,80,Kevin Oldknow                                                                                                                                                                                                                                             ,LEC
1177,MSE     ,110,SURREY    ,20,19,"Amr Marzouk, Mohammad Narimani                                                                                                                                                                                                                            ",LAB
1157,ENSC    ,410,BURNABY   ,150,119,John Jones                                                                                                                                                                                                                                                ,LEC
1157,ENSC    ,251,BURNABY   ,48,49,Lesley Shannon                                                                                                                                                                                                                                            ,LAB
1147,ENSC    ,251,BURNABY   ,48,20,Lesley Shannon                                                                                                                                                                                                                                            ,LAB
1177,ENSC    ,251,BURNABY   ,144,145,Herbert Tsang                                                                                                                                                                                                                                             ,LEC
1157,ENSC    ,251,BURNABY   ,16,16,Lesley Shannon                                                                                                                                                                                                                                            ,LAB
1174,ENSC    ,252,BURNABY   ,127,99,Peter Hallschmid                                                                                                                                                                                                                                          ,LEC
1167,ENSC    ,252,BURNABY   ,43,44,Lakshman One                                                                                                                                                                                                                                              ,LAB
1144,MSE     ,722,SURREY    ,4,3,Erik Kjeang                                                                                                                                                                                                                                               ,LAB
1181,MSE     ,750,SURREY    ,3,4,Jiacheng Wang                                                                                                                                                                                                                                             ,LAB
1161,MSE     ,750,SURREY    ,5,2,Jiacheng Wang                                                                                                                                                                                                                                             ,LAB
1097,CMPT    ,120,SURREY    ,25,23,Toby Donaldson                                                                                                                                                                                                                                            ,LAB
1131,CMPT    ,125,BURNABY   ,26,26,Muntaseer Salahuddin                                                                                                                                                                                                                                      ,LAB
1081,CMPT    ,125,BURNABY   ,25,16,David Mitchell                                                                                                                                                                                                                                            ,LAB
1131,CMPT    ,125,BURNABY   ,26,23,Muntaseer Salahuddin                                                                                                                                                                                                                                      ,LAB
1161,CMPT    ,126,BURNABY   ,25,0,Ali Madooei                                                                                                                                                                                                                                               ,LAB
1091,CMPT    ,125,BURNABY   ,120,111,Diana Cukierman                                                                                                                                                                                                                                           ,LEC
1134,CMPT    ,125,BURNABY   ,78,57,Louis Hafer                                                                                                                                                                                                                                               ,LEC
1114,CMPT    ,128,SURREY    ,52,31,Brian Fraser                                                                                                                                                                                                                                              ,LEC
1084,CMPT    ,125,BURNABY   ,25,25,Diana Cukierman                                                                                                                                                                                                                                           ,LAB
1097,CMPT    ,128,SURREY    ,20,16,John Edgar                                                                                                                                                                                                                                                ,LAB
1161,MSE     ,223,SURREY    ,33,30,Mehran Ahmadi                                                                                                                                                                                                                                             ,LAB
1171,MSE     ,223,SURREY    ,36,35,Ghasem Behfarshad                                                                                                                                                                                                                                         ,LAB
1141,MSE     ,421,SURREY    ,50,0,Siamak Arzanpour                                                                                                                                                                                                                                          ,LAB
1151,MSE     ,421,SURREY    ,50,0,Siamak Arzanpour                                                                                                                                                                                                                                          ,LAB
1171,MSE     ,280,SURREY    ,120,114,Mohammad Narimani                                                                                                                                                                                                                                         ,LEC
1154,MSE     ,381,SURREY    ,120,110,Siamak Arzanpour                                                                                                                                                                                                                                          ,LEC
1161,MSE     ,450,SURREY    ,34,32,Jiacheng Wang                                                                                                                                                                                                                                             ,LAB
1174,MSE     ,381,SURREY    ,55,50,Siamak Arzanpour                                                                                                                                                                                                                                          ,LAB
1151,MSE     ,101W      ,SURREY    ,13,13,"Kevin Oldknow, Maureen Hindy                                                                                                                                                                                                                              ",TUT
1151,MSE     ,101W      ,SURREY    ,12,11,"Kevin Oldknow, Maureen Hindy                                                                                                                                                                                                                              ",TUT
1134,MSE     ,110,SURREY    ,30,30,Amr Marzouk                                                                                                                                                                                                                                               ,TUT
1144,MSE     ,110,SURREY    ,30,0,Amr Marzouk                                                                                                                                                                                                                                               ,OPL
1151,MSE     ,251,SURREY    ,130,96,Behraad Bahreyni                                                                                                                                                                                                                                          ,LEC
1171,MSE     ,251,SURREY    ,36,36,Behraad Bahreyni                                                                                                                                                                                                                                          ,LAB
1181,MSE     ,251,SURREY    ,38,38,Behraad Bahreyni                                                                                                                                                                                                                                          ,LAB
1157,MSE     ,110,SURREY    ,30,27,Amr Marzouk                                                                                                                                                                                                                                               ,TUT
1137,MSE     ,110,SURREY    ,30,21,Amr Marzouk                                                                                                                                                                                                                                               ,LAB
1171,MSE     ,294,SURREY    ,15,9,Stephanie DeRapp                                                                                                                                                                                                                                          ,SEC
1157,MSE     ,294,OFF       ,10,0,"Harriet Chicoine, Stephanie DeRapp                                                                                                                                                                                                                        ",SEC
1134,CMPT    ,130,SURREY    ,48,19,Harinder Khangura                                                                                                                                                                                                                                         ,LEC
1167,ENSC    ,120,BURNABY   ,36,35,Meenakshinathan Parameswaran                                                                                                                                                                                                                              ,LAB
1174,CMPT    ,628,OFF       ,5,0,Harriet Chicoine                                                                                                                                                                                                                                          ,PRA
1164,CMPT    ,628,METRO     ,30,0,Harriet Chicoine                                                                                                                                                                                                                                          ,PRA
1164,CMPT    ,628,OFF       ,15,0,Harriet Chicoine                                                                                                                                                                                                                                          ,PRA
1134,CMPT    ,166,SURREY    ,52,39,John Edgar                                                                                                                                                                                                                                                ,LEC
1121,CMPT    ,166,SURREY    ,26,25,Toby Donaldson                                                                                                                                                                                                                                            ,LAB
1144,MATH    ,397,SUR       ,25,10,JF Williams                                                                                                                                                                                                                                               ,LEC
1164,CMPT    ,628,METRO     ,30,1,Harriet Chicoine                                                                                                                                                                                                                                          ,PRA
1164,CMPT    ,166,SURREY    ,26,25,Toby Donaldson                                                                                                                                                                                                                                            ,LAB
1164,CMPT    ,166,SURREY    ,26,25,Toby Donaldson                                                                                                                                                                                                                                            ,LAB
1127,CMPT    ,128,BURNABY   ,26,26,Janice Regan                                                                                                                                                                                                                                              ,LAB
1117,ENSC    ,470,BURNABY   ,12,11,Glenn Chapman                                                                                                                                                                                                                                             ,LAB
1167,CMPT    ,373,SURREY    ,16,16,William Sumner                                                                                                                                                                                                                                            ,TUT
1157,CMPT    ,711,BURNABY   ,30,6,Leonid Chindelevitch                                                                                                                                                                                                                                      ,LEC
1087,IAT     ,380,SURREY    ,24,24,Philippe Pasquier                                                                                                                                                                                                                                         ,LAB
1091,IAT     ,455,SURREY    ,24,22,Helmine Serban                                                                                                                                                                                                                                            ,LEC
1171,CMPT    ,376W      ,BURNABY   ,80,78,Milan Tofiloski                                                                                                                                                                                                                                           ,LEC
1087,CMPT    ,441,BURNABY   ,20,10,Suleyman Sahinalp                                                                                                                                                                                                                                         ,LEC
1087,CMNS    ,332,BURNABY   ,72,70,Gary McCarron                                                                                                                                                                                                                                             ,LEC
1087,CMNS    ,479,BURNABY   ,15,18,. Faculty                                                                                                                                                                                                                                                 ,SEC
1137,MSE     ,250,SURREY    ,100,0,Ahmad Rad                                                                                                                                                                                                                                                 ,LEC
1147,CMPT    ,166,SURREY    ,26,26,Toby Donaldson                                                                                                                                                                                                                                            ,LAB
1127,CMPT    ,373,SURREY    ,20,17,Thomas Shermer                                                                                                                                                                                                                                            ,LEC
1141,ENSC    ,894,BURNABY   ,13,7,Ljiljana Trajkovic                                                                                                                                                                                                                                        ,LEC
1151,ENSC    ,894,BURNABY   ,10,6,Rodney Vaughan                                                                                                                                                                                                                                            ,LEC
1177,ENSC    ,894,BURNABY   ,8,11,Glenn Chapman                                                                                                                                                                                                                                             ,LEC
1087,ENSC    ,894,BURNABY   ,20,5,Rodney Vaughan                                                                                                                                                                                                                                            ,LEC
1151,ENSC    ,894,BURNABY   ,5,3,Bonnie Gray                                                                                                                                                                                                                                               ,LEC
1174,ENSC    ,895,BURNABY   ,30,0,Rodney Vaughan                                                                                                                                                                                                                                            ,LEC
1084,ENSC    ,895,BURNABY   ,15,9,Parvaneh Saeedi                                                                                                                                                                                                                                           ,LEC
1157,CMPT    ,130,SURREY    ,130,126,Brian Fraser                                                                                                                                                                                                                                              ,LEC
1161,CMPT    ,130,SURREY    ,70,62,Karol Swietlicki                                                                                                                                                                                                                                          ,LEC
1121,CMPT    ,322W      ,SURREY    ,40,39,John Edgar                                                                                                                                                                                                                                                ,LEC
1167,ENSC    ,470,BURNABY   ,35,34,Glenn Chapman                                                                                                                                                                                                                                             ,LEC
1091,CMNS    ,323W      ,HRBRCNTR  ,74,76,Shane Gunster                                                                                                                                                                                                                                             ,LEC
1087,IAT     ,233,SURREY    ,30,26,Russell Taylor                                                                                                                                                                                                                                            ,LAB
1097,MATH    ,882,BURNABY   ,10,0,. TBD                                                                                                                                                                                                                                                     ,SEC
1104,MATH    ,882,BURNABY   ,10,0,. TBD                                                                                                                                                                                                                                                     ,SEC
1121,MATH    ,150,SURREY    ,90,60,Daryl Funk                                                                                                                                                                                                                                                ,LEC
1081,CMNS    ,221,HRBRCNTR  ,18,20,<null>,TUT
1081,CMNS    ,221,HRBRCNTR  ,18,20,<null>,TUT
1097,ENSC    ,101W      ,BURNABY   ,184,196,Stephen Whitmore                                                                                                                                                                                                                                          ,LEC
1134,CMPT    ,166,SURREY    ,24,0,John Edgar                                                                                                                                                                                                                                                ,LAB
1181,CMPT    ,166,SURREY    ,26,17,Harinder Khangura                                                                                                                                                                                                                                         ,LAB
1131,CMPT    ,881,BURNABY   ,10,2,Michael Monagan                                                                                                                                                                                                                                           ,LEC
1137,CHIN    ,180,BURNABY   ,15,0,"Billie Ng, Haisheng Jiang                                                                                                                                                                                                                                 ",TUT
1117,CMPT    ,768,SURREY    ,10,8,Tamara Smyth                                                                                                                                                                                                                                              ,LEC
1101,REM     ,667,BURNABY   ,15,13,Andrew Cooper                                                                                                                                                                                                                                             ,SEM
1087,TECH    ,106,SURREY    ,24,17,Belgacem Ben Youssef                                                                                                                                                                                                                                      ,LAB
1087,IAT     ,102,SURREY    ,24,24,Yin Wu                                                                                                                                                                                                                                                    ,LAB
1087,CMPT    ,777,BURNABY   ,20,2,Evgenia Ternovska                                                                                                                                                                                                                                         ,LEC
1131,ENSC    ,283,SURREY    ,38,38,. TBD                                                                                                                                                                                                                                                     ,LAB
1127,ENSC    ,100W      ,BURNABY   ,5,6,. Faculty                                                                                                                                                                                                                                                 ,TUT
1117,ENSC    ,100W      ,BURNABY   ,5,6,. Faculty                                                                                                                                                                                                                                                 ,TUT
1127,ENSC    ,100W      ,BURNABY   ,7,8,. Faculty                                                                                                                                                                                                                                                 ,TUT
1087,ENSC    ,440W      ,BURNABY   ,40,22,Andrew Rawicz                                                                                                                                                                                                                                             ,LEC
1094,CMNS    ,454,HRBRCNTR  ,18,10,<null>,TUT
1081,CMNS    ,353,HRBRCNTR  ,18,19,<null>,LAB
1081,CMNS    ,428,BURNABY   ,25,23,<null>,OPL
1091,IAT     ,244,SURREY    ,24,23,. TBD                                                                                                                                                                                                                                                     ,STL
1091,CMPT    ,125,SURREY    ,42,32,Tamara Smyth                                                                                                                                                                                                                                              ,LEC
1104,CMPT    ,128,SURREY    ,72,59,John Edgar                                                                                                                                                                                                                                                ,LEC
1097,CMPT    ,128,SURREY    ,100,80,John Edgar                                                                                                                                                                                                                                                ,LEC
1087,CMPT    ,128,BURNABY   ,32,30,Janice Regan                                                                                                                                                                                                                                              ,LAB
1121,ENSC    ,895,SURREY    ,10,11,Gary Wang                                                                                                                                                                                                                                                 ,LEC
1117,DDP     ,310,OFF       ,30,3,Qianping Gu                                                                                                                                                                                                                                               ,SEC
1107,MATH    ,340,BURNABY   ,60,55,Michael Monagan                                                                                                                                                                                                                                           ,LEC
1101,CMPT    ,497,BURNABY   ,10,7,Qianping Gu                                                                                                                                                                                                                                               ,LEC
1087,CMNS    ,354,HRBRCNTR  ,18,7,<null>,LAB
1101,CMPT    ,497,BURNABY   ,10,4,Ramesh Krishnamurti                                                                                                                                                                                                                                       ,LEC
1134,MATH    ,348,BURNABY   ,6,6,Scott Pai                                                                                                                                                                                                                                                 ,LEC
1091,IAT     ,431,SURREY    ,24,25,Ronald Wakkary                                                                                                                                                                                                                                            ,STL
1101,MATH    ,762,BURNABY   ,5,4,David Muraki                                                                                                                                                                                                                                              ,LEC
1091,CMNS    ,353,HRBRCNTR  ,15,17,<null>,LAB
1084,CMNS    ,363,BURNABY   ,24,19,<null>,OPL
1154,CMPT    ,428,METRO     ,0,0,<null>,SEC
1091,IAT     ,842,SURREY    ,20,0,Magy Seif El-Nasr                                                                                                                                                                                                                                         ,SEM
1131,MATH    ,740,BURNABY   ,10,0,Imin Chen                                                                                                                                                                                                                                                 ,LEC
1091,CMNS    ,498,BURNABY   ,5,6,. Faculty                                                                                                                                                                                                                                                 ,SEC
1091,CMNS    ,495,BURNABY   ,25,5,Marcia Shimizu                                                                                                                                                                                                                                            ,PRA
1091,CMNS    ,495,OFF       ,25,2,Marcia Shimizu                                                                                                                                                                                                                                            ,PRA
1081,CMNS    ,891,BURNABY   ,5,0,Marcia Shimizu                                                                                                                                                                                                                                            ,SEC
1127,ENSC    ,396,SURREY    ,10,5,<null>,SEC
1144,CMPT    ,110,BURNABY   ,75,72,Anthony Dixon                                                                                                                                                                                                                                             ,SEC
1157,CMPT    ,110,BURNABY   ,75,63,Mark Drew                                                                                                                                                                                                                                                 ,LEC
1141,CMPT    ,150,SURREY    ,18,14,Harinder Khangura                                                                                                                                                                                                                                         ,LAB
1101,CMPT    ,275,BURNABY   ,78,67,". Faculty, Herbert Tsang                                                                                                                                                                                                                                  ",LEC
1174,CMPT    ,225,BURNABY   ,26,26,Anne Lavergne                                                                                                                                                                                                                                             ,LAB
1087,CMPT    ,120,BURNABY   ,33,33,Diana Cukierman                                                                                                                                                                                                                                           ,LAB
1097,CMPT    ,120,BURNABY   ,31,31,Bradley Bart                                                                                                                                                                                                                                              ,LAB
1097,CMPT    ,120,BURNABY   ,33,31,Bradley Bart                                                                                                                                                                                                                                              ,LAB
1097,CMPT    ,120,BURNABY   ,26,26,Bradley Bart                                                                                                                                                                                                                                              ,LAB
1084,CMPT    ,125,BURNABY   ,25,23,Diana Cukierman                                                                                                                                                                                                                                           ,LAB
1097,ENSC    ,894,BURNABY   ,10,0,Lesley Shannon                                                                                                                                                                                                                                            ,LEC
1167,ENSC    ,894,BURNABY   ,10,9,Kamal Gupta                                                                                                                                                                                                                                               ,LEC
1157,ENSC    ,894,BURNABY   ,5,4,Glenn Chapman                                                                                                                                                                                                                                             ,LAB
1157,ENSC    ,894,BURNABY   ,5,5,Glenn Chapman                                                                                                                                                                                                                                             ,LAB
1097,CMPT    ,128,BURNABY   ,29,26,Janice Regan                                                                                                                                                                                                                                              ,LAB
1161,CMPT    ,225,BURNABY   ,182,181,Geoffrey Tien                                                                                                                                                                                                                                             ,LEC
1134,CMPT    ,705,BURNABY   ,15,11,Petra Berenbrink                                                                                                                                                                                                                                          ,LEC
1161,CMPT    ,705,BURNABY   ,45,31,Joseph Peters                                                                                                                                                                                                                                             ,LEC
1124,CMPT    ,885,BURNABY   ,30,6,Arrvindh Shriraman                                                                                                                                                                                                                                        ,LEC
1081,CMNS    ,386,BURNABY   ,20,11,"Barry Truax, David Murphy                                                                                                                                                                                                                                 ",SEM
1124,ENSC    ,460,SURREY    ,30,0,. TBD                                                                                                                                                                                                                                                     ,SEM
1087,CMNS    ,320,BURNABY   ,29,42,Stephen Kline                                                                                                                                                                                                                                             ,LEC
1084,CMNS    ,458,HRBRCNTR  ,16,7,Linda Harasim                                                                                                                                                                                                                                             ,SEM
1091,CMNS    ,458,BURNABY   ,15,15,Peter Anderson                                                                                                                                                                                                                                            ,SEM
1081,CMNS    ,458,BURNABY   ,10,0,. Faculty                                                                                                                                                                                                                                                 ,SEC
1081,IAT     ,244,SURREY    ,96,93,Michael Filimowicz                                                                                                                                                                                                                                        ,INS
1161,CMPT    ,225,BURNABY   ,25,25,Geoffrey Tien                                                                                                                                                                                                                                             ,LAB
1171,CMPT    ,225,BURNABY   ,26,24,Thomas Shermer                                                                                                                                                                                                                                            ,LAB
1171,CMPT    ,225,BURNABY   ,26,26,Thomas Shermer                                                                                                                                                                                                                                            ,LAB
1157,CMPT    ,225,SURREY    ,96,68,Arthur Kirkpatrick                                                                                                                                                                                                                                        ,LEC
1087,CMPT    ,128,SURREY    ,125,94,John Edgar                                                                                                                                                                                                                                                ,LEC
1157,CMPT    ,225,BURNABY   ,26,26,David Mitchell                                                                                                                                                                                                                                            ,LAB
1177,CMPT    ,128,BURNABY   ,96,37,Liaqat Ali                                                                                                                                                                                                                                                ,LEC
1157,CMPT    ,225,BURNABY   ,182,182,David Mitchell                                                                                                                                                                                                                                            ,LEC
1154,CMPT    ,120,BURNABY   ,26,25,Anne Lavergne                                                                                                                                                                                                                                             ,LAB
1151,CMPT    ,275,BURNABY   ,75,75,". Faculty, Herbert Tsang                                                                                                                                                                                                                                  ",LEC
1091,CMPT    ,100,BURNABY   ,30,21,Steven Pearce                                                                                                                                                                                                                                             ,LEC
1171,CMPT    ,363,BURNABY   ,75,74,Parmit Chilana                                                                                                                                                                                                                                            ,LEC
1131,CMPT    ,363,BURNABY   ,85,78,Anne Lavergne                                                                                                                                                                                                                                             ,LEC
1171,CMPT    ,428,METRO     ,30,17,Harriet Chicoine                                                                                                                                                                                                                                          ,SEC
1181,CMPT    ,428,OFF       ,25,0,Harriet Chicoine                                                                                                                                                                                                                                          ,SEC
1151,CMPT    ,427,METRO     ,45,43,Harriet Chicoine                                                                                                                                                                                                                                          ,SEC
1177,CMPT    ,427,METRO     ,65,55,Harriet Chicoine                                                                                                                                                                                                                                          ,SEC
1164,CMPT    ,310,BURNABY   ,100,99,Diana Cukierman                                                                                                                                                                                                                                           ,LEC
1101,ENSC    ,195,OFF       ,13,13,<null>,SEC
1104,CMPT    ,307,HRBRCNTR  ,100,96,Pavol Hell                                                                                                                                                                                                                                                ,LEC
1114,ENSC    ,194,SURREY    ,25,0,<null>,SEC
1084,CMNS    ,230,BURNABY   ,90,64,Catherine Murray                                                                                                                                                                                                                                          ,LEC
1097,ENSC    ,100,BURNABY   ,1,1,<null>,RQL
1121,ENSC    ,150,BURNABY   ,40,12,<null>,TUT
1127,ENSC    ,296,BURNABY   ,25,5,<null>,SEC
1101,ENSC    ,263,SURREY    ,35,32,<null>,LAB
1127,ENSC    ,296,OFF       ,1,1,<null>,SEC
1101,ENSC    ,351,BURNABY   ,25,23,<null>,LAB
1164,ENSC    ,892,BURNABY   ,40,2,<null>,SEC
1164,ENSC    ,892,OFF       ,40,0,<null>,SEC
1097,ENSC    ,325,BURNABY   ,26,24,<null>,TUT
1117,ENSC    ,387,BURNABY   ,50,20,<null>,RQL
1137,ENSC    ,220,BURNABY   ,33,0,<null>,LAB
1084,CMNS    ,323,HRBRCNTR  ,70,64,Shane Gunster                                                                                                                                                                                                                                             ,LEC
1087,CMNS    ,473,HRBRCNTR  ,64,65,"Anne Ahmad, Janet Russell                                                                                                                                                                                                                                 ",LEC
1131,ENSC    ,898,BURNABY   ,100,39,<null>,SEC
1091,CMNS    ,482,OFF       ,15,0,. Faculty                                                                                                                                                                                                                                                 ,SEC
1081,CMNS    ,482,OFF       ,25,33,. Faculty                                                                                                                                                                                                                                                 ,SEC
1091,CMNS    ,482,BURNABY   ,15,24,. Faculty                                                                                                                                                                                                                                                 ,SEC
1101,ENSC    ,296,OFF       ,10,0,<null>,SEC
1081,CMPT    ,250,BURNABY   ,60,42,Louis Hafer                                                                                                                                                                                                                                               ,LEC
1091,CMPT    ,250,BURNABY   ,50,35,Louis Hafer                                                                                                                                                                                                                                               ,LEC
1081,CMNS    ,895,BURNABY   ,25,13,. Faculty                                                                                                                                                                                                                                                 ,SEC
1091,CMNS    ,895,BURNABY   ,25,9,. Faculty                                                                                                                                                                                                                                                 ,SEC
1091,CMNS    ,895,OFF       ,25,0,. Faculty                                                                                                                                                                                                                                                 ,SEC
1097,CMPT    ,320,BURNABY   ,75,77,Steven Pearce                                                                                                                                                                                                                                             ,LEC
1117,CMPT    ,250,SURREY    ,26,26,Brian Fraser                                                                                                                                                                                                                                              ,LAB
1091,CMPT    ,165,BURNABY   ,155,149,Colin Stewart                                                                                                                                                                                                                                             ,SEC
1137,CMPT    ,165,BURNABY   ,208,200,Gregory Baker                                                                                                                                                                                                                                             ,LEC
1097,CMPT    ,120,BURNABY   ,27,25,Bradley Bart                                                                                                                                                                                                                                              ,LAB
1154,CMPT    ,120,BURNABY   ,182,171,Anne Lavergne                                                                                                                                                                                                                                             ,LEC
1087,CMPT    ,XX1       ,KAM       ,10,2,Ping Ding                                                                                                                                                                                                                                                 ,SEC
1107,CMPT    ,250,BURNABY   ,26,24,Anthony Dixon                                                                                                                                                                                                                                             ,LAB
1111,CMPT    ,320,BURNABY   ,87,87,Steven Pearce                                                                                                                                                                                                                                             ,LEC
1181,CMPT    ,218,BURNABY   ,24,21,Bobby Chan                                                                                                                                                                                                                                                ,LAB
1117,CMPT    ,250,SURREY    ,26,26,Brian Fraser                                                                                                                                                                                                                                              ,LAB
1157,CMPT    ,165,BURNABY   ,75,71,Ying Tang                                                                                                                                                                                                                                                 ,SEC
1104,CMPT    ,165,BURNABY   ,25,25,Bobby Chan                                                                                                                                                                                                                                                ,LAB
1111,CMPT    ,165,BURNABY   ,26,26,Gregory Baker                                                                                                                                                                                                                                             ,LAB
1134,CMPT    ,165,BURNABY   ,75,74,". Faculty, Frederick Popowich, Gregory Baker                                                                                                                                                                                                              ",SEC
1121,CMPT    ,340,BURNABY   ,40,31,Ghassan Hamarneh                                                                                                                                                                                                                                          ,LEC
1144,CMPT    ,426,OFF       ,5,1,Harriet Chicoine                                                                                                                                                                                                                                          ,SEC
1154,CMPT    ,426,OFF       ,5,1,Harriet Chicoine                                                                                                                                                                                                                                          ,SEC
1174,CMPT    ,426,OFF       ,1,0,Harriet Chicoine                                                                                                                                                                                                                                          ,SEC
1111,CMPT    ,413,BURNABY   ,40,38,Anoop Sarkar                                                                                                                                                                                                                                              ,LEC
1151,CMPT    ,412,BURNABY   ,50,44,Brian Funt                                                                                                                                                                                                                                                ,LEC
1107,CMPT    ,405,BURNABY   ,15,10,Ramesh Krishnamurti                                                                                                                                                                                                                                       ,LEC
1164,CMPT    ,405,BURNABY   ,75,40,Andrei Bulatov                                                                                                                                                                                                                                            ,LEC
1151,CMPT    ,379,SURREY    ,58,49,Thomas Shermer                                                                                                                                                                                                                                            ,LEC
1164,CMPT    ,429,METRO     ,15,0,Harriet Chicoine                                                                                                                                                                                                                                          ,SEC
1087,CMNS    ,845,BURNABY   ,15,2,Robert Anderson                                                                                                                                                                                                                                           ,SEM
1147,CMPT    ,110,BURNABY   ,45,39,Mark Drew                                                                                                                                                                                                                                                 ,LEC
1114,CMPT    ,165,BURNABY   ,26,25,Anne Lavergne                                                                                                                                                                                                                                             ,LAB
1101,CMPT    ,165,BURNABY   ,26,24,Gregory Baker                                                                                                                                                                                                                                             ,LAB
1081,IART    ,899,SURREY    ,5,0,<null>,SEC
1137,CMPT    ,165,SURREY    ,26,24,Bobby Chan                                                                                                                                                                                                                                                ,LAB
1097,CMPT    ,XX1       ,KAM       ,6,2,Ping Ding                                                                                                                                                                                                                                                 ,SEC
1154,CMPT    ,307,BURNABY   ,75,72,Binay Bhattacharya                                                                                                                                                                                                                                        ,LEC
1111,CMPT    ,307,BURNABY   ,85,84,Valentine Kabanets                                                                                                                                                                                                                                        ,LEC
1091,CMPT    ,250,BURNABY   ,20,14,Louis Hafer                                                                                                                                                                                                                                               ,LAB
1181,CMPT    ,218,BURNABY   ,24,4,Bobby Chan                                                                                                                                                                                                                                                ,LAB
1087,CMPT    ,165,BURNABY   ,30,30,Anne Lavergne                                                                                                                                                                                                                                             ,LAB
1097,CMPT    ,165,BURNABY   ,25,24,Gregory Baker                                                                                                                                                                                                                                             ,LAB
1101,CMPT    ,165,BURNABY   ,26,26,Gregory Baker                                                                                                                                                                                                                                             ,LAB
1104,CMPT    ,165,SURREY    ,24,21,Harinder Khangura                                                                                                                                                                                                                                         ,LAB
1144,CMPT    ,150,BURNABY   ,26,25,Geoffrey Tien                                                                                                                                                                                                                                             ,LAB
1154,CMPT    ,150,BURNABY   ,23,23,Anthony Dixon                                                                                                                                                                                                                                             ,LAB
1137,CMPT    ,150,BURNABY   ,26,26,Anthony Dixon                                                                                                                                                                                                                                             ,LAB
1107,CMPT    ,416,BURNABY   ,0,0,Arthur Kirkpatrick                                                                                                                                                                                                                                        ,SEC
1174,CMPT    ,416,BURNABY   ,8,8,John Edgar                                                                                                                                                                                                                                                ,SEC
1134,CMPT    ,428,OFF       ,10,9,Harriet Chicoine                                                                                                                                                                                                                                          ,SEC
1181,CMPT    ,428,METRO     ,15,4,Harriet Chicoine                                                                                                                                                                                                                                          ,SEC
1087,CMPT    ,165,BURNABY   ,30,29,Anne Lavergne                                                                                                                                                                                                                                             ,LAB
1104,CMPT    ,150,BURNABY   ,104,78,Bradley Bart                                                                                                                                                                                                                                              ,LEC
1127,CMPT    ,150,BURNABY   ,26,24,Bradley Bart                                                                                                                                                                                                                                              ,LAB
1091,ENSC    ,380,SURREY    ,0,0,<null>,OPL
1121,CMPT    ,371,SURREY    ,25,23,Joseph Peters                                                                                                                                                                                                                                             ,LEC
1141,CMPT    ,820,BURNABY   ,15,9,Ze-Nian Li                                                                                                                                                                                                                                                ,LEC
1121,CMPT    ,466,BURNABY   ,20,9,Hao Zhang                                                                                                                                                                                                                                                 ,LEC
1127,CMPT    ,475,BURNABY   ,60,56,Uwe Glaesser                                                                                                                                                                                                                                              ,LEC
1154,CMPT    ,475,HRBRCNTR  ,85,81,Danny Ridinger                                                                                                                                                                                                                                            ,LEC
1131,CMPT    ,454,BURNABY   ,70,63,Ke Wang                                                                                                                                                                                                                                                   ,LEC
1174,CMPT    ,429,OFF       ,5,0,Harriet Chicoine                                                                                                                                                                                                                                          ,SEC
1164,CMPT    ,899,OFF       ,5,0,. Faculty                                                                                                                                                                                                                                                 ,SEC
1151,CMPT    ,897,BURNABY   ,10,2,. Faculty                                                                                                                                                                                                                                                 ,SEC
1091,CMNS    ,110,BURNABY   ,90,89,Donald Gutstein                                                                                                                                                                                                                                           ,SEC
1081,CMPT    ,821,BURNABY   ,15,4,Ze-Nian Li                                                                                                                                                                                                                                                ,SEC
1107,CMPT    ,710,BURNABY   ,15,6,Valentine Kabanets                                                                                                                                                                                                                                        ,LEC
1087,CMNS    ,260,BURNABY   ,90,77,Amir Hassan Ghaseminejad Tafreshi                                                                                                                                                                                                                         ,LEC
1081,CMNS    ,371,BURNABY   ,70,69,Maureen Gillis                                                                                                                                                                                                                                            ,SEC
1081,CMNS    ,362,BURNABY   ,0,0,<null>,TUT
1084,CMNS    ,494,BURNABY   ,35,14,Marcia Shimizu                                                                                                                                                                                                                                            ,PRA
1087,KIN     ,142,SURREY    ,19,18,<null>,LAB
1111,CMPT    ,110,BURNABY   ,45,42,Richard Frank                                                                                                                                                                                                                                             ,SEC
1117,CMPT    ,416,BURNABY   ,1,1,David Mitchell                                                                                                                                                                                                                                            ,SEC
1164,CMPT    ,416,BURNABY   ,5,4,John Edgar                                                                                                                                                                                                                                                ,SEC
1097,CMPT    ,427,BURNABY   ,30,18,Frances McLafferty                                                                                                                                                                                                                                        ,SEC
1081,CMPT    ,415,BURNABY   ,1,3,"Alexandra Fedorova, Ghassan Hamarneh                                                                                                                                                                                                                      ",SEC
1104,CMPT    ,427,OFF       ,15,6,Harriet Chicoine                                                                                                                                                                                                                                          ,SEC
1114,CMPT    ,427,OFF       ,10,4,Harriet Chicoine                                                                                                                                                                                                                                          ,SEC
1167,CMPT    ,427,OFF       ,5,4,Harriet Chicoine                                                                                                                                                                                                                                          ,SEC
1114,CMPT    ,427,SURREY    ,5,3,Frances McLafferty                                                                                                                                                                                                                                        ,SEC
1167,CMPT    ,427,METRO     ,25,21,Harriet Chicoine                                                                                                                                                                                                                                          ,SEC
1177,CMPT    ,427,METRO     ,15,9,Harriet Chicoine                                                                                                                                                                                                                                          ,SEC
1111,ENSC    ,296,OFF       ,5,3,<null>,SEC
1157,CMPT    ,428,OFF       ,140,0,Harriet Chicoine                                                                                                                                                                                                                                          ,SEC
1151,CMPT    ,427,OFF       ,10,4,Harriet Chicoine                                                                                                                                                                                                                                          ,SEC
1141,CMPT    ,427,METRO     ,10,6,Harriet Chicoine                                                                                                                                                                                                                                          ,SEC
1104,CMPT    ,427,OFF       ,15,2,Frances McLafferty                                                                                                                                                                                                                                        ,SEC
1114,CMPT    ,427,OFF       ,5,0,Frances McLafferty                                                                                                                                                                                                                                        ,SEC
1087,CMPT    ,354,BURNABY   ,70,63,Martin Ester                                                                                                                                                                                                                                              ,LEC
1094,CMPT    ,383,BURNABY   ,65,62,Frank Burton                                                                                                                                                                                                                                              ,LEC
1081,CMPT    ,383,HRBRCNTR  ,25,13,William Havens                                                                                                                                                                                                                                            ,LEC
1091,CMPT    ,371,SURREY    ,35,31,Mohamed Hefeeda                                                                                                                                                                                                                                           ,LEC
1181,CMPT    ,466,BURNABY   ,60,20,KangKang Yin                                                                                                                                                                                                                                              ,LEC
1117,CMPT    ,429,OFF       ,5,0,Cristina Eftenaru                                                                                                                                                                                                                                         ,SEC
1121,CMPT    ,429,OFF       ,8,4,Cristina Eftenaru                                                                                                                                                                                                                                         ,SEC
1174,CMPT    ,429,OFF       ,5,3,Harriet Chicoine                                                                                                                                                                                                                                          ,SEC
1117,CMPT    ,429,BURNABY   ,15,10,Cristina Eftenaru                                                                                                                                                                                                                                         ,SEC
1091,CMNS    ,210,HRBRCNTR  ,27,25,Roman Onufrijchuk                                                                                                                                                                                                                                         ,LEC
1091,CMNS    ,200,HRBRCNTR  ,36,38,Terry Neiman                                                                                                                                                                                                                                              ,LEC
1117,CMPT    ,429,OFF       ,5,0,Frances McLafferty                                                                                                                                                                                                                                        ,SEC
1177,CMPT    ,427,OFF       ,15,1,Harriet Chicoine                                                                                                                                                                                                                                          ,SEC
1177,CMPT    ,897,BURNABY   ,5,0,. Faculty                                                                                                                                                                                                                                                 ,SEC
1081,CMPT    ,891,BURNABY   ,35,17,Diana Cukierman                                                                                                                                                                                                                                           ,SEM
1091,CMPT    ,110,BURNABY   ,75,49,Mark Drew                                                                                                                                                                                                                                                 ,LEC
1137,CMPT    ,165,SURREY    ,96,94,Bobby Chan                                                                                                                                                                                                                                                ,LEC
1097,CMPT    ,275,BURNABY   ,72,64,Herbert Tsang                                                                                                                                                                                                                                             ,LEC
1104,CMPT    ,275,HRBRCNTR  ,45,35,Herbert Tsang                                                                                                                                                                                                                                             ,LEC
1091,CMPT    ,250,SURREY    ,46,32,Harinder Khangura                                                                                                                                                                                                                                         ,LEC
1161,CMPT    ,300,SURREY    ,100,98,Arrvindh Shriraman                                                                                                                                                                                                                                        ,LEC
1084,KIN     ,311,BURNABY   ,18,11,<null>,TUT
1101,CMPT    ,165,BURNABY   ,26,26,Gregory Baker                                                                                                                                                                                                                                             ,LAB
1137,CMPT    ,165,BURNABY   ,26,26,Gregory Baker                                                                                                                                                                                                                                             ,LAB
1087,KIN     ,143,BURNABY   ,40,39,<null>,LAB
1087,CMPT    ,427,BURNABY   ,30,17,Harriet Chicoine                                                                                                                                                                                                                                          ,SEC
1167,CMPT    ,354,SURREY    ,90,88,John Edgar                                                                                                                                                                                                                                                ,LEC
1111,CMPT    ,354,HRBRCNTR  ,45,41,Wo-Shun Luk                                                                                                                                                                                                                                               ,LEC
1154,CMPT    ,354,HRBRCNTR  ,85,88,Bobby Chan                                                                                                                                                                                                                                                ,LEC
1181,CMPT    ,415,BURNABY   ,2,2,William Sumner                                                                                                                                                                                                                                            ,SEC
1117,CMPT    ,371,BURNABY   ,81,82,Jiangchuan Liu                                                                                                                                                                                                                                            ,LEC
1161,CMPT    ,371,HRBRCNTR  ,95,91,Balbir Gill                                                                                                                                                                                                                                               ,LEC
1137,CMPT    ,419,BURNABY   ,25,10,Ghassan Hamarneh                                                                                                                                                                                                                                          ,LEC
1084,CMPT    ,416,BURNABY   ,1,1,Ghassan Hamarneh                                                                                                                                                                                                                                          ,SEC
1081,CMPT    ,471,HRBRCNTR  ,25,17,Janice Regan                                                                                                                                                                                                                                              ,LEC
1137,CMPT    ,475,BURNABY   ,65,32,Uwe Glaesser                                                                                                                                                                                                                                              ,LEC
1144,CMPT    ,430,VAN       ,5,0,Harriet Chicoine                                                                                                                                                                                                                                          ,SEC
1134,CMPT    ,371,BURNABY   ,75,64,Janice Regan                                                                                                                                                                                                                                              ,LEC
1111,CMPT    ,430,OFF       ,5,4,Harriet Chicoine                                                                                                                                                                                                                                          ,SEC
1117,CMPT    ,827,BURNABY   ,8,4,David Mitchell                                                                                                                                                                                                                                            ,LEC
1147,MATH    ,232,BURNABY   ,60,0,<null>,OPL
1117,MATH    ,322,BURNABY   ,35,30,<null>,TUT
1177,ENSC    ,195,OFF       ,15,3,Harriet Chicoine                                                                                                                                                                                                                                          ,SEC
1157,ENSC    ,264,BURNABY   ,36,37,Lakshman One                                                                                                                                                                                                                                              ,TUT
1084,ENSC    ,225,BURNABY   ,60,19,Marinko Sarunic                                                                                                                                                                                                                                           ,LEC
1147,ENSC    ,296,BURNABY   ,25,2,Harriet Chicoine                                                                                                                                                                                                                                          ,SEC
1157,ENSC    ,296,BURNABY   ,25,3,Harriet Chicoine                                                                                                                                                                                                                                          ,SEC
1171,ENSC    ,296,BURNABY   ,20,5,Harriet Chicoine                                                                                                                                                                                                                                          ,SEC
1147,ENSC    ,296,OFF       ,10,3,Harriet Chicoine                                                                                                                                                                                                                                          ,SEC
1171,CMPT    ,898,BURNABY   ,100,71,. Faculty                                                                                                                                                                                                                                                 ,SEC
1181,CMPT    ,898,BURNABY   ,120,77,. Faculty                                                                                                                                                                                                                                                 ,SEC
1181,CMPT    ,898,BURNABY   ,10,0,. Faculty                                                                                                                                                                                                                                                 ,SEC
1121,CMPT    ,740,BURNABY   ,25,13,Wo-Shun Luk                                                                                                                                                                                                                                               ,LEC
1084,CMPT    ,471,BURNABY   ,30,22,Louis Hafer                                                                                                                                                                                                                                               ,LEC
1121,CMPT    ,471,SURREY    ,8,8,Louis Hafer                                                                                                                                                                                                                                               ,LEC
1107,CMPT    ,899,BURNABY   ,85,75,. Faculty                                                                                                                                                                                                                                                 ,SEC
1117,CMPT    ,899,BURNABY   ,100,98,. Faculty                                                                                                                                                                                                                                                 ,SEC
1147,MATH    ,100,BURNABY   ,60,0,<null>,OPL
1097,MATH    ,157,BURNABY   ,60,0,<null>,OPL
1144,MATH    ,342,BURNABY   ,40,36,<null>,TUT
1177,MATH    ,309,BURNABY   ,36,35,<null>,TUT
1137,MATH    ,895,BURNABY   ,5,0,<null>,SEC
1091,REM     ,699,BURNABY   ,120,33,<null>,SEC
1087,CMPT    ,427,OFF       ,30,0,Harriet Chicoine                                                                                                                                                                                                                                          ,SEC
1121,CMPT    ,899,BURNABY   ,130,92,. Faculty                                                                                                                                                                                                                                                 ,SEC
1141,MATH    ,100,SURREY    ,90,0,<null>,OPL
1097,ENSC    ,101,BURNABY   ,64,49,Stephen Whitmore                                                                                                                                                                                                                                          ,LEC
1174,ENSC    ,194,BURNABY   ,10,0,Harriet Chicoine                                                                                                                                                                                                                                          ,SEC
1117,ENSC    ,100,BURNABY   ,3,3,. Faculty                                                                                                                                                                                                                                                 ,TUT
1161,ENSC    ,304,BURNABY   ,30,18,Michael Sjoerdsma                                                                                                                                                                                                                                         ,LEC
1121,ENSC    ,304,BURNABY   ,163,154,Parvaneh Saeedi                                                                                                                                                                                                                                           ,TUT
1154,ENSC    ,263,BURNABY   ,16,12,Fabio Campi                                                                                                                                                                                                                                               ,TUT
1161,ENSC    ,427,BURNABY   ,48,5,Ljiljana Trajkovic                                                                                                                                                                                                                                        ,LEC
1171,ENSC    ,387,BURNABY   ,75,56,Balbir Gill                                                                                                                                                                                                                                               ,TUT
1154,CMPT    ,430,OFF       ,5,1,Harriet Chicoine                                                                                                                                                                                                                                          ,SEC
1101,CMPT    ,430,BURNABY   ,30,6,Frances McLafferty                                                                                                                                                                                                                                        ,SEC
1127,CMPT    ,430,OFF       ,2,0,"Harriet Chicoine, John McDonald                                                                                                                                                                                                                           ",SEC
1117,MACM    ,101,SURREY    ,24,19,Binay Bhattacharya                                                                                                                                                                                                                                        ,TUT
1147,MACM    ,101,BURNABY   ,24,24,Andrei Bulatov                                                                                                                                                                                                                                            ,TUT
1161,MACM    ,101,BURNABY   ,25,24,Bradley Bart                                                                                                                                                                                                                                              ,TUT
1164,MACM    ,101,BURNABY   ,24,25,Bradley Bart                                                                                                                                                                                                                                              ,TUT
1161,MACM    ,101,BURNABY   ,25,24,Bradley Bart                                                                                                                                                                                                                                              ,TUT
1181,MACM    ,101,SURREY    ,96,83,Toby Donaldson                                                                                                                                                                                                                                            ,LEC
1107,MACM    ,101,BURNABY   ,24,26,Evgenia Ternovska                                                                                                                                                                                                                                         ,LAB
1164,ENSC    ,263,BURNABY   ,5,0,William Scratchley                                                                                                                                                                                                                                        ,LAB
1114,ENSC    ,250,BURNABY   ,100,97,Lakshman One                                                                                                                                                                                                                                              ,TUT
1137,ENSC    ,220,BURNABY   ,111,110,Meenakshinathan Parameswaran                                                                                                                                                                                                                              ,TUT
1157,ENSC    ,220,BURNABY   ,50,53,Meenakshinathan Parameswaran                                                                                                                                                                                                                              ,LAB
1127,ENSC    ,387,SURREY    ,36,27,". TBD, Edward Park                                                                                                                                                                                                                                        ",LAB
1134,ENSC    ,383,BURNABY   ,85,85,Mirza Beg                                                                                                                                                                                                                                                 ,RQL
1114,ENSC    ,350,BURNABY   ,30,26,". Faculty, Lakshman One                                                                                                                                                                                                                                   ",LEC
1147,ENSC    ,325,BURNABY   ,70,54,Marek Syrzycki                                                                                                                                                                                                                                            ,LEC
1081,ENSC    ,320,BURNABY   ,100,78,Ljiljana Trajkovic                                                                                                                                                                                                                                        ,LEC
1151,ENSC    ,330,BURNABY   ,120,88,Bozena Kaminska                                                                                                                                                                                                                                           ,RQL
1091,REM     ,100,BURNABY   ,18,18,<null>,TUT
1127,ENSC    ,100,BURNABY   ,3,2,. Faculty                                                                                                                                                                                                                                                 ,TUT
1117,ENSC    ,100,BURNABY   ,2,2,. Faculty                                                                                                                                                                                                                                                 ,TUT
1147,ENSC    ,220,BURNABY   ,50,18,Ljiljana Trajkovic                                                                                                                                                                                                                                        ,LAB
1181,ENSC    ,387,BURNABY   ,75,40,Balbir Gill                                                                                                                                                                                                                                               ,TUT
1114,ENSC    ,429,BURNABY   ,35,32,Daniel Lee                                                                                                                                                                                                                                                ,TUT
1141,ENSC    ,815,BURNABY   ,40,13,Jie Liang                                                                                                                                                                                                                                                 ,LEC
1131,ENSC    ,810,BURNABY   ,30,8,Rodney Vaughan                                                                                                                                                                                                                                            ,LEC
1097,DDP     ,310,OFF       ,10,8,<null>,SEC
1087,ENSC    ,488,BURNABY   ,50,34,Shahram Payandeh                                                                                                                                                                                                                                          ,LEC
1127,ENSC    ,488,BURNABY   ,60,45,Kamal Gupta                                                                                                                                                                                                                                               ,TUT
1181,ENSC    ,396,OFF       ,10,0,Harriet Chicoine                                                                                                                                                                                                                                          ,SEC
1137,ENSC    ,383,BURNABY   ,85,70,Carlo Menon                                                                                                                                                                                                                                               ,LEC
1177,ENSC    ,380,BURNABY   ,180,169,Paul Ho                                                                                                                                                                                                                                                   ,LEC
1161,ENSC    ,350,BURNABY   ,45,26,Fabio Campi                                                                                                                                                                                                                                               ,RQL
1091,ENSC    ,320,BURNABY   ,100,86,John Bird                                                                                                                                                                                                                                                 ,LEC
1111,ENSC    ,832,BURNABY   ,10,9,Daniel Lee                                                                                                                                                                                                                                                ,SEM
1121,ENSC    ,225,BURNABY   ,90,65,". Sessional, Reza Sabzehgar                                                                                                                                                                                                                               ",LEC
1161,ENSC    ,426,BURNABY   ,34,8,Lakshman One                                                                                                                                                                                                                                              ,TUT
1144,ENSC    ,395,OFF       ,10,15,Harriet Chicoine                                                                                                                                                                                                                                          ,SEC
1141,ENSC    ,425,BURNABY   ,47,43,Lakshman One                                                                                                                                                                                                                                              ,TUT
1117,MACM    ,101,HRBRCNTR  ,48,44,Steven Pearce                                                                                                                                                                                                                                             ,LEC
1124,MACM    ,101,BURNABY   ,150,137,Steven Pearce                                                                                                                                                                                                                                             ,LEC
1147,MACM    ,101,BURNABY   ,192,190,Andrei Bulatov                                                                                                                                                                                                                                            ,LEC
1117,MACM    ,101,BURNABY   ,24,24,Andrei Bulatov                                                                                                                                                                                                                                            ,TUT
1087,MATH    ,437,BURNABY   ,20,0,Faye Stefan                                                                                                                                                                                                                                               ,SEC
1104,MATH    ,437,BURNABY   ,20,0,Faye Stefan                                                                                                                                                                                                                                               ,SEC
1134,MACM    ,101,BURNABY   ,144,130,Steven Pearce                                                                                                                                                                                                                                             ,LEC
1171,MACM    ,101,BURNABY   ,25,25,Ramesh Krishnamurti                                                                                                                                                                                                                                       ,TUT
1117,MACM    ,101,SURREY    ,24,24,Binay Bhattacharya                                                                                                                                                                                                                                        ,TUT
1164,MACM    ,101,BURNABY   ,24,14,Bradley Bart                                                                                                                                                                                                                                              ,TUT
1087,ENSC    ,424,BURNABY   ,60,43,Ivan Bajic                                                                                                                                                                                                                                                ,LEC
1181,ENSC    ,428,BURNABY   ,50,9,Ivan Bajic                                                                                                                                                                                                                                                ,RQL
1137,ENSC    ,488,BURNABY   ,60,52,Shahram Payandeh                                                                                                                                                                                                                                          ,TUT
1147,ENSC    ,396,BURNABY   ,25,1,Harriet Chicoine                                                                                                                                                                                                                                          ,SEC
1101,ENSC    ,897,BURNABY   ,45,1,. Faculty                                                                                                                                                                                                                                                 ,SEC
1087,ENSC    ,892,BURNABY   ,15,2,. Faculty                                                                                                                                                                                                                                                 ,SEC
1131,ENSC    ,898,OFF       ,50,2,<null>,SEC
1104,ENSC    ,429,BURNABY   ,28,28,Daniel Lee                                                                                                                                                                                                                                                ,LEC
1121,ENSC    ,230,BURNABY   ,30,30,Shahram Payandeh                                                                                                                                                                                                                                          ,TUT
1121,ENSC    ,305,SURREY    ,45,38,Maureen Hindy                                                                                                                                                                                                                                             ,LEC
1151,ENSC    ,230,BURNABY   ,60,65,Shahram Payandeh                                                                                                                                                                                                                                          ,RQL
1167,ENSC    ,264,BURNABY   ,2,2,Lakshman One                                                                                                                                                                                                                                              ,LAB
1157,ENSC    ,220,BURNABY   ,50,54,Meenakshinathan Parameswaran                                                                                                                                                                                                                              ,LAB
1157,ENSC    ,220,BURNABY   ,50,0,Meenakshinathan Parameswaran                                                                                                                                                                                                                              ,LAB
1117,ENSC    ,387,SURREY    ,90,68,Edward Park                                                                                                                                                                                                                                               ,LEC
1134,ENSC    ,320,BURNABY   ,50,32,<null>,RQL
1137,ENSC    ,395,BURNABY   ,25,23,Harriet Chicoine                                                                                                                                                                                                                                          ,SEC
1167,ENSC    ,489,BURNABY   ,75,74,Kambiz Haji Hajikolaei                                                                                                                                                                                                                                    ,RQL
1127,ENSC    ,489,BURNABY   ,80,60,. Faculty                                                                                                                                                                                                                                                 ,RQL
1091,ENSC    ,400,BURNABY   ,5,4,. Faculty                                                                                                                                                                                                                                                 ,SEC
1081,ENSC    ,891,BURNABY   ,30,9,. Faculty                                                                                                                                                                                                                                                 ,SEC
1081,ENSC    ,852,BURNABY   ,20,7,Marek Syrzycki                                                                                                                                                                                                                                            ,LEC
1161,ENSC    ,327,BURNABY   ,110,102,Atousa Hajshirmohammadi                                                                                                                                                                                                                                   ,RQL
1151,ENSC    ,483,BURNABY   ,75,77,Mehran Shirazi                                                                                                                                                                                                                                            ,RQL
1147,ENSC    ,489,BURNABY   ,85,90,Michael Henrey                                                                                                                                                                                                                                            ,LEC
1087,ENSC    ,898,BURNABY   ,75,45,. Faculty                                                                                                                                                                                                                                                 ,SEC
1111,ENSC    ,499,BURNABY   ,10,7,. Faculty                                                                                                                                                                                                                                                 ,SEC
1161,MATH    ,232,SURREY    ,60,0,<null>,OPL
1091,KIN     ,142,BURNABY   ,190,181,Robert Asmundson                                                                                                                                                                                                                                          ,LEC
1084,KIN     ,110,HRBRCNTR  ,36,35,Ryan Dill                                                                                                                                                                                                                                                 ,LEC
1087,KIN     ,402,HRBRCNTR  ,30,28,Andrew Laing                                                                                                                                                                                                                                              ,LEC
1144,MACM    ,101,BURNABY   ,75,64,Anthony Dixon                                                                                                                                                                                                                                             ,SEC
1111,MATH    ,157,SURREY    ,100,73,Natalia Kouzniak                                                                                                                                                                                                                                          ,LEC
1091,MACM    ,101,BURNABY   ,33,31,Andrei Bulatov                                                                                                                                                                                                                                            ,TUT
1134,MACM    ,101,BURNABY   ,24,22,Steven Pearce                                                                                                                                                                                                                                             ,TUT
1171,MACM    ,101,BURNABY   ,25,25,Bobby Chan                                                                                                                                                                                                                                                ,TUT
1161,MACM    ,101,BURNABY   ,25,25,Bradley Bart                                                                                                                                                                                                                                              ,TUT
1131,MATH    ,100,SURREY    ,90,0,Mary Catherine Kropinski                                                                                                                                                                                                                                  ,OPL
1121,MATH    ,436,OFF       ,20,1,Stuart Billings                                                                                                                                                                                                                                           ,SEC
1167,MATH    ,890,BURNABY   ,20,3,Stuart Billings                                                                                                                                                                                                                                           ,SEC
1151,MATH    ,890,OFF       ,3,0,Stuart Billings                                                                                                                                                                                                                                           ,SEC
1131,MATH    ,491,BURNABY   ,1,1,JF Williams                                                                                                                                                                                                                                               ,SEC
1141,MATH    ,437,OFF       ,20,0,Stuart Billings                                                                                                                                                                                                                                           ,SEC
1081,ENSC    ,304,BURNABY   ,120,0,. Sessional                                                                                                                                                                                                                                               ,LEC
1087,KIN     ,110,BURNABY   ,120,114,". Sessional, Penelope Deck                                                                                                                                                                                                                                ",SEC
1091,KIN     ,140,SURREY    ,54,55,Michael Walsh                                                                                                                                                                                                                                             ,LEC
1081,KIN     ,380,BURNABY   ,30,18,Anthony Leyland                                                                                                                                                                                                                                           ,LEC
1087,KIN     ,375,HRBRCNTR  ,50,37,Richard Ward                                                                                                                                                                                                                                              ,LEC
1094,KIN     ,312,BURNABY   ,55,51,". Sessional, Susan Crawford                                                                                                                                                                                                                               ",SEC
1081,KIN     ,840,BURNABY   ,20,4,Stephen Robinovitch                                                                                                                                                                                                                                       ,SEC
1117,MACM    ,316,BURNABY   ,192,128,Robert Russell                                                                                                                                                                                                                                            ,LEC
1131,MACM    ,201,BURNABY   ,229,135,Ladislav Stacho                                                                                                                                                                                                                                           ,LEC
1121,MACM    ,201,SURREY    ,60,47,Ararat Harutyunyan                                                                                                                                                                                                                                        ,LEC
1157,ENSC    ,852,BURNABY   ,30,8,Marek Syrzycki                                                                                                                                                                                                                                            ,LEC
1161,ENSC    ,851,BURNABY   ,5,5,Glenn Chapman                                                                                                                                                                                                                                             ,LAB
1181,ENSC    ,851,BURNABY   ,8,7,Michael Adachi                                                                                                                                                                                                                                            ,LAB
1134,MATH    ,895,BURNABY   ,6,4,Michael Monagan                                                                                                                                                                                                                                           ,SEC
1081,KIN     ,140,BURNABY   ,126,125,Michael Walsh                                                                                                                                                                                                                                             ,LEC
1094,KIN     ,110,HRBRCNTR  ,36,35,Miriam Clegg                                                                                                                                                                                                                                              ,LEC
1094,KIN     ,241,BURNABY   ,32,36,Donald Hedges                                                                                                                                                                                                                                             ,LEC
1084,KIN     ,383,BURNABY   ,18,11,Christine MacKenzie                                                                                                                                                                                                                                       ,LEC
1097,MATH    ,310,BURNABY   ,192,153,Veselin Jungic                                                                                                                                                                                                                                            ,LEC
1171,MATH    ,309,SURREY    ,32,20,Zhaosong Lu                                                                                                                                                                                                                                               ,LEC
1087,MATH    ,157,BURNABY   ,300,236,Harun Kurkcu                                                                                                                                                                                                                                              ,LEC
1181,MATH    ,155,SURREY    ,150,109,Natalia Kouzniak                                                                                                                                                                                                                                          ,LEC
1161,MATH    ,895,BURNABY   ,6,3,Tom Archibald                                                                                                                                                                                                                                             ,SEC
1081,MATH    ,895,BURNABY   ,5,1,Peter Borwein                                                                                                                                                                                                                                             ,SEC
1127,MATH    ,157,SURREY    ,160,116,Ping Ding                                                                                                                                                                                                                                                 ,LEC
1081,MATH    ,155,BURNABY   ,400,307,Petr Lisonek                                                                                                                                                                                                                                              ,LEC
1091,MATH    ,155,BURNABY   ,440,323,Luis Goddyn                                                                                                                                                                                                                                               ,LEC
1151,MATH    ,152,SURREY    ,150,95,Colin Weir                                                                                                                                                                                                                                                ,LEC
1147,MACM    ,316,BURNABY   ,216,176,David Muraki                                                                                                                                                                                                                                              ,LEC
1131,MACM    ,316,BURNABY   ,222,187,Emily Walsh                                                                                                                                                                                                                                               ,LEC
1087,MATH    ,251,SURREY    ,72,46,Marina Jassar                                                                                                                                                                                                                                             ,LEC
1161,MATH    ,190,BURNABY   ,48,33,Karen Yeats                                                                                                                                                                                                                                               ,LEC
1137,MATH    ,157,BURNABY   ,504,473,Stephen Choi                                                                                                                                                                                                                                              ,LEC
1097,MATH    ,425,BURNABY   ,25,15,Stephen Choi                                                                                                                                                                                                                                              ,LEC
1081,ENSC    ,483,BURNABY   ,42,0,<null>,OPL
1084,MATH    ,436,BURNABY   ,20,0,Faye Stefan                                                                                                                                                                                                                                               ,SEC
1087,MATH    ,890,OFF       ,10,0,Faye Stefan                                                                                                                                                                                                                                               ,SEC
1167,MATH    ,251,BURNABY   ,254,206,Weiran Sun                                                                                                                                                                                                                                                ,LEC
1124,MATH    ,891,BURNABY   ,6,1,Stuart Billings                                                                                                                                                                                                                                           ,SEC
1147,MATH    ,891,OFF       ,20,0,Stuart Billings                                                                                                                                                                                                                                           ,SEC
1141,MATH    ,820,BURNABY   ,25,2,Cedric Chauve                                                                                                                                                                                                                                             ,LEC
1144,MSE     ,894,SURREY    ,10,5,<null>,LAB
1111,MATH    ,190,BURNABY   ,35,35,Justin Gray                                                                                                                                                                                                                                               ,SEC
1144,MATH    ,190,BURNABY   ,42,37,Petra Menz                                                                                                                                                                                                                                                ,SEC
1151,MATH    ,252,BURNABY   ,72,58,Weiran Sun                                                                                                                                                                                                                                                ,LEC
1127,MATH    ,157,BURNABY   ,504,448,Petra Menz                                                                                                                                                                                                                                                ,LEC
1147,MATH    ,424,BURNABY   ,25,2,Mary Catherine Kropinski                                                                                                                                                                                                                                  ,LEC
1161,MATH    ,891,OFF       ,6,0,Stuart Billings                                                                                                                                                                                                                                           ,SEC
1181,MATH    ,891,OFF       ,6,0,Stuart Billings                                                                                                                                                                                                                                           ,SEC
1087,MATH    ,890,BURNABY   ,10,0,Faye Stefan                                                                                                                                                                                                                                               ,SEC
1081,MATH    ,486,BURNABY   ,20,0,Faye Stefan                                                                                                                                                                                                                                               ,SEC
1137,MATH    ,894,BURNABY   ,6,0,. Faculty                                                                                                                                                                                                                                                 ,SEC
1144,MATH    ,336,BURNABY   ,20,4,Stuart Billings                                                                                                                                                                                                                                           ,SEC
1134,MATH    ,891,OFF       ,20,0,Stuart Billings                                                                                                                                                                                                                                           ,SEC
1111,MATH    ,894,BURNABY   ,6,0,. Faculty                                                                                                                                                                                                                                                 ,SEC
1111,MATH    ,892,BURNABY   ,6,0,Faye Stefan                                                                                                                                                                                                                                               ,SEC
1154,MATH    ,892,BURNABY   ,20,0,Stuart Billings                                                                                                                                                                                                                                           ,SEC
1111,ENSC    ,280,SURREY    ,37,36,<null>,LAB
1101,MATH    ,303,BURNABY   ,0,0,<null>,TUT
1107,ENSC    ,382,SURREY    ,66,44,<null>,TUT
1087,ENSC    ,215,BURNABY   ,22,20,<null>,TUT
1081,ENSC    ,182,SURREY    ,36,35,<null>,LAB
1157,MATH    ,340,BURNABY   ,36,27,<null>,TUT
1097,ENSC    ,329,SURREY    ,30,19,<null>,LAB
1087,ENSC    ,100W      ,BURNABY   ,7,6,<null>,RQL
1097,ENSC    ,100W      ,BURNABY   ,7,7,<null>,RQL
1081,MATH    ,380W      ,BURNABY   ,20,18,<null>,TUT
1094,ENSC    ,224,BURNABY   ,33,28,<null>,LAB
1094,ENSC    ,224,BURNABY   ,33,32,<null>,LAB
1171,ENSC    ,893,BURNABY   ,50,0,<null>,LEC
1101,ENSC    ,372,BURNABY   ,0,0,<null>,LEC
1084,CMNS    ,323,HRBRCNTR  ,14,14,<null>,TUT
1111,ENSC    ,283,SURREY    ,25,0,<null>,LAB
1167,MATH    ,437,OFF       ,20,0,Stuart Billings                                                                                                                                                                                                                                           ,SEC
1084,CMPT    ,225,BURNABY   ,25,20,<null>,LAB
1174,MSE     ,312,SURREY    ,120,0,<null>,TUT
1131,CHIN    ,281,BURNABY   ,15,0,<null>,TUT
1141,CMPT    ,105W      ,SURREY    ,27,0,<null>,TUT
1124,ENSC    ,442W      ,SURREY    ,16,0,<null>,LAB
1111,CMPT    ,120,SURREY    ,25,23,<null>,LAB
1124,ENSC    ,895,SURREY    ,8,0,<null>,LEC
1167,MSE     ,221,SURREY    ,0,0,<null>,LAB
1087,CMNS    ,220,HRBRCNTR  ,18,19,<null>,TUT
1164,MSE     ,495,SURREY    ,5,0,<null>,LAB
1094,CMNS    ,362,HRBRCNTR  ,18,18,<null>,TUT
1091,CMNS    ,456,BURNABY   ,18,15,<null>,TUT
1111,MACM    ,203,BURNABY   ,18,0,<null>,LAB
1124,ENSC    ,311,SURREY    ,40,39,<null>,TUT
1114,ENSC    ,893,SURREY    ,15,0,<null>,TUT
1117,MATH    ,370W      ,BURNABY   ,20,16,<null>,TUT
1094,ENSC    ,295,OFF       ,0,0,<null>,SEC
1137,ENSC    ,100,BURNABY   ,0,0,<null>,TUT
1097,ENSC    ,100,BURNABY   ,4,3,<null>,RQL
1087,ENSC    ,100,BURNABY   ,2,2,<null>,RQL
1087,ENSC    ,100,BURNABY   ,2,2,<null>,RQL
1114,ENSC    ,461,SURREY    ,20,12,<null>,LAB
1171,ENSC    ,891,OFF       ,15,0,<null>,SEC
1157,ENSC    ,100W      ,BURNABY   ,8,9,<null>,LAB
1177,CMPT    ,741,BURNABY   ,100,71,Ke Wang                                                                                                                                                                                                                                                   ,LEC
1141,MSE     ,893,SURREY    ,10,4,<null>,TUT
1171,MSE     ,497,SURREY    ,5,0,<null>,LAB
1161,MSE     ,497,SURREY    ,5,0,<null>,LAB
1167,MSE     ,892,SURREY    ,20,0,<null>,SEC
1174,ENSC    ,870,BURNABY   ,10,3,<null>,SEC
1124,ENSC    ,194,OFF       ,10,0,<null>,SEC
1167,MSE     ,899,OFF       ,10,2,<null>,SEC
1164,MSE     ,727,SURREY    ,4,6,<null>,RQL
1111,ENSC    ,106,SURREY    ,24,21,<null>,TUT
1127,MATH    ,303,BURNABY   ,36,28,<null>,TUT
1091,CMNS    ,323W      ,HRBRCNTR  ,15,17,<null>,TUT
1094,CMNS    ,323W      ,HRBRCNTR  ,15,16,<null>,TUT
1111,ENSC    ,182,SURREY    ,24,24,<null>,LAB
1097,ENSC    ,100,BURNABY   ,3,0,<null>,RQL
1081,KIN     ,809,BURNABY   ,5,0,<null>,SEC
1101,ENSC    ,226,SURREY    ,35,37,<null>,LAB
1087,REM     ,611,BURNABY   ,35,20,Sean Cox                                                                                                                                                                                                                                                  ,SEM
1104,MATH    ,254,BURNABY   ,32,32,<null>,TUT
1147,ENSC    ,100W      ,BURNABY   ,8,9,<null>,TUT
1147,ENSC    ,100W      ,BURNABY   ,8,8,<null>,TUT
1177,MATH    ,882,BURNABY   ,10,0,<null>,SEC
1087,CMPT    ,120,SURREY    ,32,32,<null>,LAB
1087,CMPT    ,120,SURREY    ,24,23,<null>,LAB
1174,MATH    ,342,BURNABY   ,32,0,<null>,TUT
1167,MATH    ,322,BURNABY   ,32,0,<null>,TUT
1157,ENSC    ,100W      ,BURNABY   ,8,8,<null>,LAB
1147,ENSC    ,100W      ,BURNABY   ,8,8,<null>,TUT
1081,IAT     ,410,SURREY    ,24,0,<null>,WKS
1101,MATH    ,892,BURNABY   ,6,0,Faye Stefan                                                                                                                                                                                                                                               ,SEC
1164,MSE     ,898,SURREY    ,50,33,<null>,SEC
1134,MSE     ,294,SURREY    ,0,13,<null>,SEC
1094,CMNS    ,323W      ,HRBRCNTR  ,15,14,<null>,TUT
1081,ENSC    ,182,SURREY    ,36,36,<null>,LAB
1081,CMNS    ,130W      ,BURNABY   ,16,15,<null>,TUT
1091,CMNS    ,130W      ,BURNABY   ,16,15,<null>,TUT
1094,WKTM    ,400,SURREY    ,50,9,"Frances McLafferty, Navinder Chima                                                                                                                                                                                                                        ",SEC
1091,WKTM    ,200,SURREY    ,50,8,"Frances McLafferty, Navinder Chima                                                                                                                                                                                                                        ",SEC
1141,MATH    ,495,BURNABY   ,30,0,<null>,LEC
1164,ENSC    ,896,BURNABY   ,10,0,<null>,SEC
1134,MSE     ,491,SURREY    ,25,0,<null>,LAB
1134,MATH    ,879,BURNABY   ,6,4,<null>,SEC
1147,MATH    ,879,BURNABY   ,6,1,<null>,SEC
1137,ENSC    ,100,BURNABY   ,0,0,<null>,TUT
1147,ENSC    ,400,BURNABY   ,5,1,<null>,SEC
1121,ENSC    ,380,SURREY    ,32,24,<null>,LAB
1097,ENSC    ,100,BURNABY   ,2,2,<null>,RQL
1097,ENSC    ,100,BURNABY   ,4,3,<null>,RQL
1101,ENSC    ,395,OFF       ,2,2,<null>,SEC
1131,ENSC    ,401,BURNABY   ,2,0,<null>,SEC
1147,ENSC    ,100W      ,BURNABY   ,8,8,<null>,TUT
1157,ENSC    ,100W      ,BURNABY   ,8,8,<null>,LAB
1147,ENSC    ,100W      ,BURNABY   ,8,8,<null>,TUT
1094,IAT     ,100,SURREY    ,24,24,Susan Clements-Vivian                                                                                                                                                                                                                                     ,STL
1094,IAT     ,100,SURREY    ,24,24,Susan Clements-Vivian                                                                                                                                                                                                                                     ,STL
1084,IAT     ,100,SURREY    ,24,24,Jack Stockholm III                                                                                                                                                                                                                                        ,STL
1177,CMPT    ,225,BURNABY   ,26,26,Golnar Sheikhshabbafghi                                                                                                                                                                                                                                   ,LAB
1161,CMPT    ,120,BURNABY   ,25,25,Anne Lavergne                                                                                                                                                                                                                                             ,LAB
1157,CMPT    ,120,BURNABY   ,26,25,Anne Lavergne                                                                                                                                                                                                                                             ,LAB
1157,CMPT    ,120,BURNABY   ,26,24,Anne Lavergne                                                                                                                                                                                                                                             ,LAB
1097,CMPT    ,125,BURNABY   ,26,26,Diana Cukierman                                                                                                                                                                                                                                           ,LAB
1101,CMPT    ,125,BURNABY   ,25,21,Louis Hafer                                                                                                                                                                                                                                               ,LAB
1104,CMPT    ,125,SURREY    ,19,17,Toby Donaldson                                                                                                                                                                                                                                            ,LAB
1104,CMPT    ,125,SURREY    ,5,4,Toby Donaldson                                                                                                                                                                                                                                            ,LAB
1091,CMPT    ,120,BURNABY   ,30,30,Bradley Bart                                                                                                                                                                                                                                              ,LAB
1171,CMPT    ,120,BURNABY   ,26,26,Anne Lavergne                                                                                                                                                                                                                                             ,LAB
1164,CMPT    ,120,BURNABY   ,26,21,Diana Cukierman                                                                                                                                                                                                                                           ,LAB
1081,CMPT    ,120,SURREY    ,96,52,John Edgar                                                                                                                                                                                                                                                ,LEC
1137,CMPT    ,705,BURNABY   ,50,34,Andrei Bulatov                                                                                                                                                                                                                                            ,LEC
1154,CMPT    ,705,BURNABY   ,40,17,Petra Berenbrink                                                                                                                                                                                                                                          ,LEC
1161,CMPT    ,886,BURNABY   ,45,34,Ryan Shea                                                                                                                                                                                                                                                 ,SEM
1171,CMPT    ,886,BURNABY   ,15,6,William Sumner                                                                                                                                                                                                                                            ,SEM
1121,CMPT    ,165,BURNABY   ,26,25,Bobby Chan                                                                                                                                                                                                                                                ,LAB
1111,ENSC    ,476,BURNABY   ,1,0,<null>,OPL
1171,MATH    ,819,BURNABY   ,5,0,<null>,TUT
1164,ENSC    ,896,OFF       ,10,1,<null>,SEC
1084,CMPT    ,880,BURNABY   ,20,0,<null>,LEC
1121,CMPT    ,880,BURNABY   ,20,0,<null>,LEC
1121,CMPT    ,128,SURREY    ,0,0,<null>,LAB
1107,CMPT    ,128,SURREY    ,0,0,<null>,LAB
1107,CMPT    ,128,BURNABY   ,0,0,<null>,LEC
1167,CMPT    ,225,BURNABY   ,26,25,David Mitchell                                                                                                                                                                                                                                            ,LAB
1147,ENSC    ,100W      ,BURNABY   ,8,9,<null>,TUT
1177,CMPT    ,225,SURREY    ,24,24,John Edgar                                                                                                                                                                                                                                                ,LAB
1157,CMPT    ,120,BURNABY   ,26,25,Anne Lavergne                                                                                                                                                                                                                                             ,LAB
1084,CMNS    ,804,BURNABY   ,15,6,Robert Hackett                                                                                                                                                                                                                                            ,SEM
1087,CMNS    ,899,BURNABY   ,40,22,. Faculty                                                                                                                                                                                                                                                 ,SEC
1111,CMPT    ,110,BURNABY   ,40,36,Richard Frank                                                                                                                                                                                                                                             ,LEC
1134,CMPT    ,165,SURREY    ,26,24,Harinder Khangura                                                                                                                                                                                                                                         ,LAB
1094,CMNS    ,473,HRBRCNTR  ,15,15,<null>,LAB
1124,ENSC    ,311,SURREY    ,40,39,<null>,TUT
1171,MATH    ,381W      ,BURNABY   ,13,12,<null>,TUT
1171,MATH    ,381W      ,BURNABY   ,29,27,<null>,TUT
1097,ENSC    ,388,SURREY    ,72,48,<null>,TUT
1094,CMNS    ,253W      ,BURNABY   ,16,15,<null>,LAB
1121,ENSC    ,283,SURREY    ,48,47,<null>,LAB
1121,MATH    ,380W      ,BURNABY   ,28,28,<null>,TUT
1101,CMPT    ,880,BURNABY   ,12,10,Mark Drew                                                                                                                                                                                                                                                 ,LEC
1107,ENSC    ,894,BURNABY   ,13,10,Lesley Shannon                                                                                                                                                                                                                                            ,LEC
1131,ENSC    ,894,BURNABY   ,0,0,Ljiljana Trajkovic                                                                                                                                                                                                                                        ,LEC
1121,ENSC    ,894,BURNABY   ,6,5,Ljiljana Trajkovic                                                                                                                                                                                                                                        ,LEC
1121,ENSC    ,894,SURREY    ,10,0,Mehrdad Moallem                                                                                                                                                                                                                                           ,LEC
1131,ENSC    ,894,SURREY    ,10,8,Mehrdad Moallem                                                                                                                                                                                                                                           ,LEC
1121,ENSC    ,894,SURREY    ,10,10,Mehrdad Moallem                                                                                                                                                                                                                                           ,LEC
1167,CMPT    ,225,BURNABY   ,26,26,David Mitchell                                                                                                                                                                                                                                            ,LAB
1081,CMNS    ,110,BURNABY   ,360,349,Stuart Poyntz                                                                                                                                                                                                                                             ,LEC
1081,CMNS    ,375,HRBRCNTR  ,64,67,Robert Mercer                                                                                                                                                                                                                                             ,LEC
1084,CMNS    ,453,HRBRCNTR  ,16,6,Linda Harasim                                                                                                                                                                                                                                             ,SEM
1124,CMPT    ,165,BURNABY   ,26,26,Colin Stewart                                                                                                                                                                                                                                             ,LAB
1117,CMPT    ,165,SURREY    ,26,24,Tamara Smyth                                                                                                                                                                                                                                              ,LAB
1151,CMPT    ,340,BURNABY   ,54,46,Ghassan Hamarneh                                                                                                                                                                                                                                          ,LEC
1101,CMPT    ,250,BURNABY   ,26,25,Anthony Dixon                                                                                                                                                                                                                                             ,LAB
1087,CMPT    ,250,BURNABY   ,28,27,Anthony Dixon                                                                                                                                                                                                                                             ,LAB
1144,CMPT    ,165,BURNABY   ,75,74,". Faculty, Gregory Baker                                                                                                                                                                                                                                  ",SEC
1091,CMPT    ,165,BURNABY   ,25,25,Colin Stewart                                                                                                                                                                                                                                             ,LAB
1081,CMPT    ,165,SURREY    ,96,39,Bobby Chan                                                                                                                                                                                                                                                ,LEC
1161,CMPT    ,307,BURNABY   ,85,84,Pavol Hell                                                                                                                                                                                                                                                ,LEC
1087,CMPT    ,250,BURNABY   ,28,26,Anthony Dixon                                                                                                                                                                                                                                             ,LAB
1107,CMPT    ,427,SURREY    ,2,2,"Frances McLafferty, Navinder Chima                                                                                                                                                                                                                        ",SEC
1107,ENSC    ,194,OFF       ,5,0,<null>,SEC
1121,CMPT    ,427,OFF       ,5,0,Frances McLafferty                                                                                                                                                                                                                                        ,SEC
1131,CMPT    ,427,OFF       ,15,1,Harriet Chicoine                                                                                                                                                                                                                                          ,SEC
1124,ENSC    ,296,OFF       ,10,1,<null>,SEC
1164,CMPT    ,427,OFF       ,15,0,Harriet Chicoine                                                                                                                                                                                                                                          ,SEC
1174,CMPT    ,427,OFF       ,5,1,Harriet Chicoine                                                                                                                                                                                                                                          ,SEC
1117,ENSC    ,488,BURNABY   ,60,60,<null>,RQL
1127,CMPT    ,415,BURNABY   ,7,7,"Alexandra Fedorova, Arthur Kirkpatrick                                                                                                                                                                                                                    ",SEC
1124,CMPT    ,110,BURNABY   ,75,54,Anthony Dixon                                                                                                                                                                                                                                             ,SEC
1124,CMPT    ,165,SURREY    ,100,94,Brian Fraser                                                                                                                                                                                                                                              ,LEC
1097,CMPT    ,XX1       ,KAM       ,6,0,Ping Ding                                                                                                                                                                                                                                                 ,SEC
1101,CMPT    ,415,BURNABY   ,12,12,"Alexandra Fedorova, Arthur Kirkpatrick, Ghassan Hamarneh, Gregory Baker, Richard Vaughan                                                                                                                                                                  ",SEC
1121,ENSC    ,899,OFF       ,20,1,<null>,SEC
1131,ENSC    ,899,SURREY    ,50,43,<null>,SEC
1087,CMPT    ,471,BURNABY   ,40,34,Qianping Gu                                                                                                                                                                                                                                               ,LEC
1174,ENSC    ,899,BURNABY   ,120,53,<null>,SEC
1101,CMPT    ,471,HRBRCNTR  ,30,23,Janice Regan                                                                                                                                                                                                                                              ,LEC
1101,ENSC    ,320,BURNABY   ,1,0,<null>,OPL
1084,CMPT    ,470,HRBRCNTR  ,56,44,Gregory Baker                                                                                                                                                                                                                                             ,LEC
1134,CMPT    ,430,OFF       ,5,1,Harriet Chicoine                                                                                                                                                                                                                                          ,SEC
1081,ENSC    ,406,BURNABY   ,15,0,<null>,TUT
1081,ENSC    ,406,BURNABY   ,15,15,<null>,TUT
1167,CMPT    ,899,BURNABY   ,100,95,. Faculty                                                                                                                                                                                                                                                 ,SEC
1127,CMPT    ,165,BURNABY   ,60,57,Gregory Baker                                                                                                                                                                                                                                             ,SEC
1131,CMPT    ,165,BURNABY   ,26,26,Anne Lavergne                                                                                                                                                                                                                                             ,LAB
1124,CMPT    ,165,SURREY    ,25,22,Brian Fraser                                                                                                                                                                                                                                              ,LAB
1157,CMPT    ,419,BURNABY   ,60,46,Gregory Mori                                                                                                                                                                                                                                              ,LEC
1117,CMPT    ,354,BURNABY   ,70,70,James Delgrande                                                                                                                                                                                                                                           ,LEC
1131,CMPT    ,354,BURNABY   ,75,73,Oliver Schulte                                                                                                                                                                                                                                            ,LEC
1121,ENSC    ,194,SURREY    ,0,0,<null>,SEC
1081,MATH    ,308,SURREY    ,30,26,<null>,TUT
1141,ENSC    ,295,OFF       ,10,13,Harriet Chicoine                                                                                                                                                                                                                                          ,SEC
1167,ENSC    ,295,OFF       ,25,6,Harriet Chicoine                                                                                                                                                                                                                                          ,SEC
1111,ENSC    ,304,BURNABY   ,135,132,Parvaneh Saeedi                                                                                                                                                                                                                                           ,LEC
1114,ENSC    ,225,BURNABY   ,56,56,". Faculty, Meenakshinathan Parameswaran                                                                                                                                                                                                                   ",LEC
1084,CMPT    ,165,BURNABY   ,30,24,Steven Pearce                                                                                                                                                                                                                                             ,LAB
1107,CMPT    ,165,BURNABY   ,26,25,Anne Lavergne                                                                                                                                                                                                                                             ,LAB
1121,CMPT    ,165,BURNABY   ,26,26,Bobby Chan                                                                                                                                                                                                                                                ,LAB
1117,CMPT    ,165,BURNABY   ,26,26,Anne Lavergne                                                                                                                                                                                                                                             ,LAB
1131,CMPT    ,417,BURNABY   ,41,36,David Mitchell                                                                                                                                                                                                                                            ,LEC
1107,CMPT    ,427,OFF       ,5,5,Harriet Chicoine                                                                                                                                                                                                                                          ,SEC
1107,CMPT    ,354,SURREY    ,48,46,John Edgar                                                                                                                                                                                                                                                ,LEC
1164,CMPT    ,354,BURNABY   ,2,2,Oliver Schulte                                                                                                                                                                                                                                            ,LEC
1124,ENSC    ,195,BURNABY   ,25,23,<null>,SEC
1087,KIN     ,303,HRBRCNTR  ,18,18,<null>,LAB
1091,KIN     ,3XX       ,BURNABY   ,30,1,<null>,LEC
1124,MATH    ,157,BURNABY   ,60,0,<null>,OPL
1157,MATH    ,895,BURNABY   ,6,0,<null>,SEC
1121,MATH    ,309,BURNABY   ,32,19,<null>,TUT
1081,CMPT    ,413,BURNABY   ,30,27,Anoop Sarkar                                                                                                                                                                                                                                              ,LEC
1091,ENSC    ,263,SURREY    ,24,24,<null>,LAB
1091,ENSC    ,396,SURREY    ,10,0,<null>,SEC
1147,CMPT    ,430,METRO     ,5,2,Harriet Chicoine                                                                                                                                                                                                                                          ,SEC
1171,CMPT    ,430,METRO     ,20,0,Harriet Chicoine                                                                                                                                                                                                                                          ,SEC
1147,CMPT    ,430,METRO     ,5,1,Harriet Chicoine                                                                                                                                                                                                                                          ,SEC
1177,ENSC    ,892,OFF       ,10,0,<null>,SEC
1181,CMPT    ,430,METRO     ,5,3,Harriet Chicoine                                                                                                                                                                                                                                          ,SEC
1114,CMPT    ,899,BURNABY   ,100,86,. Faculty                                                                                                                                                                                                                                                 ,SEC
1091,ENSC    ,195,BURNABY   ,50,29,<null>,SEC
1117,ENSC    ,194,OFF       ,10,0,<null>,SEC
1121,ENSC    ,194,OFF       ,0,0,<null>,SEC
1081,KIN     ,110,BURNABY   ,18,14,<null>,TUT
1091,KIN     ,110,BURNABY   ,18,18,<null>,TUT
1124,ENSC    ,383,BURNABY   ,50,50,<null>,RQL
1087,KIN     ,110,BURNABY   ,18,18,<null>,TUT
1081,KIN     ,207,BURNABY   ,17,17,<null>,TUT
1081,KIN     ,142,BURNABY   ,19,18,<null>,LAB
1177,CMPT    ,899,OFF       ,10,2,. Faculty                                                                                                                                                                                                                                                 ,SEC
1087,CMNS    ,428,BURNABY   ,25,11,<null>,LAB
1081,KIN     ,207,BURNABY   ,17,17,<null>,TUT
1091,KIN     ,207,BURNABY   ,18,19,<null>,TUT
1081,KIN     ,142,SURREY    ,15,15,<null>,LAB
1087,CMNS    ,240,BURNABY   ,17,14,<null>,TUT
1091,KIN     ,343,BURNABY   ,18,18,<null>,LAB
1084,KIN     ,142,BURNABY   ,18,17,<null>,LAB
1094,KIN     ,142,BURNABY   ,18,17,<null>,LAB
1127,MATH    ,100,BURNABY   ,60,0,<null>,OPL
1141,MATH    ,158,BURNABY   ,60,0,<null>,OPL
1091,CMNS    ,324,BURNABY   ,16,18,<null>,TUT
1164,MATH    ,342,BURNABY   ,40,34,<null>,TUT
1174,MATH    ,342,BURNABY   ,32,0,<null>,TUT
1144,MATH    ,877,BURNABY   ,5,0,<null>,SEC
1141,MATH    ,150,SURREY    ,60,0,<null>,OPL
1154,MATH    ,880,BURNABY   ,3,0,<null>,SEC
1107,ENSC    ,100,BURNABY   ,4,3,Michael Sjoerdsma                                                                                                                                                                                                                                         ,TUT
1127,ENSC    ,100,BURNABY   ,4,3,. Faculty                                                                                                                                                                                                                                                 ,TUT
1127,ENSC    ,100,BURNABY   ,3,1,. Faculty                                                                                                                                                                                                                                                 ,TUT
1084,ENSC    ,220,BURNABY   ,80,48,Atousa Hajshirmohammadi                                                                                                                                                                                                                                   ,LEC
1141,ENSC    ,295,BURNABY   ,25,32,Harriet Chicoine                                                                                                                                                                                                                                          ,SEC
1177,ENSC    ,295,METRO     ,30,36,Harriet Chicoine                                                                                                                                                                                                                                          ,SEC
1094,ENSC    ,220,BURNABY   ,50,51,Atousa Hajshirmohammadi                                                                                                                                                                                                                                   ,LEC
1127,ENSC    ,220,BURNABY   ,33,34,. TBD                                                                                                                                                                                                                                                     ,LAB
1124,ENSC    ,220,BURNABY   ,85,80,John Bird                                                                                                                                                                                                                                                 ,TUT
1164,ENSC    ,196,OFF       ,10,3,Harriet Chicoine                                                                                                                                                                                                                                          ,SEC
1127,ENSC    ,220,SURREY    ,33,33,". TBD, Ahmad Rad                                                                                                                                                                                                                                          ",LAB
1167,ENSC    ,481,BURNABY   ,15,13,Andrew Rawicz                                                                                                                                                                                                                                             ,RQL
1137,ENSC    ,325,BURNABY   ,84,79,Homa Eghbali                                                                                                                                                                                                                                              ,LEC
1081,KIN     ,143,BURNABY   ,40,40,<null>,LAB
1091,KIN     ,143,BURNABY   ,40,42,<null>,LAB
1084,CMNS    ,230,BURNABY   ,18,14,<null>,TUT
1081,CMNS    ,226,BURNABY   ,20,17,<null>,OPL
1094,KIN     ,142,BURNABY   ,18,17,<null>,LAB
1081,CMNS    ,362,BURNABY   ,18,20,<null>,TUT
1081,KIN     ,3XX       ,BURNABY   ,10,1,<null>,LEC
1087,CMNS    ,353,HRBRCNTR  ,18,18,<null>,TUT
1087,CMNS    ,353,HRBRCNTR  ,18,9,<null>,TUT
1091,CMNS    ,324,BURNABY   ,18,20,<null>,TUT
1131,MATH    ,897,BURNABY   ,6,0,<null>,SEC
1177,MATH    ,322,BURNABY   ,32,27,<null>,TUT
1127,ENSC    ,400,SURREY    ,5,1,John Jones                                                                                                                                                                                                                                                ,SEC
1157,ENSC    ,387,BURNABY   ,60,39,Yaser Mohammadian Roshan                                                                                                                                                                                                                                  ,RQL
1157,ENSC    ,395,BURNABY   ,25,33,Harriet Chicoine                                                                                                                                                                                                                                          ,SEC
1147,ENSC    ,395,OFF       ,25,3,Harriet Chicoine                                                                                                                                                                                                                                          ,SEC
1161,ENSC    ,395,OFF       ,10,6,Harriet Chicoine                                                                                                                                                                                                                                          ,SEC
1121,ENSC    ,425,BURNABY   ,40,38,Lakshman One                                                                                                                                                                                                                                              ,TUT
1154,ENSC    ,325,BURNABY   ,90,47,Fabio Campi                                                                                                                                                                                                                                               ,LEC
1091,ENSC    ,853,BURNABY   ,30,9,Marek Syrzycki                                                                                                                                                                                                                                            ,LEC
1141,ENSC    ,483,BURNABY   ,60,60,Mehran Shirazi                                                                                                                                                                                                                                            ,TUT
1151,ENSC    ,483,BURNABY   ,75,77,Mehran Shirazi                                                                                                                                                                                                                                            ,TUT
1131,ENSC    ,425,BURNABY   ,36,42,Lakshman One                                                                                                                                                                                                                                              ,LEC
1151,ENSC    ,425,BURNABY   ,36,25,Lakshman One                                                                                                                                                                                                                                              ,RQL
1137,ENSC    ,424,BURNABY   ,85,0,Jie Liang                                                                                                                                                                                                                                                 ,OPL
1097,ENSC    ,100,BURNABY   ,2,1,<null>,RQL
1087,ENSC    ,100,BURNABY   ,3,2,<null>,RQL
1094,KIN     ,343,BURNABY   ,18,18,<null>,LAB
1087,KIN     ,110,BURNABY   ,18,18,<null>,TUT
1081,KIN     ,142,BURNABY   ,19,19,<null>,LAB
1094,KIN     ,140,BURNABY   ,51,51,Peter Ruben                                                                                                                                                                                                                                               ,LEC
1094,MATH    ,895,BURNABY   ,5,0,<null>,SEC
1174,MATH    ,895,BURNABY   ,5,0,<null>,SEC
1161,ENSC    ,327,BURNABY   ,110,102,Atousa Hajshirmohammadi                                                                                                                                                                                                                                   ,TUT
1087,REM     ,100,SURREY    ,18,17,<null>,TUT
1111,ENSC    ,891,BURNABY   ,15,16,. Faculty                                                                                                                                                                                                                                                 ,SEC
1121,ENSC    ,890,BURNABY   ,30,8,Shahram Payandeh                                                                                                                                                                                                                                          ,LEC
1081,KIN     ,142,BURNABY   ,19,19,<null>,LAB
1081,KIN     ,142,SURREY    ,15,14,<null>,LAB
1084,KIN     ,142,SURREY    ,12,7,<null>,LAB
1154,MATH    ,1XX       ,BURNABY   ,1,1,<null>,LEC
1087,KIN     ,899,BURNABY   ,30,9,<null>,SEC
1167,MSE     ,221,SURREY    ,0,0,<null>,LAB
1091,MATH    ,152,BURNABY   ,60,0,<null>,OPL
1181,MATH    ,100,SURREY    ,90,0,<null>,OPL
1164,MATH    ,342,BURNABY   ,40,32,<null>,TUT
1081,KIN     ,407,BURNABY   ,13,14,Robert Asmundson                                                                                                                                                                                                                                          ,LAB
1177,MSE     ,899,OFF       ,10,1,<null>,SEC
1127,MATH    ,892,OFF       ,20,0,<null>,SEC
1091,KIN     ,865,BURNABY   ,15,6,Parveen Bawa                                                                                                                                                                                                                                              ,SEC
1147,MATH    ,157,SURREY    ,150,127,Abraham Punnen                                                                                                                                                                                                                                            ,LEC
1094,MATH    ,308,BURNABY   ,32,23,<null>,TUT
1181,MATH    ,895,BURNABY   ,10,0,<null>,SEC
1124,MATH    ,342,BURNABY   ,36,38,<null>,TUT
1157,MATH    ,895,BURNABY   ,5,0,<null>,SEC
1107,MATH    ,208W      ,SURREY    ,24,0,<null>,LEC
1117,CMPT    ,125,BURNABY   ,25,0,<null>,LAB
1117,CMPT    ,125,BURNABY   ,25,0,<null>,LAB
1127,MATH    ,880,BURNABY   ,3,0,<null>,SEC
1127,ENSC    ,489,BURNABY   ,80,60,Shahram Payandeh                                                                                                                                                                                                                                          ,LEC
1107,ENSC    ,195,SURREY    ,10,1,<null>,SEC
1107,ENSC    ,296,OFF       ,2,1,<null>,SEC
1084,ENSC    ,296,BURNABY   ,30,7,<null>,SEC
1094,ENSC    ,195,BURNABY   ,50,5,<null>,SEC
1091,ENSC    ,194,SURREY    ,25,0,<null>,SEC
1144,ENSC    ,892,BURNABY   ,40,2,<null>,SEC
1137,ENSC    ,892,OFF       ,10,0,<null>,SEC
1081,ENSC    ,320,BURNABY   ,25,25,<null>,TUT
1094,ENSC    ,296,OFF       ,10,0,<null>,SEC
1131,ENSC    ,195,BURNABY   ,30,26,<null>,SEC
1121,ENSC    ,195,OFF       ,15,17,<null>,SEC
1131,ENSC    ,195,OFF       ,30,13,<null>,SEC
1124,ENSC    ,194,BURNABY   ,10,0,<null>,SEC
1087,ENSC    ,100,BURNABY   ,1,0,<null>,RQL
1171,ENSC    ,899,OFF       ,50,1,<null>,SEC
1134,ENSC    ,494,BURNABY   ,10,1,<null>,SEC
1131,ENSC    ,396,OFF       ,10,0,<null>,SEC
1107,ENSC    ,396,OFF       ,3,1,<null>,SEC
1084,MACM    ,409,BURNABY   ,40,0,<null>,LEC
1094,DDP     ,210,OFF       ,10,6,<null>,SEC
1137,CMPT    ,106,SURREY    ,24,0,<null>,LAB
1167,MSE     ,320,SURREY    ,40,0,<null>,LAB
1111,MATH    ,190,BURNABY   ,152,56,Petra Menz                                                                                                                                                                                                                                                ,LEC
1147,MATH    ,157,BURNABY   ,504,483,Stephen Choi                                                                                                                                                                                                                                              ,LEC
1087,MATH    ,154,BURNABY   ,482,344,Mohamed Sulman                                                                                                                                                                                                                                            ,LEC
1181,MATH    ,157,BURNABY   ,253,216,Luis Goddyn                                                                                                                                                                                                                                               ,LEC
1101,MATH    ,158,BURNABY   ,152,126,"Michael Monagan, Nils Bruin                                                                                                                                                                                                                               ",LEC
1081,MATH    ,157,SURREY    ,100,79,Abraham Punnen                                                                                                                                                                                                                                            ,LEC
1081,MATH    ,157,BURNABY   ,400,268,James Verner                                                                                                                                                                                                                                              ,LEC
1167,MATH    ,154,SURREY    ,160,112,Ping Ding                                                                                                                                                                                                                                                 ,LEC
1107,ENSC    ,100,BURNABY   ,2,2,Michael Sjoerdsma                                                                                                                                                                                                                                         ,TUT
1084,ENSC    ,429,BURNABY   ,32,27,Daniel Lee                                                                                                                                                                                                                                                ,LEC
1084,ENSC    ,898,BURNABY   ,75,54,. Faculty                                                                                                                                                                                                                                                 ,SEC
1124,ENSC    ,320,BURNABY   ,50,45,<null>,TUT
1087,ENSC    ,100,BURNABY   ,0,0,<null>,RQL
1091,KIN     ,142,SURREY    ,17,15,<null>,LAB
1134,MSE     ,491,SURREY    ,25,0,<null>,LAB
1151,MACM    ,401,BURNABY   ,30,19,<null>,LAB
1167,MSE     ,221,SURREY    ,0,0,<null>,LAB
1164,MATH    ,895,BURNABY   ,6,0,<null>,SEC
1177,MATH    ,877,BURNABY   ,5,0,<null>,SEC
1094,KIN     ,205,BURNABY   ,36,36,Parveen Bawa                                                                                                                                                                                                                                              ,LEC
1094,KIN     ,382,BURNABY   ,24,23,Stephen Brown                                                                                                                                                                                                                                             ,LEC
1091,KIN     ,407,BURNABY   ,13,14,Robert Asmundson                                                                                                                                                                                                                                          ,LAB
1091,KIN     ,452,BURNABY   ,10,3,Darleen Bemister                                                                                                                                                                                                                                          ,PRA
1171,MATH    ,819,BURNABY   ,5,0,<null>,LEC
1131,ENSC    ,474,BURNABY   ,20,0,<null>,OPL
1157,MATH    ,157,SURREY    ,151,103,Vijaykumar Singh                                                                                                                                                                                                                                          ,LEC
1174,MATH    ,604,HRBRCNTR  ,20,13,Nathalie Sinclair                                                                                                                                                                                                                                         ,SEM
1094,MATH    ,419,BURNABY   ,30,22,Jason Bell                                                                                                                                                                                                                                                ,LEC
1154,MATH    ,891,OFF       ,20,0,Stuart Billings                                                                                                                                                                                                                                           ,SEC
1097,MATH    ,496,BURNABY   ,5,1,Matthew DeVos                                                                                                                                                                                                                                             ,SEC
1167,ENSC    ,252,BURNABY   ,38,28,Lakshman One                                                                                                                                                                                                                                              ,LAB
1144,MSE     ,394,OFF       ,25,0,Harriet Chicoine                                                                                                                                                                                                                                          ,SEC
1164,MSE     ,294,SURREY    ,30,10,Stephanie DeRapp                                                                                                                                                                                                                                          ,SEC
1174,MSE     ,394,OFF       ,1,0,Stephanie DeRapp                                                                                                                                                                                                                                          ,SEC
1167,MSE     ,489,SURREY    ,5,0,Farid Golnaraghi                                                                                                                                                                                                                                          ,SEM
1171,MATH    ,157,SURREY    ,100,49,Natalia Kouzniak                                                                                                                                                                                                                                          ,LEC
1101,MATH    ,155,SURREY    ,90,71,Natalia Kouzniak                                                                                                                                                                                                                                          ,LEC
1147,MSE     ,250,SURREY    ,42,0,<null>,LAB
1087,REM     ,100,BURNABY   ,18,16,<null>,TUT
1087,REM     ,100,SURREY    ,18,17,<null>,TUT
1177,MACM    ,201,BURNABY   ,420,389,Jonathan Jedwab                                                                                                                                                                                                                                           ,LEC
1141,MACM    ,201,SURREY    ,96,52,Kelly Boothby                                                                                                                                                                                                                                             ,LEC
1087,MATH    ,190,KAM       ,12,5,Ping Ding                                                                                                                                                                                                                                                 ,SEC
1121,MATH    ,100,BURNABY   ,300,185,Justin Gray                                                                                                                                                                                                                                               ,LEC
1091,MACM    ,300,BURNABY   ,30,14,Pavol Hell                                                                                                                                                                                                                                                ,LEC
1134,MATH    ,336,OFF       ,20,1,Stuart Billings                                                                                                                                                                                                                                           ,SEC
1171,MATH    ,336,OFF       ,20,1,Stuart Billings                                                                                                                                                                                                                                           ,SEC
1177,MATH    ,154,SURREY    ,200,114,Mahsa Faizrahnemoon                                                                                                                                                                                                                                       ,LEC
1107,MATH    ,152,BURNABY   ,150,75,Diego Scheide                                                                                                                                                                                                                                             ,LEC
1091,REM     ,664,BURNABY   ,10,2,<null>,SEC
1094,MATH    ,100,BURNABY   ,190,142,Nadia Nosrati Kenareh                                                                                                                                                                                                                                     ,LEC
1117,MATH    ,100,BURNABY   ,335,293,Luis Goddyn                                                                                                                                                                                                                                               ,LEC
1101,MATH    ,232,BURNABY   ,254,242,Manfred Trummer                                                                                                                                                                                                                                           ,LEC
1097,MATH    ,308,BURNABY   ,64,39,Petr Lisonek                                                                                                                                                                                                                                              ,LEC
1124,MATH    ,877,BURNABY   ,5,0,. Faculty                                                                                                                                                                                                                                                 ,SEC
1167,CMPT    ,295,BURNABY   ,26,26,Bradley Bart                                                                                                                                                                                                                                              ,LAB
1181,MSE     ,726,SURREY    ,8,8,Gary Wang                                                                                                                                                                                                                                                 ,LAB
1167,ENSC    ,120,BURNABY   ,35,35,Meenakshinathan Parameswaran                                                                                                                                                                                                                              ,LAB
1164,MATH    ,425,BURNABY   ,30,9,Nilima Nigam                                                                                                                                                                                                                                              ,LEC
1124,MATH    ,894,BURNABY   ,6,0,. Faculty                                                                                                                                                                                                                                                 ,SEC
1124,MATH    ,892,BURNABY   ,6,0,Stuart Billings                                                                                                                                                                                                                                           ,SEC
1147,MATH    ,892,OFF       ,20,0,Stuart Billings                                                                                                                                                                                                                                           ,SEC
1171,MATH    ,892,OFF       ,3,0,Stuart Billings                                                                                                                                                                                                                                           ,SEC
1111,MATH    ,891,BURNABY   ,6,0,Faye Stefan                                                                                                                                                                                                                                               ,SEC
1137,MATH    ,891,OFF       ,20,0,Stuart Billings                                                                                                                                                                                                                                           ,SEC
1181,CMPT    ,129,BURNABY   ,25,21,Bradley Bart                                                                                                                                                                                                                                              ,LAB
1181,ENSC    ,410,BURNABY   ,137,129,Hsiu-Yang Tseng                                                                                                                                                                                                                                           ,TUT
1157,ENSC    ,477,BURNABY   ,35,15,"Marinko Sarunic, Teresa Cheung                                                                                                                                                                                                                            ",LEC
1141,MSE     ,102,SURREY    ,27,17,Kevin Oldknow                                                                                                                                                                                                                                             ,TUT
1171,MSE     ,223,SURREY    ,36,29,Ghasem Behfarshad                                                                                                                                                                                                                                         ,LAB
1177,MSE     ,110,SURREY    ,30,0,"Amr Marzouk, Mohammad Narimani                                                                                                                                                                                                                            ",OPL
1157,MSE     ,110,SURREY    ,30,27,Amr Marzouk                                                                                                                                                                                                                                               ,LEC
1171,MSE     ,251,SURREY    ,36,20,Behraad Bahreyni                                                                                                                                                                                                                                          ,LAB
1157,MSE     ,321,SURREY    ,43,42,Mehran Ahmadi                                                                                                                                                                                                                                             ,LAB
1161,CMPT    ,130,SURREY    ,26,21,Karol Swietlicki                                                                                                                                                                                                                                          ,LAB
1134,MSE     ,393,SURREY    ,20,13,Harriet Chicoine                                                                                                                                                                                                                                          ,SEC
1181,MSE     ,393,METRO     ,25,22,Stephanie DeRapp                                                                                                                                                                                                                                          ,SEC
1161,MATH    ,441,BURNABY   ,40,16,Michael Monagan                                                                                                                                                                                                                                           ,LEC
1181,MATH    ,336,OFF       ,20,0,Stuart Billings                                                                                                                                                                                                                                           ,SEC
1134,MATH    ,310,BURNABY   ,320,283,Chiaka Drakes                                                                                                                                                                                                                                             ,LEC
1081,MATH    ,251,BURNABY   ,200,91,Manfred Trummer                                                                                                                                                                                                                                           ,LEC
1147,MATH    ,310,SURREY    ,96,85,Cameron Morland                                                                                                                                                                                                                                           ,LEC
1137,CMPT    ,106,SURREY    ,24,0,<null>,LAB
1117,MATH    ,310,BURNABY   ,197,197,Ralf Wittenberg                                                                                                                                                                                                                                           ,LEC
1111,MATH    ,486,BURNABY   ,20,0,Faye Stefan                                                                                                                                                                                                                                               ,SEC
1161,MATH    ,877,BURNABY   ,5,1,Pavol Hell                                                                                                                                                                                                                                                ,SEC
1167,MSE     ,320,SURREY    ,0,0,<null>,LAB
1124,MATH    ,603,BURNABY   ,20,13,David Pimm                                                                                                                                                                                                                                                ,SEM
1161,MATH    ,894,BURNABY   ,6,1,Marni Mishna                                                                                                                                                                                                                                              ,SEC
1147,MATH    ,894,BURNABY   ,6,0,. Faculty                                                                                                                                                                                                                                                 ,SEC
1137,ENSC    ,120,BURNABY   ,30,29,Meenakshinathan Parameswaran                                                                                                                                                                                                                              ,LAB
1137,ENSC    ,120,BURNABY   ,30,9,Meenakshinathan Parameswaran                                                                                                                                                                                                                              ,LAB
1141,ENSC    ,180,BURNABY   ,200,179,Fabio Campi                                                                                                                                                                                                                                               ,LAB
1137,ENSC    ,120,BURNABY   ,30,29,Meenakshinathan Parameswaran                                                                                                                                                                                                                              ,LAB
1144,MSE     ,381,SURREY    ,123,111,Siamak Arzanpour                                                                                                                                                                                                                                          ,TUT
1171,MSE     ,450,SURREY    ,36,29,Jiacheng Wang                                                                                                                                                                                                                                             ,LAB
1134,MSE     ,381,SURREY    ,34,30,Siamak Arzanpour                                                                                                                                                                                                                                          ,LAB
1137,MSE     ,310,SURREY    ,80,79,Edward Park                                                                                                                                                                                                                                               ,LEC
1167,MSE     ,310,SURREY    ,91,91,Shaghayegh Zihajehzadeh                                                                                                                                                                                                                                   ,TUT
1171,MSE     ,483,SURREY    ,40,11,Mehrdad Moallem                                                                                                                                                                                                                                           ,LAB
1167,MATH    ,498,BURNABY   ,20,5,Marni Mishna                                                                                                                                                                                                                                              ,LEC
1177,MATH    ,498,BURNABY   ,20,5,Marni Mishna                                                                                                                                                                                                                                              ,LEC
1167,MSE     ,900,SURREY    ,15,8,Bruce Fingarson                                                                                                                                                                                                                                           ,SEM
1151,MSE     ,427,SURREY    ,60,44,Kambiz Haji Hajikolaei                                                                                                                                                                                                                                    ,LAB
1164,MSE     ,111,SURREY    ,20,7,Amr Marzouk                                                                                                                                                                                                                                               ,LEC
1164,ENSC    ,251,BURNABY   ,48,0,William Scratchley                                                                                                                                                                                                                                        ,LAB
1131,ENSC    ,283,SURREY    ,33,0,<null>,LAB
1154,MSE     ,353,SURREY    ,30,19,Jiacheng Wang                                                                                                                                                                                                                                             ,LAB
1151,CMPT    ,771,BURNABY   ,35,31,Jiangchuan Liu                                                                                                                                                                                                                                            ,LEC
1097,MATH    ,240,BURNABY   ,122,118,Jason Bell                                                                                                                                                                                                                                                ,LEC
1101,MATH    ,341,BURNABY   ,32,18,Marni Mishna                                                                                                                                                                                                                                              ,LEC
1117,CMPT    ,166,SURREY    ,20,14,Toby Donaldson                                                                                                                                                                                                                                            ,TUT
1171,CMPT    ,166,SURREY    ,24,11,. Faculty                                                                                                                                                                                                                                                 ,LAB
1147,ENSC    ,105W      ,BURNABY   ,140,125,Michael Sjoerdsma                                                                                                                                                                                                                                         ,LEC
1177,CMPT    ,276,BURNABY   ,80,79,Bobby Chan                                                                                                                                                                                                                                                ,LEC
1127,CMPT    ,373,SURREY    ,5,4,Thomas Shermer                                                                                                                                                                                                                                            ,TUT
1117,CMPT    ,468,SURREY    ,30,23,Tamara Smyth                                                                                                                                                                                                                                              ,LEC
1107,CMPT    ,711,BURNABY   ,10,3,Suleyman Sahinalp                                                                                                                                                                                                                                         ,LEC
1117,CMPT    ,711,BURNABY   ,15,12,Suleyman Sahinalp                                                                                                                                                                                                                                         ,LEC
1087,WKTM    ,400,SURREY    ,50,5,"Frances McLafferty, Navinder Chima                                                                                                                                                                                                                        ",SEC
1087,IAT     ,102,SURREY    ,24,24,Yin Wu                                                                                                                                                                                                                                                    ,LAB
1101,MATH    ,891,BURNABY   ,6,0,Faye Stefan                                                                                                                                                                                                                                               ,SEC
1131,ENSC    ,451,SURREY    ,0,0,<null>,LAB
1164,ENSC    ,251,BURNABY   ,48,43,William Scratchley                                                                                                                                                                                                                                        ,LAB
1174,ENSC    ,251,BURNABY   ,45,31,William Scratchley                                                                                                                                                                                                                                        ,LAB
1157,ENSC    ,251,BURNABY   ,48,46,Lesley Shannon                                                                                                                                                                                                                                            ,LAB
1081,REM     ,471,BURNABY   ,18,11,Kenneth Lertzman                                                                                                                                                                                                                                          ,LEC
1174,ENSC    ,251,BURNABY   ,31,31,William Scratchley                                                                                                                                                                                                                                        ,LAB
1087,REM     ,691,OFF       ,10,0,. Faculty                                                                                                                                                                                                                                                 ,SEC
1177,ENSC    ,252,BURNABY   ,45,45,Ameer Abdelhadi                                                                                                                                                                                                                                           ,LAB
1174,ENSC    ,252,BURNABY   ,127,99,Peter Hallschmid                                                                                                                                                                                                                                          ,TUT
1171,MSE     ,483,SURREY    ,40,23,Mehrdad Moallem                                                                                                                                                                                                                                           ,LAB
1177,MSE     ,100,SURREY    ,24,24,"Kambiz Haji Hajikolaei, Krishna Vijayaraghavan                                                                                                                                                                                                            ",LAB
1167,MSE     ,100,SURREY    ,30,0,Krishna Vijayaraghavan                                                                                                                                                                                                                                    ,LAB
1167,MSE     ,100,SURREY    ,30,0,Krishna Vijayaraghavan                                                                                                                                                                                                                                    ,LAB
1164,MSE     ,492,SURREY    ,5,0,Kevin Oldknow                                                                                                                                                                                                                                             ,TUT
1141,MSE     ,390,SURREY    ,100,70,". TBD, Kambiz Haji Hajikolaei                                                                                                                                                                                                                             ",SEM
1177,MSE     ,496,SURREY    ,5,0,Ahmad Rad                                                                                                                                                                                                                                                 ,LAB
1167,MSE     ,193,SURREY    ,10,0,Stephanie DeRapp                                                                                                                                                                                                                                          ,SEC
1144,MSE     ,487,SURREY    ,5,0,. TBD                                                                                                                                                                                                                                                     ,SEM
1161,MSE     ,223,SURREY    ,33,29,Mehran Ahmadi                                                                                                                                                                                                                                             ,LAB
1134,MSE     ,110,SURREY    ,30,30,Amr Marzouk                                                                                                                                                                                                                                               ,LEC
1087,IAT     ,202,SURREY    ,24,24,Michael Filimowicz                                                                                                                                                                                                                                        ,LAB
1087,IAT     ,336,SURREY    ,32,32,Kenneth Zupan                                                                                                                                                                                                                                             ,LAB
1081,IAT     ,222,SURREY    ,50,50,Niranjan Rajah                                                                                                                                                                                                                                            ,WKS
1081,IAT     ,222,SURREY    ,50,51,Niranjan Rajah                                                                                                                                                                                                                                            ,WKS
1137,ENSC    ,100,BURNABY   ,0,0,<null>,TUT
1107,ENSC    ,498,BURNABY   ,8,7,<null>,SEC
1137,MATH    ,882,BURNABY   ,10,0,. Faculty                                                                                                                                                                                                                                                 ,SEC
1131,ENSC    ,472,BURNABY   ,18,11,Stephen Robinovitch                                                                                                                                                                                                                                       ,LEC
1087,IAT     ,312,SURREY    ,24,24,Magy Seif El-Nasr                                                                                                                                                                                                                                         ,LAB
1107,ENSC    ,100W      ,BURNABY   ,7,7,Michael Sjoerdsma                                                                                                                                                                                                                                         ,TUT
1117,ENSC    ,100W      ,BURNABY   ,6,6,. Faculty                                                                                                                                                                                                                                                 ,TUT
1127,ENSC    ,100W      ,BURNABY   ,6,7,. Faculty                                                                                                                                                                                                                                                 ,TUT
1087,TECH    ,106,SURREY    ,24,21,Michael Sjoerdsma                                                                                                                                                                                                                                         ,LAB
1164,CMPT    ,376W      ,BURNABY   ,80,79,Gregory Baker                                                                                                                                                                                                                                             ,LEC
1141,CMPT    ,497,BURNABY   ,10,7,Ramesh Krishnamurti                                                                                                                                                                                                                                       ,LEC
1081,MATH    ,448,SURREY    ,20,5,Tamon Stephen                                                                                                                                                                                                                                             ,LEC
1121,MATH    ,748,SURREY    ,10,4,Tamon Stephen                                                                                                                                                                                                                                             ,LEC
1121,ENSC    ,498,BURNABY   ,10,3,<null>,SEC
1111,ENSC    ,406,BURNABY   ,17,17,<null>,TUT
1081,IAT     ,445,SURREY    ,23,23,Stephen Dipaola                                                                                                                                                                                                                                           ,LAB
1134,MATH    ,150,BURNABY   ,95,57,Keshav Mukunda                                                                                                                                                                                                                                            ,LEC
1177,ENSC    ,100W      ,BURNABY   ,8,0,Michael Sjoerdsma                                                                                                                                                                                                                                         ,LAB
1171,MATH    ,150,SURREY    ,61,61,Zhaosong Lu                                                                                                                                                                                                                                               ,LEC
1127,MATH    ,150,BURNABY   ,35,16,"Jamie Mulholland, Veselin Jungic                                                                                                                                                                                                                          ",SEC
1167,MSE     ,893,SURREY    ,50,27,Maureen Hindy                                                                                                                                                                                                                                             ,LEC
1161,MSE     ,893,SURREY    ,0,0,Mehrdad Moallem                                                                                                                                                                                                                                           ,LAB
1164,MSE     ,893,SURREY    ,3,0,Flavio Firmani                                                                                                                                                                                                                                            ,LAB
1134,MSE     ,895,SURREY    ,10,13,Woo Soo Kim                                                                                                                                                                                                                                               ,TUT
1124,MATH    ,150,BURNABY   ,100,78,Justin Gray                                                                                                                                                                                                                                               ,LEC
1127,MATH    ,724,BURNABY   ,10,2,Stephen Choi                                                                                                                                                                                                                                              ,LEC
1091,MATH    ,740,BURNABY   ,15,2,Imin Chen                                                                                                                                                                                                                                                 ,LEC
1167,MATH    ,880,BURNABY   ,3,0,. Faculty                                                                                                                                                                                                                                                 ,SEC
1087,IAT     ,885,SURREY    ,15,5,"Brian Fisher, Ginger Grant                                                                                                                                                                                                                                ",SEM
1157,CMPT    ,741,BURNABY   ,90,85,Jian Pei                                                                                                                                                                                                                                                  ,LEC
1081,MACM    ,202,BURNABY   ,22,19,<null>,TUT
1087,MATH    ,309,BURNABY   ,32,23,<null>,TUT
1081,MATH    ,252,BURNABY   ,32,17,<null>,TUT
1134,MSE     ,110,SURREY    ,30,25,Amr Marzouk                                                                                                                                                                                                                                               ,LEC
1134,CMPT    ,130,SURREY    ,24,3,Harinder Khangura                                                                                                                                                                                                                                         ,LAB
1147,MSE     ,321,SURREY    ,40,45,Majid Bahrami                                                                                                                                                                                                                                             ,LAB
1147,CMPT    ,130,SURREY    ,24,23,Toby Donaldson                                                                                                                                                                                                                                            ,LAB
1134,MSE     ,393,OFF       ,20,6,Harriet Chicoine                                                                                                                                                                                                                                          ,SEC
1171,MSE     ,393,OFF       ,15,4,Stephanie DeRapp                                                                                                                                                                                                                                          ,SEC
1181,CMPT    ,628,OFF       ,15,0,Harriet Chicoine                                                                                                                                                                                                                                          ,PRA
1161,CMPT    ,628,METRO     ,30,0,Harriet Chicoine                                                                                                                                                                                                                                          ,PRA
1131,CMPT    ,895,BURNABY   ,5,1,. Faculty                                                                                                                                                                                                                                                 ,IND
1171,MATH    ,208W      ,SURREY    ,24,10,Tamon Stephen                                                                                                                                                                                                                                             ,LEC
1137,ENSC    ,101W      ,BURNABY   ,50,45,Michael Sjoerdsma                                                                                                                                                                                                                                         ,LEC
1177,ENSC    ,100W      ,BURNABY   ,8,8,Michael Sjoerdsma                                                                                                                                                                                                                                         ,LAB
1167,ENSC    ,100W      ,BURNABY   ,9,9,Michael Sjoerdsma                                                                                                                                                                                                                                         ,LAB
1097,MATH    ,880,BURNABY   ,3,0,. Faculty                                                                                                                                                                                                                                                 ,SEC
1167,MATH    ,880,BURNABY   ,3,0,. Faculty                                                                                                                                                                                                                                                 ,SEC
1167,MATH    ,880,BURNABY   ,3,0,"Marni Mishna, Razvan Fetecau                                                                                                                                                                                                                              ",SEC
1091,MATH    ,252,BURNABY   ,32,30,<null>,TUT
1084,IAT     ,244,SURREY    ,96,91,Michael Filimowicz                                                                                                                                                                                                                                        ,INS
1081,IAT     ,244,SURREY    ,24,24,Michael Filimowicz                                                                                                                                                                                                                                        ,STL
1174,CMPT    ,225,BURNABY   ,26,26,Anne Lavergne                                                                                                                                                                                                                                             ,LAB
1081,MATH    ,150,SURREY    ,48,47,Natalia Kouzniak                                                                                                                                                                                                                                          ,LEC
1094,KIN     ,431,BURNABY   ,18,18,<null>,TUT
1087,CMPT    ,120,BURNABY   ,253,251,Diana Cukierman                                                                                                                                                                                                                                           ,LEC
1101,CMPT    ,120,BURNABY   ,26,26,Diana Cukierman                                                                                                                                                                                                                                           ,LAB
1097,CMPT    ,120,BURNABY   ,141,133,Bradley Bart                                                                                                                                                                                                                                              ,LEC
1167,CMPT    ,120,BURNABY   ,127,126,Diana Cukierman                                                                                                                                                                                                                                           ,LEC
1097,CMPT    ,120,BURNABY   ,31,31,Bradley Bart                                                                                                                                                                                                                                              ,LAB
1101,CMPT    ,120,SURREY    ,24,13,John Edgar                                                                                                                                                                                                                                                ,LAB
1167,CMPT    ,120,BURNABY   ,26,26,Diana Cukierman                                                                                                                                                                                                                                           ,LAB
1097,CMPT    ,120,SURREY    ,25,25,Toby Donaldson                                                                                                                                                                                                                                            ,LAB
1091,CMPT    ,889,BURNABY   ,15,9,Richard Vaughan                                                                                                                                                                                                                                           ,LEC
1161,MATH    ,320,BURNABY   ,32,13,<null>,TUT
1087,IAT     ,100,SURREY    ,24,25,David Botta                                                                                                                                                                                                                                               ,STL
1181,CMPT    ,225,BURNABY   ,26,25,David Mitchell                                                                                                                                                                                                                                            ,LAB
1161,CMPT    ,225,BURNABY   ,25,26,Geoffrey Tien                                                                                                                                                                                                                                             ,LAB
1181,MATH    ,320,BURNABY   ,32,6,<null>,TUT
1181,CMPT    ,225,HRBRCNTR  ,144,112,Leonid Chindelevitch                                                                                                                                                                                                                                      ,LEC
1131,CMPT    ,126,BURNABY   ,26,21,Muntaseer Salahuddin                                                                                                                                                                                                                                      ,LAB
1091,CMPT    ,125,BURNABY   ,26,26,Diana Cukierman                                                                                                                                                                                                                                           ,LAB
1121,CMPT    ,125,BURNABY   ,25,25,Diana Cukierman                                                                                                                                                                                                                                           ,LAB
1097,CMPT    ,128,BURNABY   ,26,25,Janice Regan                                                                                                                                                                                                                                              ,LAB
1157,CMPT    ,225,BURNABY   ,26,26,David Mitchell                                                                                                                                                                                                                                            ,LAB
1164,ENSC    ,280,BURNABY   ,165,149,Atousa Hajshirmohammadi                                                                                                                                                                                                                                   ,LEC
1121,CMPT    ,828,BURNABY   ,15,11,Mark Drew                                                                                                                                                                                                                                                 ,LEC
1124,MATH    ,302,BURNABY   ,1,1,Jamie Mulholland                                                                                                                                                                                                                                          ,SEC
1091,CMPT    ,322W      ,SURREY    ,20,20,Harinder Khangura                                                                                                                                                                                                                                         ,LEC
1147,ENSC    ,470,BURNABY   ,18,17,Glenn Chapman                                                                                                                                                                                                                                             ,LAB
1157,ENSC    ,470,BURNABY   ,17,14,Glenn Chapman                                                                                                                                                                                                                                             ,LAB
1091,IAT     ,846,SURREY    ,24,2,Halil Erhan                                                                                                                                                                                                                                               ,LEC
1091,CMPT    ,768,BURNABY   ,15,0,Richard Vaughan                                                                                                                                                                                                                                           ,LEC
1171,DDP     ,210,OFF       ,30,6,Ze-Nian Li                                                                                                                                                                                                                                                ,SEC
1087,TECH    ,106,SURREY    ,24,24,Belgacem Ben Youssef                                                                                                                                                                                                                                      ,LAB
1157,CMPT    ,225,SURREY    ,24,22,Arthur Kirkpatrick                                                                                                                                                                                                                                        ,LAB
1157,CMPT    ,225,SURREY    ,24,14,Arthur Kirkpatrick                                                                                                                                                                                                                                        ,LAB
1121,CMPT    ,125,BURNABY   ,25,22,Diana Cukierman                                                                                                                                                                                                                                           ,LAB
1107,CMPT    ,125,BURNABY   ,104,104,Diana Cukierman                                                                                                                                                                                                                                           ,LEC
1097,CMPT    ,128,BURNABY   ,28,28,Janice Regan                                                                                                                                                                                                                                              ,LAB
1164,CMPT    ,225,BURNABY   ,26,26,Anne Lavergne                                                                                                                                                                                                                                             ,LAB
1161,CMPT    ,881,BURNABY   ,50,0,Petra Berenbrink                                                                                                                                                                                                                                          ,LEC
1171,CMPT    ,881,BURNABY   ,57,50,Joseph Peters                                                                                                                                                                                                                                             ,LEC
1107,MATH    ,897,BURNABY   ,6,0,<null>,SEC
1101,ENSC    ,406,BURNABY   ,0,0,<null>,TUT
1137,CMPT    ,150,BURNABY   ,25,0,<null>,LAB
1094,CMNS    ,891,BURNABY   ,5,0,Marcia Shimizu                                                                                                                                                                                                                                            ,SEC
1087,CMPT    ,165,BURNABY   ,30,30,Anne Lavergne                                                                                                                                                                                                                                             ,LAB
1117,ENSC    ,894,BURNABY   ,2,1,Glenn Chapman                                                                                                                                                                                                                                             ,LAB
1117,ENSC    ,893,SURREY    ,10,0,<null>,LEC
1147,CMPT    ,127,BURNABY   ,0,0,<null>,LAB
1151,ENSC    ,320,BURNABY   ,100,130,<null>,RQL
1174,MSE     ,491,SURREY    ,18,0,<null>,LAB
1131,ENSC    ,194,SURREY    ,10,0,<null>,SEC
1111,ENSC    ,283,SURREY    ,75,0,<null>,TUT
1084,CMNS    ,304W      ,BURNABY   ,0,0,<null>,TUT
1094,CMNS    ,458,HRBRCNTR  ,0,0,<null>,SEM
1171,MSE     ,821,SURREY    ,15,0,<null>,LEC
1084,CMNS    ,495,BURNABY   ,35,5,Marcia Shimizu                                                                                                                                                                                                                                            ,PRA
1087,CMNS    ,850,BURNABY   ,15,0,. Faculty                                                                                                                                                                                                                                                 ,SEC
1157,CMPT    ,899,BURNABY   ,120,103,. Faculty                                                                                                                                                                                                                                                 ,SEC
1171,CMPT    ,899,OFF       ,0,3,. Faculty                                                                                                                                                                                                                                                 ,SEC
1147,ENSC    ,426,BURNABY   ,34,25,Shawn Stapleton                                                                                                                                                                                                                                           ,LEC
1104,ENSC    ,383,BURNABY   ,69,69,Mirza Beg                                                                                                                                                                                                                                                 ,LEC
1177,CMPT    ,128,BURNABY   ,24,0,Liaqat Ali                                                                                                                                                                                                                                                ,LAB
1181,CMPT    ,225,BURNABY   ,26,25,David Mitchell                                                                                                                                                                                                                                            ,LAB
1097,CMPT    ,120,BURNABY   ,150,144,Bradley Bart                                                                                                                                                                                                                                              ,LEC
1154,CMPT    ,120,BURNABY   ,26,26,Anne Lavergne                                                                                                                                                                                                                                             ,LAB
1087,CMNS    ,221,SURREY    ,0,0,<null>,TUT
1107,CMPT    ,705,SURREY    ,30,26,Joseph Peters                                                                                                                                                                                                                                             ,LEC
1151,CMPT    ,886,BURNABY   ,20,9,William Sumner                                                                                                                                                                                                                                            ,SEM
1111,CMPT    ,479,SURREY    ,0,0,<null>,LEC
1154,MSE     ,425,SURREY    ,35,0,<null>,LAB
1097,MATH    ,154,SURREY    ,90,0,<null>,OPL
1087,CMNS    ,110,SURREY    ,72,74,Darryl Cressman                                                                                                                                                                                                                                           ,LEC
1087,CMNS    ,261,BURNABY   ,65,52,Donald Gutstein                                                                                                                                                                                                                                           ,SEC
1084,CMNS    ,891,BURNABY   ,10,0,Marcia Shimizu                                                                                                                                                                                                                                            ,SEC
1087,IAT     ,102,SURREY    ,24,24,Angela Tomizu                                                                                                                                                                                                                                             ,LAB
1081,CMNS    ,438,BURNABY   ,25,8,Donald Gutstein                                                                                                                                                                                                                                           ,SEM
1087,ENSC    ,424,BURNABY   ,60,0,<null>,LEC
1147,ENSC    ,295,BURNABY   ,25,25,Harriet Chicoine                                                                                                                                                                                                                                          ,SEC
1161,ENSC    ,295,BURNABY   ,25,39,Harriet Chicoine                                                                                                                                                                                                                                          ,SEC
1174,ENSC    ,220,BURNABY   ,50,17,Atousa Hajshirmohammadi                                                                                                                                                                                                                                   ,LAB
1097,ENSC    ,201,BURNABY   ,141,120,John Jones                                                                                                                                                                                                                                                ,LEC
1117,ENSC    ,201,BURNABY   ,30,6,John Jones                                                                                                                                                                                                                                                ,LAB
1161,ENSC    ,325,BURNABY   ,100,84,Marek Syrzycki                                                                                                                                                                                                                                            ,TUT
1171,ENSC    ,325,BURNABY   ,100,69,Marek Syrzycki                                                                                                                                                                                                                                            ,LEC
1134,ENSC    ,320,BURNABY   ,50,32,John Bird                                                                                                                                                                                                                                                 ,TUT
1111,CMPT    ,165,BURNABY   ,26,26,Gregory Baker                                                                                                                                                                                                                                             ,LAB
1131,CMPT    ,165,BURNABY   ,65,57,Frederick Popowich                                                                                                                                                                                                                                        ,SEC
1137,CMPT    ,165,BURNABY   ,26,26,Gregory Baker                                                                                                                                                                                                                                             ,LAB
1101,CMPT    ,165,BURNABY   ,26,25,Gregory Baker                                                                                                                                                                                                                                             ,LAB
1121,CMPT    ,165,BURNABY   ,60,57,Gregory Baker                                                                                                                                                                                                                                             ,SEC
1127,CMPT    ,165,BURNABY   ,26,26,Anne Lavergne                                                                                                                                                                                                                                             ,LAB
1137,CMPT    ,165,BURNABY   ,26,26,Gregory Baker                                                                                                                                                                                                                                             ,LAB
1127,CMPT    ,165,BURNABY   ,26,26,Anne Lavergne                                                                                                                                                                                                                                             ,LAB
1144,CMPT    ,165,SURREY    ,26,24,Harinder Khangura                                                                                                                                                                                                                                         ,LAB
1171,CMPT    ,300,BURNABY   ,85,91,Ryan Shea                                                                                                                                                                                                                                                 ,LEC
1091,CMNS    ,899,BURNABY   ,40,26,. Faculty                                                                                                                                                                                                                                                 ,SEC
1181,CMPT    ,218,BURNABY   ,24,21,Bobby Chan                                                                                                                                                                                                                                                ,LAB
1134,CMPT    ,135,SURREY    ,0,0,<null>,LAB
1097,CMPT    ,212,BURNABY   ,50,28,Hong Ying (Amy) Gu                                                                                                                                                                                                                                        ,LEC
1104,CMPT    ,165,BURNABY   ,175,173,Bobby Chan                                                                                                                                                                                                                                                ,LEC
1151,CMPT    ,165,BURNABY   ,206,198,Stephen Makonin                                                                                                                                                                                                                                           ,LEC
1101,CMPT    ,165,BURNABY   ,26,26,Gregory Baker                                                                                                                                                                                                                                             ,LAB
1101,CMPT    ,379,SURREY    ,24,23,Thomas Shermer                                                                                                                                                                                                                                            ,LEC
1111,CMPT    ,379,SURREY    ,48,36,Thomas Shermer                                                                                                                                                                                                                                            ,LEC
1134,CMPT    ,371,SURREY    ,48,46,Mohamed Hefeeda                                                                                                                                                                                                                                           ,LEC
1111,CMPT    ,417,BURNABY   ,35,32,David Mitchell                                                                                                                                                                                                                                            ,LEC
1134,ENSC    ,429,BURNABY   ,35,18,John Bird                                                                                                                                                                                                                                                 ,RQL
1144,ENSC    ,320,BURNABY   ,100,93,John Bird                                                                                                                                                                                                                                                 ,OPL
1131,ENSC    ,230,BURNABY   ,40,40,Shahram Payandeh                                                                                                                                                                                                                                          ,LEC
1181,ENSC    ,295,OFF       ,10,6,Harriet Chicoine                                                                                                                                                                                                                                          ,SEC
1131,ENSC    ,304,BURNABY   ,180,184,Parvaneh Saeedi                                                                                                                                                                                                                                           ,LEC
1157,ENSC    ,264,BURNABY   ,36,37,Lakshman One                                                                                                                                                                                                                                              ,LEC
1167,ENSC    ,264,BURNABY   ,2,2,Lakshman One                                                                                                                                                                                                                                              ,LAB
1167,ENSC    ,264,BURNABY   ,5,5,Lakshman One                                                                                                                                                                                                                                              ,LAB
1131,ENSC    ,225,BURNABY   ,71,57,Marek Syrzycki                                                                                                                                                                                                                                            ,TUT
1111,ENSC    ,425,BURNABY   ,40,39,Lakshman One                                                                                                                                                                                                                                              ,TUT
1161,CMPT    ,416,BURNABY   ,1,1,Gregory Mori                                                                                                                                                                                                                                              ,SEC
1127,CMPT    ,427,METRO     ,20,31,"Cristina Eftenaru, Harriet Chicoine                                                                                                                                                                                                                       ",SEC
1154,CMPT    ,427,OFF       ,5,1,Harriet Chicoine                                                                                                                                                                                                                                          ,SEC
1137,CMPT    ,354,BURNABY   ,90,86,Oliver Schulte                                                                                                                                                                                                                                            ,LEC
1164,CMPT    ,354,BURNABY   ,75,73,Oliver Schulte                                                                                                                                                                                                                                            ,LEC
1181,CMPT    ,310,BURNABY   ,90,89,Oliver Schulte                                                                                                                                                                                                                                            ,LEC
1097,CMPT    ,307,BURNABY   ,90,87,Andrei Bulatov                                                                                                                                                                                                                                            ,LEC
1114,CMPT    ,383,BURNABY   ,65,57,Frederick Popowich                                                                                                                                                                                                                                        ,LEC
1181,CMPT    ,383,SURREY    ,90,75,Toby Donaldson                                                                                                                                                                                                                                            ,LEC
1181,CMPT    ,430,OFF       ,5,0,Harriet Chicoine                                                                                                                                                                                                                                          ,SEC
1104,ENSC    ,350,BURNABY   ,38,37,Patrick Leung                                                                                                                                                                                                                                             ,TUT
1111,ENSC    ,898,BURNABY   ,90,95,. Faculty                                                                                                                                                                                                                                                 ,SEC
1097,ENSC    ,853,BURNABY   ,30,5,Marek Syrzycki                                                                                                                                                                                                                                            ,LEC
1121,ENSC    ,852,BURNABY   ,30,3,Marek Syrzycki                                                                                                                                                                                                                                            ,LEC
1114,MATH    ,251,BURNABY   ,0,0,<null>,OPL
1147,MSE     ,310,SURREY    ,60,0,<null>,LAB
1124,ENSC    ,395,OFF       ,10,1,<null>,SEC
1121,MACM    ,316,BURNABY   ,36,38,<null>,TUT
1147,MATH    ,157,BURNABY   ,60,0,<null>,OPL
1181,MATH    ,157,BURNABY   ,60,0,<null>,OPL
1101,MACM    ,202,BURNABY   ,22,18,<null>,TUT
1137,MATH    ,242,BURNABY   ,39,37,<null>,TUT
1154,MATH    ,310,BURNABY   ,40,38,<null>,TUT
1161,MATH    ,898,BURNABY   ,35,11,<null>,SEC
1161,MATH    ,898,OFF       ,10,0,<null>,SEC
1114,MATH    ,310,BURNABY   ,32,30,<null>,TUT
1177,MATH    ,310,SURREY    ,96,83,Natalia Kouzniak                                                                                                                                                                                                                                          ,LEC
1144,MATH    ,251,BURNABY   ,275,196,Isabella Maria Graf                                                                                                                                                                                                                                       ,LEC
1151,CMPT    ,430,METRO     ,8,5,Harriet Chicoine                                                                                                                                                                                                                                          ,SEC
1167,CMPT    ,430,METRO     ,6,4,Harriet Chicoine                                                                                                                                                                                                                                          ,SEC
1177,CMPT    ,430,OFF       ,15,0,Harriet Chicoine                                                                                                                                                                                                                                          ,SEC
1117,CMPT    ,415,BURNABY   ,9,9,"Alexandra Fedorova, Arthur Kirkpatrick, Evgenia Ternovska                                                                                                                                                                                                 ",SEC
1081,CMPT    ,740,BURNABY   ,15,6,Wo-Shun Luk                                                                                                                                                                                                                                               ,LEC
1157,CMPT    ,471,BURNABY   ,75,51,Qianping Gu                                                                                                                                                                                                                                               ,LEC
1097,CMPT    ,475,BURNABY   ,45,35,Danny Ridinger                                                                                                                                                                                                                                            ,LEC
1114,CMPT    ,475,HRBRCNTR  ,75,70,Danny Ridinger                                                                                                                                                                                                                                            ,LEC
1151,CMPT    ,430,SURREY    ,5,0,Harriet Chicoine                                                                                                                                                                                                                                          ,SEC
1147,CMPT    ,899,BURNABY   ,130,101,. Faculty                                                                                                                                                                                                                                                 ,SEC
1157,ENSC    ,351,BURNABY   ,44,0,. Sessional                                                                                                                                                                                                                                               ,LAB
1101,ENSC    ,350,BURNABY   ,50,49,Patrick Leung                                                                                                                                                                                                                                             ,LEC
1137,ENSC    ,424,BURNABY   ,85,77,Jie Liang                                                                                                                                                                                                                                                 ,LEC
1167,ENSC    ,424,BURNABY   ,75,55,Jie Liang                                                                                                                                                                                                                                                 ,TUT
1154,CMPT    ,225,BURNABY   ,0,0,<null>,LEC
1154,CMPT    ,225,BURNABY   ,0,0,<null>,LAB
1117,ENSC    ,891,BURNABY   ,80,19,". Faculty, Daniel Lee                                                                                                                                                                                                                                     ",SEC
1131,MATH    ,152,BURNABY   ,200,0,<null>,OPL
1087,MATH    ,322,BURNABY   ,32,26,<null>,TUT
1084,MACM    ,316,BURNABY   ,32,15,<null>,TUT
1097,MATH    ,310,BURNABY   ,32,31,<null>,TUT
1091,KIN     ,312,BURNABY   ,55,55,". Sessional, Susan Crawford                                                                                                                                                                                                                               ",SEC
1144,MSE     ,497,SURREY    ,5,3,<null>,LAB
1104,MATH    ,894,BURNABY   ,6,0,. Faculty                                                                                                                                                                                                                                                 ,SEC
1114,MATH    ,894,BURNABY   ,6,4,Mary Catherine Kropinski                                                                                                                                                                                                                                  ,SEC
1181,CMPT    ,843,BURNABY   ,55,26,Jiannan Wang                                                                                                                                                                                                                                              ,LEC
1084,KIN     ,140,HRBRCNTR  ,36,37,Stephen Brown                                                                                                                                                                                                                                             ,LEC
1121,MACM    ,316,BURNABY   ,35,34,<null>,TUT
1101,MATH    ,232,BURNABY   ,60,0,<null>,OPL
1127,MATH    ,190,BURNABY   ,60,0,<null>,OPL
1131,MATH    ,314,BURNABY   ,32,31,<null>,TUT
1137,MATH    ,310,SURREY    ,34,28,<null>,TUT
1137,MATH    ,310,BURNABY   ,32,32,<null>,TUT
1147,MATH    ,308,BURNABY   ,36,33,<null>,TUT
1161,MATH    ,157,BURNABY   ,60,0,<null>,OPL
1107,MATH    ,251,BURNABY   ,60,0,<null>,OPL
1107,MATH    ,100,BURNABY   ,60,0,<null>,OPL
1167,MATH    ,310,BURNABY   ,36,36,<null>,TUT
1081,KIN     ,342,BURNABY   ,40,30,Anthony Leyland                                                                                                                                                                                                                                           ,SEC
1144,MATH    ,899,BURNABY   ,35,29,<null>,SEC
1137,MATH    ,899,OFF       ,5,2,<null>,SEC
1177,MATH    ,310,SURREY    ,32,32,<null>,TUT
1087,KIN     ,310,HRBRCNTR  ,60,59,Ryan Dill                                                                                                                                                                                                                                                 ,LEC
1104,MATH    ,310,BURNABY   ,32,32,<null>,TUT
1114,MATH    ,310,BURNABY   ,32,29,<null>,TUT
1097,MATH    ,310,SURREY    ,29,28,<null>,TUT
1181,MATH    ,898,BURNABY   ,35,13,<null>,SEC
1154,MATH    ,894,BURNABY   ,6,0,<null>,SEC
1171,CMPT    ,899,BURNABY   ,100,91,. Faculty                                                                                                                                                                                                                                                 ,SEC
1177,MATH    ,251,SURREY    ,72,0,<null>,OPL
1121,MATH    ,314,BURNABY   ,32,26,<null>,TUT
1087,KIN     ,140,BURNABY   ,120,119,Penelope Deck                                                                                                                                                                                                                                             ,SEC
1144,MATH    ,310,BURNABY   ,40,27,<null>,TUT
1161,MATH    ,308,BURNABY   ,43,42,<null>,TUT
1081,MATH    ,157,BURNABY   ,60,0,<null>,OPL
1087,KIN     ,201,BURNABY   ,76,78,Anthony Leyland                                                                                                                                                                                                                                           ,LEC
1121,MATH    ,251,BURNABY   ,40,0,<null>,OPL
1087,MATH    ,310,BURNABY   ,32,31,<null>,TUT
1181,MATH    ,898,OFF       ,10,0,<null>,SEC
1147,MATH    ,898,BURNABY   ,35,12,<null>,SEC
1127,MATH    ,310,BURNABY   ,29,0,<null>,TUT
1084,MATH    ,155,BURNABY   ,150,83,Nancy Azer                                                                                                                                                                                                                                                ,LEC
1094,MATH    ,155,BURNABY   ,122,96,Alan Meichsner                                                                                                                                                                                                                                            ,LEC
1091,MACM    ,316,BURNABY   ,150,83,Manfred Trummer                                                                                                                                                                                                                                           ,LEC
1124,MACM    ,316,BURNABY   ,180,180,Emily Walsh                                                                                                                                                                                                                                               ,LEC
1081,KIN     ,241,BURNABY   ,64,67,Donald Hedges                                                                                                                                                                                                                                             ,LEC
1081,KIN     ,375,BURNABY   ,53,51,Michael Walsh                                                                                                                                                                                                                                             ,LEC
1087,KIN     ,870,BURNABY   ,5,4,James Donelan                                                                                                                                                                                                                                             ,SEC
1161,MACM    ,201,SURREY    ,96,62,Abraham Punnen                                                                                                                                                                                                                                            ,LEC
1124,MATH    ,461,BURNABY   ,25,21,JF Williams                                                                                                                                                                                                                                               ,LEC
1157,MATH    ,308,SURREY    ,64,46,Tamon Stephen                                                                                                                                                                                                                                             ,LEC
1091,MACM    ,316,SURREY    ,96,48,Zhaosong Lu                                                                                                                                                                                                                                               ,LEC
1111,MATH    ,890,OFF       ,6,0,Faye Stefan                                                                                                                                                                                                                                               ,SEC
1114,MATH    ,310,BURNABY   ,224,210,Ralf Wittenberg                                                                                                                                                                                                                                           ,LEC
1097,MATH    ,150,SURREY    ,90,0,<null>,OPL
1087,CMNS    ,332,BURNABY   ,0,0,<null>,TUT
1131,MATH    ,381W      ,BURNABY   ,32,17,<null>,TUT
1157,MACM    ,201,BURNABY   ,375,320,Karen Yeats                                                                                                                                                                                                                                               ,LEC
1091,MACM    ,201,SURREY    ,60,36,Zdenek Dvorak                                                                                                                                                                                                                                             ,LEC
1171,MACM    ,201,SURREY    ,200,127,Abraham Punnen                                                                                                                                                                                                                                            ,LEC
1167,MATH    ,447,BURNABY   ,16,6,Jonathan Jedwab                                                                                                                                                                                                                                           ,LEC
1147,MATH    ,308,SURREY    ,32,14,Abraham Punnen                                                                                                                                                                                                                                            ,LEC
1151,MATH    ,190,BURNABY   ,45,22,Petra Menz                                                                                                                                                                                                                                                ,SEC
1117,MATH    ,151,SURREY    ,90,77,Abraham Punnen                                                                                                                                                                                                                                            ,LEC
1161,MACM    ,316,BURNABY   ,294,252,Steven Ruuth                                                                                                                                                                                                                                              ,LEC
1181,MACM    ,316,BURNABY   ,253,200,Brenda Davison                                                                                                                                                                                                                                            ,LEC
1144,MATH    ,890,BURNABY   ,20,0,Stuart Billings                                                                                                                                                                                                                                           ,SEC
1177,MATH    ,336,METRO     ,20,4,Stuart Billings                                                                                                                                                                                                                                           ,SEC
1087,MATH    ,310,BURNABY   ,192,131,Mary Catherine Kropinski                                                                                                                                                                                                                                  ,LEC
1137,MATH    ,310,BURNABY   ,192,182,Roberto Armenta Barrera                                                                                                                                                                                                                                   ,LEC
1094,MATH    ,232,SURREY    ,100,82,Marina Jassar                                                                                                                                                                                                                                             ,LEC
1081,IAT     ,202,SURREY    ,23,0,<null>,STL
1137,MSE     ,294,OFF       ,10,0,<null>,SEC
1174,MATH    ,898,BURNABY   ,35,28,"Marni Mishna, Razvan Fetecau                                                                                                                                                                                                                              ",SEC
1124,MATH    ,897,BURNABY   ,6,0,. Faculty                                                                                                                                                                                                                                                 ,SEC
1174,CMPT    ,777,BURNABY   ,35,0,<null>,LEC
1114,MATH    ,894,BURNABY   ,6,1,Steven Pearce                                                                                                                                                                                                                                             ,SEC
1151,MATH    ,892,OFF       ,3,0,Stuart Billings                                                                                                                                                                                                                                           ,SEC
1171,MSE     ,495,SURREY    ,5,0,<null>,LAB
1091,WKTM    ,400,SURREY    ,50,2,"Frances McLafferty, Navinder Chima                                                                                                                                                                                                                        ",SEC
1097,MATH    ,892,BURNABY   ,10,0,Faye Stefan                                                                                                                                                                                                                                               ,SEC
1101,MATH    ,893,OFF       ,6,0,Faye Stefan                                                                                                                                                                                                                                               ,SEC
1087,REM     ,642,BURNABY   ,25,14,Kenneth Calbick                                                                                                                                                                                                                                           ,SEM
1124,ENSC    ,396,OFF       ,10,0,<null>,SEC
1091,TECH    ,114,SURREY    ,48,31,"C. Andrew Paulin, Wendy Foster                                                                                                                                                                                                                            ",LAB
1087,TECH    ,101,SURREY    ,48,30,Joel Flynn                                                                                                                                                                                                                                                ,INS
1137,MSE     ,494,SURREY    ,10,0,<null>,SEC
1137,MSE     ,494,OFF       ,10,0,<null>,SEC
1084,MATH    ,100,SURREY    ,40,0,<null>,OPL
1164,ENSC    ,894,BURNABY   ,2,2,<null>,LAB
1114,MATH    ,894,BURNABY   ,6,0,<null>,SEC
1087,CMPT    ,128,SURREY    ,32,24,<null>,LAB
1144,MATH    ,397,SUR       ,25,10,<null>,TUT
1084,CMNS    ,230,BURNABY   ,18,14,<null>,TUT
1091,CMPT    ,428,OFF       ,15,3,<null>,SEC
1171,CMPT    ,828,BURNABY   ,30,0,<null>,SEM
1091,IAT     ,410,SURREY    ,24,0,<null>,LAB
1154,MSE     ,353,SURREY    ,30,29,Jiacheng Wang                                                                                                                                                                                                                                             ,LAB
1104,MATH    ,310,BURNABY   ,192,189,Steven Ruuth                                                                                                                                                                                                                                              ,LEC
1091,MATH    ,897,BURNABY   ,6,0,. Faculty                                                                                                                                                                                                                                                 ,SEC
1104,MATH    ,892,BURNABY   ,6,0,Faye Stefan                                                                                                                                                                                                                                               ,SEC
1114,MATH    ,892,BURNABY   ,20,0,Faye Stefan                                                                                                                                                                                                                                               ,SEC
1081,REM     ,612,BURNABY   ,36,11,Sean Cox                                                                                                                                                                                                                                                  ,SEM
1084,ENSC    ,194,SURREY    ,25,1,<null>,SEC
1161,MSE     ,495,SURREY    ,5,0,<null>,LAB
1094,WKTM    ,200,SURREY    ,50,7,"Frances McLafferty, Navinder Chima                                                                                                                                                                                                                        ",SEC
1117,MATH    ,879,BURNABY   ,6,0,<null>,SEC
1121,ENSC    ,887,BURNABY   ,30,0,<null>,LEC
1087,CMNS    ,240,BURNABY   ,18,20,<null>,TUT
1171,MATH    ,898,OFF       ,3,1,<null>,SEC
1081,ENSC    ,225,BURNABY   ,50,0,<null>,TUT
1181,CMPT    ,129,BURNABY   ,25,19,Bradley Bart                                                                                                                                                                                                                                              ,LAB
1164,MSE     ,422,SURREY    ,11,2,Erik Kjeang                                                                                                                                                                                                                                               ,LAB
1091,WKTM    ,400,OFF       ,10,0,"Frances McLafferty, Navinder Chima                                                                                                                                                                                                                        ",SEC
1107,ENSC    ,104,SURREY    ,30,30,<null>,LAB
1111,MATH    ,341,BURNABY   ,32,0,<null>,TUT
1124,ENSC    ,893,SURREY    ,8,0,<null>,TUT
1111,ENSC    ,283,SURREY    ,96,85,<null>,TUT
1091,ENSC    ,283,SURREY    ,24,19,<null>,LAB
1174,MATH    ,338,BURNABY   ,32,13,<null>,TUT
1131,ENSC    ,894,SURREY    ,10,0,<null>,LEC
1081,CMNS    ,253W      ,HRBRCNTR  ,12,12,<null>,LAB
1157,MATH    ,157,SURREY    ,60,0,<null>,OPL
1087,KIN     ,180W      ,BURNABY   ,18,17,<null>,TUT
1111,ENSC    ,895,SURREY    ,10,14,<null>,TUT
1107,MATH    ,345,BURNABY   ,32,24,<null>,TUT
1114,MATH    ,893,OFF       ,20,0,<null>,SEC
1177,CMPT    ,417,BURNABY   ,40,0,<null>,LEC
1084,CMNS    ,230,BURNABY   ,18,13,<null>,TUT
1094,CMNS    ,230,BURNABY   ,18,6,<null>,TUT
1097,ENSC    ,489,BURNABY   ,70,0,<null>,OPL
1084,ENSC    ,429,BURNABY   ,25,0,<null>,OPL
1097,ENSC    ,201,BURNABY   ,90,0,<null>,RQL
1091,CMNS    ,324,BURNABY   ,18,19,<null>,TUT
1151,MSE     ,881,SURREY    ,20,0,<null>,LEC
1167,CMPT    ,295,BURNABY   ,26,23,Bradley Bart                                                                                                                                                                                                                                              ,LAB
1171,ENSC    ,386,BURNABY   ,50,35,Shahram Payandeh                                                                                                                                                                                                                                          ,TUT
1157,MSE     ,352,SURREY    ,40,40,Amr Marzouk                                                                                                                                                                                                                                               ,LAB
1154,MSE     ,353,SURREY    ,30,0,Jiacheng Wang                                                                                                                                                                                                                                             ,LAB
1147,MSE     ,352,SURREY    ,40,39,Mohammad Al Qaderi                                                                                                                                                                                                                                        ,LAB
1181,MSE     ,394,OFF       ,10,1,Stephanie DeRapp                                                                                                                                                                                                                                          ,SEC
1154,MSE     ,193,SURREY    ,10,0,Stephanie DeRapp                                                                                                                                                                                                                                          ,SEC
1137,MSE     ,220,SURREY    ,36,36,Woo Soo Kim                                                                                                                                                                                                                                               ,LAB
1157,ENSC    ,105W      ,BURNABY   ,140,136,"Michael Sjoerdsma, Stephen Whitmore                                                                                                                                                                                                                       ",LEC
1127,ENSC    ,470,BURNABY   ,33,34,Glenn Chapman                                                                                                                                                                                                                                             ,TUT
1081,IAT     ,222,SURREY    ,50,50,Niranjan Rajah                                                                                                                                                                                                                                            ,WKS
1101,MATH    ,155,SURREY    ,60,0,<null>,OPL
1091,IAT     ,431,SURREY    ,24,22,Ronald Wakkary                                                                                                                                                                                                                                            ,STL
1091,IAT     ,834,SURREY    ,20,19,Alissa Antle                                                                                                                                                                                                                                              ,SEM
1117,CMPT    ,433,SURREY    ,32,29,Brian Fraser                                                                                                                                                                                                                                              ,LEC
1124,ENSC    ,303,BURNABY   ,6,0,. Faculty                                                                                                                                                                                                                                                 ,SEM
1091,CMNS    ,223W      ,BURNABY   ,96,97,Benjamin Woo                                                                                                                                                                                                                                              ,LEC
1084,CMNS    ,460,HRBRCNTR  ,15,13,Robert Anderson                                                                                                                                                                                                                                           ,SEM
1097,ENSC    ,440W      ,BURNABY   ,50,22,John Bird                                                                                                                                                                                                                                                 ,LEC
1127,MATH    ,1XX       ,BURNABY   ,1,0,<null>,LEC
1137,MATH    ,1XX       ,BURNABY   ,1,0,<null>,LEC
1084,CMNS    ,880,BURNABY   ,20,0,. Faculty                                                                                                                                                                                                                                                 ,SEC
1084,CMNS    ,899,BURNABY   ,70,22,. Faculty                                                                                                                                                                                                                                                 ,SEC
1084,ENSC    ,220,BURNABY   ,80,0,<null>,OPL
1177,ENSC    ,351,BURNABY   ,193,188,William Scratchley                                                                                                                                                                                                                                        ,TUT
1174,MSE     ,884,SURREY    ,0,0,. TBD                                                                                                                                                                                                                                                     ,LAB
1107,MATH    ,150,BURNABY   ,150,95,Keshav Mukunda                                                                                                                                                                                                                                            ,LEC
1121,MATH    ,150,BURNABY   ,200,114,Veselin Jungic                                                                                                                                                                                                                                            ,LEC
1107,ENSC    ,100W      ,BURNABY   ,7,8,Michael Sjoerdsma                                                                                                                                                                                                                                         ,TUT
1167,ENSC    ,100W      ,BURNABY   ,9,8,Michael Sjoerdsma                                                                                                                                                                                                                                         ,LAB
1107,ENSC    ,100W      ,BURNABY   ,7,7,Michael Sjoerdsma                                                                                                                                                                                                                                         ,TUT
1117,ENSC    ,100W      ,BURNABY   ,6,6,. Faculty                                                                                                                                                                                                                                                 ,TUT
1167,ENSC    ,100W      ,BURNABY   ,9,8,Michael Sjoerdsma                                                                                                                                                                                                                                         ,LAB
1177,ENSC    ,100W      ,BURNABY   ,7,7,Michael Sjoerdsma                                                                                                                                                                                                                                         ,LAB
1177,ENSC    ,100W      ,BURNABY   ,8,0,Michael Sjoerdsma                                                                                                                                                                                                                                         ,LAB
1101,ENSC    ,283,SURREY    ,72,71,<null>,TUT
1147,MSE     ,310,SURREY    ,120,0,<null>,TUT
1087,CMNS    ,304W      ,BURNABY   ,16,16,<null>,TUT
1081,CMNS    ,110,BURNABY   ,65,64,Donald Gutstein                                                                                                                                                                                                                                           ,SEC
1091,CMNS    ,408,OFF       ,5,0,. Faculty                                                                                                                                                                                                                                                 ,SEC
1091,CMNS    ,478,HRBRCNTR  ,25,23,Anne Ahmad                                                                                                                                                                                                                                                ,SEC
1177,ENSC    ,196,METRO     ,25,29,Harriet Chicoine                                                                                                                                                                                                                                          ,SEC
1107,ENSC    ,494,BURNABY   ,2,0,. Faculty                                                                                                                                                                                                                                                 ,SEC
1157,ENSC    ,424,BURNABY   ,90,74,Jie Liang                                                                                                                                                                                                                                                 ,RQL
1117,ENSC    ,489,BURNABY   ,80,35,Shahram Payandeh                                                                                                                                                                                                                                          ,TUT
1094,KIN     ,110,BURNABY   ,17,16,<null>,TUT
1094,KIN     ,110,BURNABY   ,17,17,<null>,TUT
1087,KIN     ,110,BURNABY   ,18,17,<null>,TUT
1084,KIN     ,110,BURNABY   ,15,15,<null>,TUT
1084,KIN     ,110,BURNABY   ,15,15,<null>,TUT
1091,KIN     ,205,BURNABY   ,18,11,<null>,TUT
1117,MATH    ,150,BURNABY   ,253,167,Jamie Mulholland                                                                                                                                                                                                                                          ,LEC
1171,CMPT    ,300,BURNABY   ,85,85,Saad Mahboob                                                                                                                                                                                                                                              ,LEC
1081,CMPT    ,165,BURNABY   ,150,133,"Ehsan Amiri, Gregory Baker                                                                                                                                                                                                                                ",SEC
1117,CMPT    ,310,BURNABY   ,52,45,Robert Hadley                                                                                                                                                                                                                                             ,LEC
1144,CMPT    ,307,BURNABY   ,85,83,Arash Rafiey Hafshejani                                                                                                                                                                                                                                   ,LEC
1101,CMPT    ,426,OFF       ,10,4,Frances McLafferty                                                                                                                                                                                                                                        ,SEC
1101,CMPT    ,426,OFF       ,15,2,Frances McLafferty                                                                                                                                                                                                                                        ,SEC
1164,CMPT    ,371,BURNABY   ,100,90,Janice Regan                                                                                                                                                                                                                                              ,LEC
1127,CMPT    ,430,OFF       ,5,2,"Cristina Eftenaru, Harriet Chicoine                                                                                                                                                                                                                       ",SEC
1137,CMPT    ,430,OFF       ,15,0,Harriet Chicoine                                                                                                                                                                                                                                          ,SEC
1111,MATH    ,880,BURNABY   ,3,0,. Faculty                                                                                                                                                                                                                                                 ,SEC
1081,IAT     ,884,SURREY    ,24,3,Alissa Antle                                                                                                                                                                                                                                              ,SEM
1121,CMPT    ,125,BURNABY   ,25,25,Diana Cukierman                                                                                                                                                                                                                                           ,LAB
1177,CMPT    ,128,BURNABY   ,124,115,Ghassan Hamarneh                                                                                                                                                                                                                                          ,LEC
1177,CMPT    ,128,BURNABY   ,24,23,Ghassan Hamarneh                                                                                                                                                                                                                                          ,LAB
1177,CMPT    ,128,BURNABY   ,20,20,Ghassan Hamarneh                                                                                                                                                                                                                                          ,LAB
1087,CMNS    ,483,BURNABY   ,20,6,. Faculty                                                                                                                                                                                                                                                 ,SEC
1081,CMNS    ,478,HRBRCNTR  ,10,0,. TBD                                                                                                                                                                                                                                                     ,SEC
1081,CMNS    ,478,HRBRCNTR  ,10,11,Anne Ahmad                                                                                                                                                                                                                                                ,SEC
1114,CMPT    ,165,SURREY    ,0,0,<null>,LAB
1167,MSE     ,100,SURREY    ,0,0,<null>,LAB
1174,ENSC    ,295,OFF       ,20,6,Harriet Chicoine                                                                                                                                                                                                                                          ,SEC
1114,ENSC    ,220,BURNABY   ,85,79,". Faculty, John Bird                                                                                                                                                                                                                                      ",LEC
1167,ENSC    ,220,BURNABY   ,162,146,Ljiljana Trajkovic                                                                                                                                                                                                                                        ,LEC
1097,ENSC    ,220,SURREY    ,72,54,Ahmad Rad                                                                                                                                                                                                                                                 ,LEC
1181,ENSC    ,427,BURNABY   ,50,13,Ljiljana Trajkovic                                                                                                                                                                                                                                        ,LEC
1127,ENSC    ,383,BURNABY   ,75,68,Parvaneh Saeedi                                                                                                                                                                                                                                           ,LEC
1161,ENSC    ,325,BURNABY   ,100,84,Marek Syrzycki                                                                                                                                                                                                                                            ,LEC
1087,IAT     ,380,SURREY    ,24,0,<null>,LAB
1101,CMPT    ,822,BURNABY   ,15,0,<null>,LEC
1081,KIN     ,304W      ,BURNABY   ,18,0,<null>,TUT
1124,MATH    ,1XX       ,BURNABY   ,20,4,<null>,LEC
1151,MATH    ,341,BURNABY   ,32,0,<null>,TUT
1084,KIN     ,201,BURNABY   ,19,16,<null>,TUT
1087,KIN     ,305,BURNABY   ,18,18,<null>,TUT
1087,KIN     ,305,BURNABY   ,19,19,<null>,TUT
1137,MACM    ,316,BURNABY   ,36,26,<null>,TUT
1154,MACM    ,316,BURNABY   ,40,40,<null>,TUT
1081,KIN     ,110,BURNABY   ,18,17,<null>,TUT
1087,KIN     ,140,BURNABY   ,19,19,<null>,TUT
1171,MATH    ,252,BURNABY   ,36,23,<null>,TUT
1097,MATH    ,152,BURNABY   ,229,217,Luis Goddyn                                                                                                                                                                                                                                               ,LEC
1151,MATH    ,343,BURNABY   ,32,10,Cedric Chauve                                                                                                                                                                                                                                             ,TUT
1161,MATH    ,337,BURNABY   ,20,2,Stuart Billings                                                                                                                                                                                                                                           ,SEC
1157,MATH    ,242,BURNABY   ,40,37,<null>,TUT
1171,MATH    ,337,BURNABY   ,20,4,Stuart Billings                                                                                                                                                                                                                                           ,SEC
1101,MATH    ,336,OFF       ,20,0,Faye Stefan                                                                                                                                                                                                                                               ,SEC
1124,MATH    ,337,OFF       ,20,0,Stuart Billings                                                                                                                                                                                                                                           ,SEC
1154,MATH    ,336,OFF       ,20,0,Stuart Billings                                                                                                                                                                                                                                           ,SEC
1127,MATH    ,310,BURNABY   ,253,193,John Stockie                                                                                                                                                                                                                                              ,LEC
1147,MATH    ,310,BURNABY   ,32,31,<null>,TUT
1087,ENSC    ,220,BURNABY   ,120,79,Ljiljana Trajkovic                                                                                                                                                                                                                                        ,LEC
1104,ENSC    ,220,BURNABY   ,73,73,Meenakshinathan Parameswaran                                                                                                                                                                                                                              ,LEC
1174,ENSC    ,295,BURNABY   ,50,58,Harriet Chicoine                                                                                                                                                                                                                                          ,SEC
1164,ENSC    ,220,BURNABY   ,54,14,Atousa Hajshirmohammadi                                                                                                                                                                                                                                   ,LAB
1107,ENSC    ,387,SURREY    ,54,55,"Edward Park, Kelly Sakaki                                                                                                                                                                                                                                 ",LEC
1111,ENSC    ,380,BURNABY   ,55,52,Shawn Stapleton                                                                                                                                                                                                                                           ,TUT
1131,ENSC    ,330,BURNABY   ,125,127,Bozena Kaminska                                                                                                                                                                                                                                           ,TUT
1107,ENSC    ,401,BURNABY   ,2,1,. Faculty                                                                                                                                                                                                                                                 ,SEC
1121,ENSC    ,401,SURREY    ,5,0,. TBD                                                                                                                                                                                                                                                     ,SEC
1124,ENSC    ,891,BURNABY   ,10,17,. TBD                                                                                                                                                                                                                                                     ,SEC
1137,MACM    ,316,BURNABY   ,36,27,<null>,TUT
1101,MACM    ,316,BURNABY   ,30,28,<null>,TUT
1137,MACM    ,316,BURNABY   ,36,13,<null>,TUT
1154,MACM    ,316,BURNABY   ,40,37,<null>,TUT
1127,MACM    ,316,BURNABY   ,32,32,<null>,TUT
1127,MACM    ,316,BURNABY   ,32,29,<null>,TUT
1091,KIN     ,140,BURNABY   ,144,143,Angela Wilson                                                                                                                                                                                                                                             ,LEC
1084,KIN     ,241,BURNABY   ,30,29,Donald Hedges                                                                                                                                                                                                                                             ,LEC
1087,MACM    ,316,BURNABY   ,32,18,<null>,TUT
1127,MATH    ,891,OFF       ,20,0,<null>,SEC
1127,MATH    ,310,BURNABY   ,32,29,<null>,TUT
1091,MATH    ,155,SURREY    ,90,81,Natalia Kouzniak                                                                                                                                                                                                                                          ,LEC
1111,MATH    ,308,SURREY    ,36,32,<null>,TUT
1094,MACM    ,316,BURNABY   ,192,175,Steven Ruuth                                                                                                                                                                                                                                              ,LEC
1121,MACM    ,316,BURNABY   ,217,216,Steven Ruuth                                                                                                                                                                                                                                              ,LEC
1131,MACM    ,201,SURREY    ,60,52,Mahdad Khatirinejad                                                                                                                                                                                                                                       ,LEC
1144,MATH    ,310,BURNABY   ,320,289,Chiaka Drakes                                                                                                                                                                                                                                             ,LEC
1087,MATH    ,251,BURNABY   ,250,166,David Muraki                                                                                                                                                                                                                                              ,LEC
1097,MACM    ,316,BURNABY   ,32,30,<null>,TUT
1101,MACM    ,316,SURREY    ,30,15,<null>,TUT
1174,MATH    ,310,BURNABY   ,36,36,<null>,TUT
1164,MATH    ,310,BURNABY   ,43,43,<null>,TUT
1101,MATH    ,894,BURNABY   ,6,1,Nils Bruin                                                                                                                                                                                                                                                ,SEC
1127,MATH    ,894,BURNABY   ,6,1,Manfred Trummer                                                                                                                                                                                                                                           ,SEC
1114,MATH    ,893,BURNABY   ,20,0,Faye Stefan                                                                                                                                                                                                                                               ,SEC
1111,MATH    ,892,OFF       ,20,0,Faye Stefan                                                                                                                                                                                                                                               ,SEC
1117,MATH    ,1XX       ,BURNABY   ,3,0,<null>,LEC
1081,KIN     ,241,BURNABY   ,16,18,<null>,LAB
1081,KIN     ,306,BURNABY   ,18,17,<null>,TUT
1087,REM     ,644,BURNABY   ,25,13,Murray Rutherford                                                                                                                                                                                                                                         ,SEM
1081,REM     ,643,BURNABY   ,25,0,. Sessional                                                                                                                                                                                                                                               ,SEM
1171,ENSC    ,851,BURNABY   ,5,6,Michael Adachi                                                                                                                                                                                                                                            ,LAB
1171,ENSC    ,851,BURNABY   ,4,2,Michael Adachi                                                                                                                                                                                                                                            ,LAB
1087,KIN     ,306,BURNABY   ,18,18,<null>,TUT
1087,KIN     ,205,BURNABY   ,76,61,Joaquin Hoffer                                                                                                                                                                                                                                            ,LEC
1081,KIN     ,805,BURNABY   ,15,2,. Faculty                                                                                                                                                                                                                                                 ,SEC
1094,KIN     ,499,BURNABY   ,3,2,Laurie Klak                                                                                                                                                                                                                                               ,SEC
1087,KIN     ,461,BURNABY   ,45,43,. TBD                                                                                                                                                                                                                                                     ,SEC
1141,MACM    ,316,BURNABY   ,40,40,<null>,TUT
1097,MACM    ,316,BURNABY   ,32,10,<null>,TUT
1084,MACM    ,416,BURNABY   ,5,1,Randall Pyke                                                                                                                                                                                                                                              ,LEC
1127,MATH    ,447,BURNABY   ,30,17,Karen Yeats                                                                                                                                                                                                                                               ,LEC
1091,MATH    ,190,BURNABY   ,150,118,Bernice Kastner                                                                                                                                                                                                                                           ,LEC
1157,MATH    ,190,BURNABY   ,120,78,Malgorzata Dubiel                                                                                                                                                                                                                                         ,LEC
1157,MATH    ,232,SURREY    ,90,67,Randall Pyke                                                                                                                                                                                                                                              ,LEC
1154,MATH    ,157,BURNABY   ,175,96,Imin Chen                                                                                                                                                                                                                                                 ,LEC
1107,MATH    ,154,BURNABY   ,475,436,Ladislav Stacho                                                                                                                                                                                                                                           ,LEC
1147,MATH    ,151,BURNABY   ,440,323,Luis Goddyn                                                                                                                                                                                                                                               ,LEC
1104,MATH    ,152,BURNABY   ,300,232,Keshav Mukunda                                                                                                                                                                                                                                            ,LEC
1087,MATH    ,100,BURNABY   ,333,325,Ami Mamolo                                                                                                                                                                                                                                                ,LEC
1177,MATH    ,251,BURNABY   ,60,0,<null>,OPL
1177,MATH    ,425,BURNABY   ,20,5,Nilima Nigam                                                                                                                                                                                                                                              ,LEC
1171,MATH    ,242,BURNABY   ,34,33,<null>,TUT
1111,MATH    ,343,BURNABY   ,32,15,Marni Mishna                                                                                                                                                                                                                                              ,LEC
1181,MATH    ,486,OFF       ,20,0,Stuart Billings                                                                                                                                                                                                                                           ,SEC
1087,KIN     ,201,BURNABY   ,19,19,<null>,TUT
1081,KIN     ,110,BURNABY   ,18,18,<null>,TUT
1087,KIN     ,205,BURNABY   ,19,18,<null>,TUT
1154,MATH    ,190,BURNABY   ,45,37,Petra Menz                                                                                                                                                                                                                                                ,SEC
1111,MATH    ,190,BURNABY   ,35,34,Justin Gray                                                                                                                                                                                                                                               ,SEC
1117,MATH    ,151,BURNABY   ,200,78,Brenda Davison                                                                                                                                                                                                                                            ,LEC
1101,MATH    ,151,BURNABY   ,110,0,. TBD                                                                                                                                                                                                                                                     ,OPL
1131,MACM    ,316,SURREY    ,80,72,Kirill Gostaf                                                                                                                                                                                                                                             ,LEC
1161,MATH    ,242,BURNABY   ,38,30,<null>,TUT
1151,MATH    ,152,BURNABY   ,200,0,<null>,OPL
1081,MATH    ,314,BURNABY   ,64,13,David Muraki                                                                                                                                                                                                                                              ,LEC
1097,MATH    ,251,BURNABY   ,101,100,Ronald Ferguson                                                                                                                                                                                                                                           ,LEC
1124,MATH    ,899,BURNABY   ,35,28,<null>,SEC
1107,MATH    ,310,BURNABY   ,31,28,<null>,TUT
1134,MATH    ,232,SURREY    ,155,139,Daniela Marinescu                                                                                                                                                                                                                                         ,LEC
1111,MATH    ,251,BURNABY   ,195,177,David Muraki                                                                                                                                                                                                                                              ,LEC
1107,MATH    ,310,SURREY    ,24,23,<null>,TUT
1134,MATH    ,894,BURNABY   ,6,0,<null>,SEC
1144,MATH    ,892,OFF       ,20,0,Stuart Billings                                                                                                                                                                                                                                           ,SEC
1091,MATH    ,891,BURNABY   ,10,0,Faye Stefan                                                                                                                                                                                                                                               ,SEC
1161,MATH    ,891,BURNABY   ,6,0,Stuart Billings                                                                                                                                                                                                                                           ,SEC
1127,MATH    ,898,BURNABY   ,35,5,<null>,SEC
1171,MATH    ,190,BURNABY   ,60,0,<null>,OPL
1171,MATH    ,891,BURNABY   ,6,2,Stuart Billings                                                                                                                                                                                                                                           ,SEC
1171,MATH    ,891,OFF       ,3,0,Stuart Billings                                                                                                                                                                                                                                           ,SEC
1141,MATH    ,314,BURNABY   ,25,14,<null>,TUT
1147,MATH    ,310,BURNABY   ,32,36,<null>,TUT
1151,MATH    ,896,BURNABY   ,6,0,. Faculty                                                                                                                                                                                                                                                 ,SEC
1087,MATH    ,603,BURNABY   ,20,12,Rina Zazkis                                                                                                                                                                                                                                               ,SEM
1084,KIN     ,140,BURNABY   ,18,18,<null>,TUT
1081,KIN     ,140,BURNABY   ,18,18,<null>,TUT
1094,REM     ,691,BURNABY   ,10,2,. Faculty                                                                                                                                                                                                                                                 ,SEC
1121,MATH    ,100,BURNABY   ,60,0,<null>,OPL
1147,MACM    ,316,BURNABY   ,36,32,<null>,TUT
1091,MACM    ,316,BURNABY   ,30,29,<null>,TUT
1161,MACM    ,316,BURNABY   ,43,36,<null>,TUT
1091,TECH    ,114,SURREY    ,48,47,James Phillips                                                                                                                                                                                                                                            ,LAB
1131,ENSC    ,406,BURNABY   ,17,0,<null>,TUT
1154,ENSC    ,499,BURNABY   ,10,4,<null>,SEC
1081,ENSC    ,396,BURNABY   ,10,3,<null>,SEC
1177,ENSC    ,498,BURNABY   ,10,5,<null>,SEC
1127,ENSC    ,395,SURREY    ,20,21,<null>,SEC
1134,ENSC    ,891,BURNABY   ,40,9,<null>,SEC
1147,ENSC    ,891,BURNABY   ,80,1,<null>,SEC
1181,ENSC    ,891,BURNABY   ,15,7,<null>,SEC
1151,ENSC    ,898,BURNABY   ,100,25,<null>,SEC
1141,ENSC    ,898,OFF       ,50,0,<null>,SEC
1151,ENSC    ,898,OFF       ,50,0,<null>,SEC
1181,CMPT    ,307,BURNABY   ,90,0,<null>,LEC
1104,MATH    ,254,BURNABY   ,0,0,<null>,TUT
1137,ENSC    ,100W      ,BURNABY   ,8,8,<null>,TUT
1081,KIN     ,208,BURNABY   ,18,14,<null>,TUT
1087,CMPT    ,120,SURREY    ,24,22,<null>,LAB
1087,IAT     ,233,SURREY    ,0,0,<null>,LAB
1114,ENSC    ,460,SURREY    ,40,31,<null>,LAB
1101,CMPT    ,430,SURREY    ,15,0,"Frances McLafferty, Navinder Chima                                                                                                                                                                                                                        ",SEC
1111,CMPT    ,430,SURREY    ,3,1,"Frances McLafferty, Navinder Chima                                                                                                                                                                                                                        ",SEC
1137,CMPT    ,430,METRO     ,30,0,Harriet Chicoine                                                                                                                                                                                                                                          ,SEC
1154,CMPT    ,430,SURREY    ,5,1,Harriet Chicoine                                                                                                                                                                                                                                          ,SEC
1154,CMPT    ,430,METRO     ,10,5,Harriet Chicoine                                                                                                                                                                                                                                          ,SEC
1117,MACM    ,201,BURNABY   ,50,0,<null>,LEC
1084,KIN     ,304W      ,BURNABY   ,48,0,<null>,LEC
1104,MATH    ,1XX       ,BURNABY   ,30,7,<null>,LEC
1087,WKTM    ,300,SURREY    ,50,3,"Frances McLafferty, Navinder Chima                                                                                                                                                                                                                        ",SEC
1087,WKTM    ,100,SURREY    ,50,11,"Frances McLafferty, Navinder Chima                                                                                                                                                                                                                        ",SEC
1101,ENSC    ,395,BURNABY   ,11,12,<null>,SEC
1111,ENSC    ,395,SURREY    ,20,2,<null>,SEC
1081,ENSC    ,304,BURNABY   ,120,117,<null>,TUT
1107,ENSC    ,295,OFF       ,10,1,<null>,SEC
1081,CMPT    ,165,SURREY    ,24,0,<null>,LAB
1107,ENSC    ,329,SURREY    ,66,47,<null>,LAB
1084,CMNS    ,262,HRBRCNTR  ,18,17,<null>,TUT
1091,REM     ,643,BURNABY   ,25,13,Thomas Gunton                                                                                                                                                                                                                                             ,SEM
1134,MACM    ,316,BURNABY   ,40,38,<null>,TUT
1157,MACM    ,316,BURNABY   ,32,18,<null>,TUT
1141,MACM    ,201,SURREY    ,60,0,<null>,OPL
1081,ENSC    ,225,BURNABY   ,40,25,<null>,TUT
1131,ENSC    ,406,BURNABY   ,17,17,<null>,TUT
1167,ENSC    ,898,BURNABY   ,100,26,<null>,SEC
1111,ENSC    ,427,BURNABY   ,1,0,<null>,OPL
1084,ENSC    ,225,BURNABY   ,0,0,<null>,TUT
1101,ENSC    ,395,OFF       ,10,1,<null>,SEC
1117,ENSC    ,295,BURNABY   ,25,18,<null>,SEC
1094,ENSC    ,295,OFF       ,10,3,<null>,SEC
1117,ENSC    ,295,SURREY    ,25,5,<null>,SEC
1101,MATH    ,748,SURREY    ,5,0,<null>,LEC
1097,ENSC    ,100W      ,BURNABY   ,6,6,<null>,RQL
1151,CMPT    ,497,BURNABY   ,10,0,<null>,LEC
1087,CMNS    ,473,HRBRCNTR  ,16,16,<null>,LAB
1087,CMNS    ,110,BURNABY   ,18,16,<null>,TUT
1087,CMNS    ,110,SURREY    ,18,17,<null>,TUT
1087,CMNS    ,110,SURREY    ,18,19,<null>,TUT
1091,CMNS    ,362,HRBRCNTR  ,18,18,<null>,TUT
1087,CMNS    ,260,BURNABY   ,18,14,<null>,TUT
1094,CMPT    ,416,BURNABY   ,0,0,<null>,SEC
1121,ENSC    ,105W      ,SURREY    ,100,82,<null>,TUT
1164,MSE     ,486,SURREY    ,5,0,<null>,SEM
1147,MSE     ,310,SURREY    ,60,44,<null>,LAB
1164,ENSC    ,870,BURNABY   ,10,2,<null>,SEC
1174,MSE     ,898,SURREY    ,50,28,<null>,SEC
1157,MATH    ,486,OFF       ,20,0,Stuart Billings                                                                                                                                                                                                                                           ,SEC
1127,ENSC    ,472,BURNABY   ,20,0,<null>,LEC
1161,MATH    ,380W      ,BURNABY   ,40,40,<null>,TUT
1114,MATH    ,882,BURNABY   ,10,0,<null>,SEC
1157,MSE     ,110,SURREY    ,30,0,<null>,LEC
1117,ENSC    ,100W      ,BURNABY   ,5,6,<null>,TUT
1117,ENSC    ,100W      ,BURNABY   ,6,6,<null>,TUT
1117,ENSC    ,100W      ,BURNABY   ,6,6,<null>,TUT
1137,ENSC    ,100W      ,BURNABY   ,8,8,<null>,TUT
1127,ENSC    ,100W      ,BURNABY   ,5,0,<null>,TUT
1081,CMNS    ,262,BURNABY   ,17,18,<null>,TUT
1164,ENSC    ,896,OFF       ,10,0,<null>,SEC
1174,ENSC    ,896,BURNABY   ,10,3,<null>,SEC
1177,MATH    ,151,SURREY    ,0,0,<null>,OPL
1087,CMNS    ,260,BURNABY   ,0,0,<null>,TUT
1161,MATH    ,302,BURNABY   ,32,15,<null>,TUT
1164,MSE     ,486,SURREY    ,5,0,<null>,SEM
1174,MSE     ,486,SURREY    ,5,0,<null>,SEM
1121,ENSC    ,280,SURREY    ,105,106,<null>,TUT
1101,MATH    ,341,BURNABY   ,32,18,<null>,TUT
1134,MSE     ,488,SURREY    ,5,4,<null>,SEC
1107,MACM    ,204,BURNABY   ,22,0,<null>,LAB
1104,ENSC    ,311,SURREY    ,33,33,<null>,LAB
1147,MATH    ,340,BURNABY   ,36,26,<null>,TUT
1157,MATH    ,340,BURNABY   ,36,32,<null>,TUT
1141,CMPT    ,165,BURNABY   ,25,0,<null>,LAB
1181,MSE     ,211,SURREY    ,45,35,Kambiz Haji Hajikolaei                                                                                                                                                                                                                                    ,LAB
1091,CMPT    ,125,SURREY    ,21,21,<null>,LAB
1154,MATH    ,254,BURNABY   ,40,40,<null>,TUT
1084,CMNS    ,386,HRBRCNTR  ,18,18,<null>,TUT
1084,CMNS    ,386,HRBRCNTR  ,18,15,<null>,TUT
1087,CMNS    ,220,HRBRCNTR  ,18,21,<null>,TUT
1087,CMNS    ,260,BURNABY   ,0,0,<null>,TUT
1167,MSE     ,487,SURREY    ,5,0,<null>,SEM
1171,MSE     ,497,SURREY    ,5,0,<null>,LAB
1171,MSE     ,211,SURREY    ,15,10,Flavio Firmani                                                                                                                                                                                                                                            ,LAB
1091,KIN     ,806,BURNABY   ,25,0,<null>,SEM
1154,ENSC    ,702,OFF       ,10,0,Harriet Chicoine                                                                                                                                                                                                                                          ,PRA
1174,MSE     ,727,SURREY    ,20,10,". TBD, Kambiz Haji Hajikolaei                                                                                                                                                                                                                             ",LEC
1171,MSE     ,822,SURREY    ,20,7,Majid Bahrami                                                                                                                                                                                                                                             ,LEC
1181,CMPT    ,895,BURNABY   ,5,0,. Faculty                                                                                                                                                                                                                                                 ,IND
1151,CMPT    ,135,SURREY    ,55,49,Toby Donaldson                                                                                                                                                                                                                                            ,LEC
1097,ENSC    ,452,BURNABY   ,20,19,Lesley Shannon                                                                                                                                                                                                                                            ,LEC
1181,MSE     ,497,SURREY    ,5,0,<null>,LAB
1097,MATH    ,310,SURREY    ,24,0,<null>,TUT
1081,MATH    ,240,BURNABY   ,0,0,<null>,OPL
1117,ENSC    ,100W      ,BURNABY   ,5,0,<null>,TUT
1114,CMPT    ,165,SURREY    ,0,0,<null>,LAB
1174,MSE     ,894,SURREY    ,10,5,". TBD, Jiacheng Wang                                                                                                                                                                                                                                      ",LEC
1157,CMPT    ,895,BURNABY   ,2,0,. Faculty                                                                                                                                                                                                                                                 ,IND
1131,MATH    ,208W      ,SURREY    ,24,10,Randall Pyke                                                                                                                                                                                                                                              ,LEC
1167,CMPT    ,896,BURNABY   ,40,6,. Faculty                                                                                                                                                                                                                                                 ,SEC
1177,CMPT    ,896,BURNABY   ,10,4,. Faculty                                                                                                                                                                                                                                                 ,SEC
1087,ENSC    ,452,BURNABY   ,23,22,Lesley Shannon                                                                                                                                                                                                                                            ,LEC
1104,ENSC    ,182,SURREY    ,24,24,Lakshman One                                                                                                                                                                                                                                              ,LEC
1114,ENSC    ,384,SURREY    ,90,33,. Faculty                                                                                                                                                                                                                                                 ,TUT
1154,CMPT    ,135,SURREY    ,20,18,Toby Donaldson                                                                                                                                                                                                                                            ,LAB
1144,CMPT    ,135,SURREY    ,2,1,Toby Donaldson                                                                                                                                                                                                                                            ,LAB
1141,CMPT    ,135,SURREY    ,12,10,Louis Hafer                                                                                                                                                                                                                                               ,LAB
1157,ENSC    ,105W      ,BURNABY   ,140,124,"Michael Sjoerdsma, Stephen Whitmore                                                                                                                                                                                                                       ",LEC
1114,CMPT    ,896,BURNABY   ,0,0,. Faculty                                                                                                                                                                                                                                                 ,SEC
1161,MATH    ,748,SURREY    ,10,4,Abraham Punnen                                                                                                                                                                                                                                            ,LEC
1181,MATH    ,748,SURREY    ,10,4,Abraham Punnen                                                                                                                                                                                                                                            ,LEC
1141,ENSC    ,372,BURNABY   ,20,10,Bonnie Gray                                                                                                                                                                                                                                               ,LEC
1131,MATH    ,150,BURNABY   ,250,149,Chiaka Drakes                                                                                                                                                                                                                                             ,LEC
1111,MATH    ,880,BURNABY   ,3,0,. Faculty                                                                                                                                                                                                                                                 ,SEC
1101,CMPT    ,120,SURREY    ,0,0,<null>,LAB
1081,CMNS    ,262,BURNABY   ,18,18,<null>,TUT
1091,CMNS    ,262,BURNABY   ,17,20,<null>,TUT
1124,ENSC    ,894,SURREY    ,5,6,<null>,LAB
1091,CMNS    ,487,HRBRCNTR  ,80,85,<null>,SEM
1121,MACM    ,201,SURREY    ,60,0,<null>,LEC
1151,MATH    ,496,BURNABY   ,20,0,<null>,LEC
1087,CMNS    ,110,SURREY    ,18,20,<null>,TUT
1084,CMNS    ,473,HRBRCNTR  ,15,16,<null>,LAB
1087,CMPT    ,165,SURREY    ,24,24,<null>,LAB
1174,MSE     ,898,OFF       ,40,0,<null>,SEC
1087,IAT     ,233,SURREY    ,30,30,<null>,LAB
1137,MATH    ,880,BURNABY   ,3,0,. Faculty                                                                                                                                                                                                                                                 ,SEC
1127,CMPT    ,128,BURNABY   ,26,25,Janice Regan                                                                                                                                                                                                                                              ,LAB
1117,CMPT    ,225,SURREY    ,26,25,John Edgar                                                                                                                                                                                                                                                ,LAB
1121,CMPT    ,125,SURREY    ,16,13,Toby Donaldson                                                                                                                                                                                                                                            ,LAB
1121,CMPT    ,125,SURREY    ,24,24,Toby Donaldson                                                                                                                                                                                                                                            ,LAB
1124,CMPT    ,125,SURREY    ,45,39,Toby Donaldson                                                                                                                                                                                                                                            ,LEC
1101,MATH    ,880,BURNABY   ,3,0,. Faculty                                                                                                                                                                                                                                                 ,SEC
1134,CMPT    ,225,SURREY    ,26,14,John Edgar                                                                                                                                                                                                                                                ,LAB
1121,CMPT    ,225,HRBRCNTR  ,50,19,David Mitchell                                                                                                                                                                                                                                            ,LEC
1131,MATH    ,130,SURREY    ,96,89,Mahdad Khatirinejad                                                                                                                                                                                                                                       ,LEC
1124,CMPT    ,225,BURNABY   ,22,22,Anne Lavergne                                                                                                                                                                                                                                             ,LAB
1127,CMPT    ,128,BURNABY   ,26,24,Janice Regan                                                                                                                                                                                                                                              ,LAB
1177,CMPT    ,120,BURNABY   ,26,26,Diana Cukierman                                                                                                                                                                                                                                           ,LAB
1141,CMPT    ,120,BURNABY   ,26,26,Jeremie Lumbroso                                                                                                                                                                                                                                          ,LAB
1151,CMPT    ,120,BURNABY   ,26,26,Diana Cukierman                                                                                                                                                                                                                                           ,LAB
1117,CMPT    ,166,SURREY    ,0,0,<null>,TUT
1087,CMNS    ,332,BURNABY   ,0,0,<null>,TUT
1084,CMNS    ,497,BURNABY   ,15,1,. Faculty                                                                                                                                                                                                                                                 ,SEC
1161,CMPT    ,125,BURNABY   ,192,174,Bobby Chan                                                                                                                                                                                                                                                ,LEC
1131,CMPT    ,126,BURNABY   ,52,41,Muntaseer Salahuddin                                                                                                                                                                                                                                      ,LEC
1134,CMPT    ,126,BURNABY   ,26,21,Louis Hafer                                                                                                                                                                                                                                               ,LAB
1111,CMPT    ,125,BURNABY   ,0,0,<null>,LAB
1117,CMPT    ,120,SURREY    ,26,22,William Havens                                                                                                                                                                                                                                            ,LEC
1171,MATH    ,880,OFF       ,3,0,<null>,SEC
1134,MATH    ,880,BURNABY   ,3,0,<null>,SEC
1114,ENSC    ,225,BURNABY   ,56,56,<null>,RQL
1124,ENSC    ,384,SURREY    ,34,0,<null>,LAB
1091,ENSC    ,474,BURNABY   ,20,0,<null>,OPL
1084,CMNS    ,321,HRBRCNTR  ,90,84,Darryl Cressman                                                                                                                                                                                                                                           ,LEC
1087,CMNS    ,455,BURNABY   ,20,20,Mary Milberry                                                                                                                                                                                                                                             ,SEM
1081,CMNS    ,408,BURNABY   ,10,0,. Faculty                                                                                                                                                                                                                                                 ,SEC
1087,CMPT    ,150,SURREY    ,48,20,Harinder Khangura                                                                                                                                                                                                                                         ,LEC
1091,CMNS    ,898,OFF       ,60,0,. Faculty                                                                                                                                                                                                                                                 ,SEC
1097,CMPT    ,150,BURNABY   ,104,103,Bobby Chan                                                                                                                                                                                                                                                ,LEC
1147,CMPT    ,250,BURNABY   ,130,129,Anthony Dixon                                                                                                                                                                                                                                             ,LEC
1121,CMPT    ,250,BURNABY   ,25,13,Anthony Dixon                                                                                                                                                                                                                                             ,LAB
1131,CMPT    ,250,BURNABY   ,26,26,Anthony Dixon                                                                                                                                                                                                                                             ,LAB
1117,CMPT    ,250,BURNABY   ,26,24,Anthony Dixon                                                                                                                                                                                                                                             ,LAB
1121,CMPT    ,250,BURNABY   ,25,23,Anthony Dixon                                                                                                                                                                                                                                             ,LAB
1131,CMPT    ,250,BURNABY   ,26,26,Anthony Dixon                                                                                                                                                                                                                                             ,LAB
1081,CMPT    ,300,BURNABY   ,80,80,Richard Vaughan                                                                                                                                                                                                                                           ,LEC
1147,CMPT    ,250,SURREY    ,82,81,Brian Fraser                                                                                                                                                                                                                                              ,LEC
1101,CMPT    ,102,BURNABY   ,50,43,Ghassan Hamarneh                                                                                                                                                                                                                                          ,LEC
1141,CMPT    ,897,SURREY    ,5,1,. Faculty                                                                                                                                                                                                                                                 ,SEC
1124,CMPT    ,826,BURNABY   ,6,4,Robert Hadley                                                                                                                                                                                                                                             ,LEC
1147,CMPT    ,813,BURNABY   ,10,9,Binay Bhattacharya                                                                                                                                                                                                                                        ,LEC
1174,CMPT    ,710,BURNABY   ,20,8,Valentine Kabanets                                                                                                                                                                                                                                        ,LEC
1144,MSE     ,420,SURREY    ,70,0,<null>,LEC
1107,ENSC    ,100,BURNABY   ,4,3,Michael Sjoerdsma                                                                                                                                                                                                                                         ,TUT
1081,ENSC    ,330,BURNABY   ,90,76,Bozena Kaminska                                                                                                                                                                                                                                           ,LEC
1117,ENSC    ,220,BURNABY   ,21,0,. TBD                                                                                                                                                                                                                                                     ,LAB
1117,ENSC    ,220,BURNABY   ,25,0,. TBD                                                                                                                                                                                                                                                     ,LAB
1127,ENSC    ,201,BURNABY   ,120,119,John Jones                                                                                                                                                                                                                                                ,LEC
1081,MATH    ,796,BURNABY   ,5,0,Razvan Fetecau                                                                                                                                                                                                                                            ,LEC
1101,CMPT    ,170,SURREY    ,48,26,Toby Donaldson                                                                                                                                                                                                                                            ,LEC
1097,CMPT    ,373,SURREY    ,12,4,Thomas Shermer                                                                                                                                                                                                                                            ,LAB
1164,DDP     ,310,OFF       ,30,4,Ze-Nian Li                                                                                                                                                                                                                                                ,SEC
1114,CMPT    ,120,BURNABY   ,26,23,Gregory Baker                                                                                                                                                                                                                                             ,LAB
1111,CMPT    ,120,SURREY    ,128,120,Philippe Giabbanelli                                                                                                                                                                                                                                      ,LEC
1144,CMPT    ,120,BURNABY   ,26,26,Steven Pearce                                                                                                                                                                                                                                             ,LAB
1127,CMPT    ,120,BURNABY   ,26,27,Diana Cukierman                                                                                                                                                                                                                                           ,LAB
1104,CMPT    ,888,BURNABY   ,30,14,Gregory Mori                                                                                                                                                                                                                                              ,LEC
1091,CMNS    ,386,BURNABY   ,25,13,David Murphy                                                                                                                                                                                                                                              ,SEM
1107,CMPT    ,250,SURREY    ,16,11,Brian Fraser                                                                                                                                                                                                                                              ,LAB
1147,CMPT    ,250,SURREY    ,24,23,Brian Fraser                                                                                                                                                                                                                                              ,LAB
1144,CMPT    ,320,BURNABY   ,102,104,Steven Pearce                                                                                                                                                                                                                                             ,LEC
1087,CMPT    ,354,SURREY    ,48,26,John Edgar                                                                                                                                                                                                                                                ,LEC
1131,CMPT    ,310,BURNABY   ,75,75,James Delgrande                                                                                                                                                                                                                                           ,LEC
1107,CMPT    ,429,BURNABY   ,10,7,Harriet Chicoine                                                                                                                                                                                                                                          ,SEC
1121,CMPT    ,429,METRO     ,12,8,Cristina Eftenaru                                                                                                                                                                                                                                         ,SEC
1117,CMPT    ,429,SURREY    ,5,2,Frances McLafferty                                                                                                                                                                                                                                        ,SEC
1121,CMPT    ,429,METRO     ,5,1,Frances McLafferty                                                                                                                                                                                                                                        ,SEC
1131,CMPT    ,429,METRO     ,30,1,Harriet Chicoine                                                                                                                                                                                                                                          ,SEC
1157,ENSC    ,387,BURNABY   ,60,39,Yaser Mohammadian Roshan                                                                                                                                                                                                                                  ,TUT
1124,ENSC    ,406,SURREY    ,50,42,Maureen Hindy                                                                                                                                                                                                                                             ,LEC
1091,KIN     ,453,BURNABY   ,5,2,Darleen Bemister                                                                                                                                                                                                                                          ,PRA
1087,KIN     ,407,BURNABY   ,14,12,Robert Asmundson                                                                                                                                                                                                                                          ,LAB
1147,MATH    ,151,SURREY    ,102,61,Zhaosong Lu                                                                                                                                                                                                                                               ,LEC
1117,MATH    ,418,BURNABY   ,30,15,Ralf Wittenberg                                                                                                                                                                                                                                           ,LEC
1141,MATH    ,492,BURNABY   ,1,0,Marni Mishna                                                                                                                                                                                                                                              ,SEC
1097,MATH    ,896,BURNABY   ,6,0,. Faculty                                                                                                                                                                                                                                                 ,SEC
1147,MATH    ,486,BURNABY   ,20,1,Stuart Billings                                                                                                                                                                                                                                           ,SEC
1091,MATH    ,337,OFF       ,20,1,<null>,SEC
1147,ENSC    ,450,BURNABY   ,50,0,<null>,RQL
1101,ENSC    ,425,BURNABY   ,0,0,<null>,LEC
1101,CMPT    ,426,BURNABY   ,36,36,Frances McLafferty                                                                                                                                                                                                                                        ,SEC
1154,MSE     ,893,SURREY    ,10,0,<null>,LEC
1174,MSE     ,893,SURREY    ,2,0,<null>,LAB
1157,MATH    ,898,OFF       ,5,0,<null>,SEC
1137,ENSC    ,100,BURNABY   ,1,0,John Jones                                                                                                                                                                                                                                                ,LEC
1127,ENSC    ,100,BURNABY   ,3,3,. Faculty                                                                                                                                                                                                                                                 ,TUT
1127,ENSC    ,100,BURNABY   ,3,2,. Faculty                                                                                                                                                                                                                                                 ,TUT
1127,ENSC    ,100,BURNABY   ,2,2,. Faculty                                                                                                                                                                                                                                                 ,TUT
1101,ENSC    ,425,BURNABY   ,21,21,Lakshman One                                                                                                                                                                                                                                              ,LEC
1097,ENSC    ,424,BURNABY   ,67,65,Ivan Bajic                                                                                                                                                                                                                                                ,LEC
1111,MATH    ,232,SURREY    ,60,0,<null>,OPL
1091,KIN     ,140,HRBRCNTR  ,36,0,<null>,LEC
1107,ENSC    ,898,OFF       ,0,1,<null>,SEC
1144,MATH    ,894,BURNABY   ,6,0,<null>,SEC
1151,CMPT    ,881,BURNABY   ,30,0,<null>,LEC
1101,CMPT    ,125,SURREY    ,0,0,<null>,LAB
1167,MSE     ,487,SURREY    ,5,0,<null>,SEM
1124,MATH    ,486,OFF       ,20,0,Stuart Billings                                                                                                                                                                                                                                           ,SEC
1091,MATH    ,821,BURNABY   ,15,5,Matthew DeVos                                                                                                                                                                                                                                             ,LEC
1171,MATH    ,486,BURNABY   ,20,0,Stuart Billings                                                                                                                                                                                                                                           ,SEC
1127,MATH    ,894,BURNABY   ,6,0,<null>,SEC
1107,ENSC    ,470,BURNABY   ,17,17,<null>,LAB
1091,CMNS    ,223W      ,BURNABY   ,16,16,<null>,TUT
1081,CMNS    ,223W      ,BURNABY   ,16,16,<null>,TUT
1084,ENSC    ,225,BURNABY   ,60,0,<null>,OPL
1081,IAT     ,898,SURREY    ,40,16,<null>,SEC
1154,ENSC    ,280,BURNABY   ,50,0,<null>,LAB
1084,CMPT    ,XX1       ,KAM       ,12,0,<null>,SEC
1091,CMNS    ,200,KAM       ,2,0,<null>,SEC
1091,CMNS    ,110,BURNABY   ,18,18,<null>,TUT
1147,MATH    ,898,OFF       ,5,0,<null>,SEC
1124,MATH    ,898,OFF       ,5,0,<null>,SEC
1091,ENSC    ,225,BURNABY   ,40,40,<null>,TUT
1157,CMPT    ,889,BURNABY   ,15,0,<null>,LEC
1151,CMPT    ,886,SURREY    ,20,0,<null>,SEM
1101,MACM    ,316,SURREY    ,25,0,<null>,TUT
1091,KIN     ,241,BURNABY   ,16,17,<null>,LAB
1091,KIN     ,140,HRBRCNTR  ,18,0,<null>,TUT
1094,MACM    ,316,BURNABY   ,32,26,<null>,TUT
1101,MATH    ,320,BURNABY   ,0,0,<null>,TUT
1111,MATH    ,320,BURNABY   ,32,0,<null>,TUT
1101,MATH    ,190,BURNABY   ,60,0,<null>,OPL
1097,ENSC    ,215,BURNABY   ,88,87,Kourosh Khosraviani                                                                                                                                                                                                                                       ,LEC
1137,ENSC    ,215,BURNABY   ,88,92,William Scratchley                                                                                                                                                                                                                                        ,TUT
1107,ENSC    ,215,BURNABY   ,22,22,Kourosh Khosraviani                                                                                                                                                                                                                                       ,LAB
1154,MATH    ,240,BURNABY   ,140,71,Jonathan Jedwab                                                                                                                                                                                                                                           ,LEC
1081,CMPT    ,376W      ,BURNABY   ,50,34,Arthur Kirkpatrick                                                                                                                                                                                                                                        ,LEC
1147,CMPT    ,376W      ,BURNABY   ,90,90,Frederick Popowich                                                                                                                                                                                                                                        ,LEC
1081,IAT     ,487,SURREY    ,1,1,Russell Taylor                                                                                                                                                                                                                                            ,LEC
1131,MATH    ,701,BURNABY   ,10,1,Michael Monagan                                                                                                                                                                                                                                           ,TUT
1084,KIN     ,383,BURNABY   ,0,0,<null>,TUT
1164,ENSC    ,220,BURNABY   ,50,0,<null>,LAB
1094,KIN     ,140,HRBRCNTR  ,18,18,<null>,TUT
1171,MATH    ,157,BURNABY   ,60,0,<null>,OPL
1081,CMPT    ,120,SURREY    ,32,27,<null>,LAB
1151,ENSC    ,896,BURNABY   ,50,5,<null>,SEC
1091,ENSC    ,350,BURNABY   ,60,0,<null>,OPL
1081,CMNS    ,210,HRBRCNTR  ,18,20,<null>,TUT
1121,CMPT    ,826,BURNABY   ,0,0,<null>,LEC
1114,CMPT    ,881,BURNABY   ,0,0,<null>,LEC
1101,CMPT    ,125,SURREY    ,0,0,<null>,LAB
1091,CMPT    ,711,BURNABY   ,1,1,<null>,LEC
1081,CMNS    ,223W      ,BURNABY   ,16,15,<null>,TUT
1117,ENSC    ,100W      ,BURNABY   ,5,0,<null>,TUT
1137,ENSC    ,100W      ,BURNABY   ,8,8,<null>,TUT
1144,MATH    ,880,BURNABY   ,3,0,<null>,SEC
1137,ENSC    ,100W      ,BURNABY   ,8,7,<null>,TUT
1137,ENSC    ,100W      ,BURNABY   ,8,8,<null>,TUT
1151,MATH    ,880,OFF       ,3,0,<null>,SEC
1167,MATH    ,880,OFF       ,3,0,<null>,SEC
1084,CMNS    ,321,HRBRCNTR  ,18,18,<null>,TUT
1174,MSE     ,711,SURREY    ,2,0,<null>,LAB
1104,ENSC    ,196,OFF       ,10,5,<null>,SEC
1114,ENSC    ,196,OFF       ,30,9,<null>,SEC
1097,CMPT    ,777,SURREY    ,12,0,<null>,LEC
1091,CMNS    ,110,BURNABY   ,18,18,<null>,TUT
1091,CMNS    ,110,BURNABY   ,18,18,<null>,TUT
1111,MATH    ,190,BURNABY   ,60,0,<null>,OPL
1084,CMNS    ,220,HRBRCNTR  ,18,10,<null>,TUT
1137,MATH    ,190,BURNABY   ,35,0,<null>,SEC
1147,ENSC    ,120,BURNABY   ,30,0,<null>,LAB
1081,CMPT    ,165,BURNABY   ,35,33,<null>,LAB
1111,ENSC    ,832,BURNABY   ,0,0,<null>,SEM
1087,IAT     ,233,SURREY    ,0,0,<null>,LEC
1181,ENSC    ,493,BURNABY   ,2,0,<null>,SEC
1121,ENSC    ,196,BURNABY   ,20,13,<null>,SEC
1094,ENSC    ,196,OFF       ,0,0,<null>,SEC
1097,CMPT    ,128,SURREY    ,120,0,<null>,LEC
1087,CMNS    ,110,BURNABY   ,18,19,<null>,TUT
1087,CMNS    ,110,BURNABY   ,18,16,<null>,TUT
1081,IAT     ,100,SURREY    ,24,0,<null>,STL
1144,MSE     ,720,SURREY    ,10,0,<null>,LEC
1171,MSE     ,893,SURREY    ,3,0,<null>,LEC
1107,MATH    ,154,BURNABY   ,60,0,<null>,OPL
1084,ENSC    ,325,BURNABY   ,35,34,<null>,TUT
1104,ENSC    ,196,BURNABY   ,23,26,<null>,SEC
1081,KIN     ,241,BURNABY   ,16,15,<null>,LAB
1081,KIN     ,140,BURNABY   ,18,18,<null>,TUT
1101,CMPT    ,375,BURNABY   ,0,0,<null>,LEC
1094,KIN     ,140,HRBRCNTR  ,18,18,<null>,TUT
1084,KIN     ,140,HRBRCNTR  ,18,19,<null>,TUT
1177,ENSC    ,896,BURNABY   ,15,0,<null>,SEC
1117,ENSC    ,426,BURNABY   ,30,23,<null>,RQL
1141,ENSC    ,401,BURNABY   ,2,0,<null>,SEC
1091,ENSC    ,395,SURREY    ,25,0,<null>,SEC
1104,MATH    ,890,BURNABY   ,6,0,<null>,SEC
1121,MATH    ,462,BURNABY   ,20,0,<null>,LEC
1087,KIN     ,140,BURNABY   ,19,18,<null>,TUT
1141,MSE     ,780,SURREY    ,35,0,<null>,LAB
1177,MSE     ,499,SURREY    ,5,0,<null>,SEC
1137,MSE     ,891,SURREY    ,50,18,<null>,SEC
1117,ENSC    ,182,SURREY    ,24,24,<null>,LAB
1114,ENSC    ,331,SURREY    ,23,20,<null>,LAB
1111,ENSC    ,226,SURREY    ,44,37,<null>,LAB
1121,ENSC    ,441,SURREY    ,0,0,<null>,OPL
1111,ENSC    ,182,SURREY    ,24,26,<null>,LAB
1081,CMPT    ,225,BURNABY   ,25,25,<null>,LAB
1104,MATH    ,150,BURNABY   ,0,0,<null>,OPL
1087,CMNS    ,262,BURNABY   ,18,20,<null>,TUT
1121,ENSC    ,460,SURREY    ,0,0,<null>,OPL
1177,ENSC    ,896,OFF       ,10,0,<null>,SEC
1097,MATH    ,310,SURREY    ,24,0,<null>,TUT
1091,CMNS    ,210,SURREY    ,18,21,<null>,TUT
1094,CMNS    ,240,BURNABY   ,18,16,<null>,TUT
1087,CMNS    ,110,BURNABY   ,18,18,<null>,TUT
1081,IAT     ,445,SURREY    ,24,0,<null>,LAB
1081,IAT     ,445,SURREY    ,24,0,<null>,LAB
1121,CMPT    ,166,SURREY    ,0,0,<null>,LAB
1087,IAT     ,233,SURREY    ,0,0,<null>,LAB
1117,ENSC    ,196,OFF       ,10,1,<null>,SEC
1121,ENSC    ,495,BURNABY   ,6,6,<null>,LAB
1101,ENSC    ,851,BURNABY   ,18,17,<null>,LAB
1107,ENSC    ,383,BURNABY   ,1,0,<null>,OPL
1161,MATH    ,314,BURNABY   ,29,0,<null>,TUT
1151,ENSC    ,472,BURNABY   ,18,0,<null>,LAB
1107,ENSC    ,472,BURNABY   ,20,0,<null>,TUT
1144,MSE     ,811,SURREY    ,35,0,<null>,LEC
1137,CMPT    ,106,SURREY    ,23,0,<null>,LAB
1091,CMNS    ,130W      ,BURNABY   ,16,13,<null>,TUT
1137,MATH    ,310,SURREY    ,34,0,<null>,TUT
1081,ENSC    ,400,BURNABY   ,5,6,<null>,SEC
1091,CMNS    ,353,HRBRCNTR  ,0,0,<null>,LAB
1127,MATH    ,151,SURREY    ,90,0,<null>,OPL
1141,CMPT    ,896,BURNABY   ,5,0,<null>,SEC
1164,MATH    ,152,BURNABY   ,0,0,<null>,OPL
1117,ENSC    ,196,OFF       ,10,3,<null>,SEC
1114,ENSC    ,295,SURREY    ,50,8,<null>,SEC
1107,ENSC    ,196,SURREY    ,10,4,<null>,SEC
1144,ENSC    ,891,BURNABY   ,40,5,<null>,SEC
1137,ENSC    ,891,OFF       ,10,0,<null>,SEC
1154,ENSC    ,891,OFF       ,40,0,<null>,SEC
1171,ENSC    ,493,BURNABY   ,2,0,<null>,SEC
1091,CMPT    ,225,SURREY    ,24,0,<null>,LAB
1084,CMPT    ,225,BURNABY   ,25,22,<null>,LAB
1134,MATH    ,486,OFF       ,20,0,<null>,SEC
1141,MATH    ,896,BURNABY   ,6,0,<null>,SEC
1171,CMPT    ,295,BURNABY   ,26,8,Bradley Bart                                                                                                                                                                                                                                              ,LAB
1167,CMPT    ,732,BURNABY   ,17,14,"Gregory Baker, Jiannan Wang                                                                                                                                                                                                                               ",LAB
1174,MSE     ,427,SURREY    ,40,33,". TBD, Kambiz Haji Hajikolaei                                                                                                                                                                                                                             ",LEC
1177,CMPT    ,732,BURNABY   ,35,29,"Gregory Baker, Steven Bergner                                                                                                                                                                                                                             ",LAB
1151,MSE     ,727,SURREY    ,20,3,". TBD, Kambiz Haji Hajikolaei                                                                                                                                                                                                                             ",LEC
1147,MSE     ,821,SURREY    ,15,9,Majid Bahrami                                                                                                                                                                                                                                             ,LEC
1167,MSE     ,220,SURREY    ,0,0,<null>,LAB
1167,ENSC    ,100W      ,BURNABY   ,8,0,<null>,LAB
1101,ENSC    ,230,BURNABY   ,1,0,<null>,OPL
1121,CMPT    ,150,HRBRCNTR  ,25,0,<null>,LAB
1111,ENSC    ,380,SURREY    ,80,65,<null>,TUT
1087,ENSC    ,196,BURNABY   ,50,9,<null>,SEC
1114,ENSC    ,196,BURNABY   ,25,24,<null>,SEC
1111,MATH    ,252,BURNABY   ,32,12,<null>,TUT
1167,MATH    ,154,BURNABY   ,60,0,<null>,OPL
1167,MATH    ,896,BURNABY   ,6,0,<null>,SEC
1091,ENSC    ,226,SURREY    ,0,0,<null>,LAB
1131,CMPT    ,135,SURREY    ,20,16,Louis Hafer                                                                                                                                                                                                                                               ,LEC
1131,CMPT    ,135,SURREY    ,0,0,Louis Hafer                                                                                                                                                                                                                                               ,LAB
1107,CMPT    ,896,BURNABY   ,10,3,. Faculty                                                                                                                                                                                                                                                 ,SEC
1091,IAT     ,267,SURREY    ,24,25,Helmine Serban                                                                                                                                                                                                                                            ,STL
1117,MATH    ,709,BURNABY   ,10,0,Manfred Trummer                                                                                                                                                                                                                                           ,LEC
1114,ENSC    ,332,SURREY    ,90,34,". Faculty, Martin Ordonez                                                                                                                                                                                                                                 ",LEC
1141,CMPT    ,165,BURNABY   ,208,0,<null>,LEC
1141,CMPT    ,165,BURNABY   ,25,0,<null>,LAB
1171,MATH    ,157,SURREY    ,60,0,<null>,OPL
1091,CMNS    ,362,HRBRCNTR  ,0,0,<null>,TUT
1087,CMNS    ,110,BURNABY   ,18,14,<null>,TUT
1094,CMNS    ,210,HRBRCNTR  ,18,20,<null>,TUT
1087,CMNS    ,110,BURNABY   ,18,17,<null>,TUT
1081,CMNS    ,110,BURNABY   ,18,17,<null>,TUT
1084,CMNS    ,260,BURNABY   ,15,12,<null>,TUT
1161,ENSC    ,810,BURNABY   ,50,0,<null>,LEC
1121,ENSC    ,182,SURREY    ,30,30,<null>,LAB
1081,CMNS    ,223W      ,BURNABY   ,16,16,<null>,TUT
1084,CMPT    ,225,SURREY    ,32,30,<null>,LAB
1091,CMNS    ,456,BURNABY   ,16,10,<null>,TUT
1091,MACM    ,316,BURNABY   ,30,0,<null>,TUT
1104,CMPT    ,897,BURNABY   ,20,11,<null>,SEC
1114,ENSC    ,383,SURREY    ,90,43,<null>,TUT
1121,ENSC    ,406,BURNABY   ,17,17,<null>,TUT
1104,ENSC    ,498,BURNABY   ,7,8,<null>,SEC
1171,MACM    ,203,BURNABY   ,31,30,Cedric Chauve                                                                                                                                                                                                                                             ,LEC
1107,CMPT    ,373,SURREY    ,6,4,Thomas Shermer                                                                                                                                                                                                                                            ,TUT
1107,CMPT    ,373,SURREY    ,6,4,Thomas Shermer                                                                                                                                                                                                                                            ,TUT
1167,ENSC    ,324,BURNABY   ,75,97,Bonnie Gray                                                                                                                                                                                                                                               ,RQL
1147,MSE     ,352,SURREY    ,120,116,Mohammad Al Qaderi                                                                                                                                                                                                                                        ,TUT
1157,MSE     ,352,SURREY    ,97,95,Amr Marzouk                                                                                                                                                                                                                                               ,TUT
1167,CMPT    ,732,BURNABY   ,17,15,"Gregory Baker, Jiannan Wang                                                                                                                                                                                                                               ",LAB
1181,MSE     ,223,SURREY    ,102,90,Ghasem Behfarshad                                                                                                                                                                                                                                         ,LEC
1157,MSE     ,891,SURREY    ,20,11,. TBD                                                                                                                                                                                                                                                     ,SEC
1167,MSE     ,894,SURREY    ,7,6,Flavio Firmani                                                                                                                                                                                                                                            ,LEC
1154,CMPT    ,895,BURNABY   ,2,0,. Faculty                                                                                                                                                                                                                                                 ,IND
1141,MATH    ,741,BURNABY   ,10,0,Michael Monagan                                                                                                                                                                                                                                           ,LEC
1111,CMPT    ,250,BURNABY   ,26,24,Anthony Dixon                                                                                                                                                                                                                                             ,LAB
1097,CMPT    ,118,SURREY    ,18,0,<null>,LAB
1137,ENSC    ,100W      ,BURNABY   ,8,8,<null>,TUT
1164,MSE     ,894,SURREY    ,3,0,Jiacheng Wang                                                                                                                                                                                                                                             ,LAB
1151,MSE     ,222,SURREY    ,130,104,Carolyn Sparrey                                                                                                                                                                                                                                           ,TUT
1157,MSE     ,321,SURREY    ,121,120,Mehran Ahmadi                                                                                                                                                                                                                                             ,LEC
1117,MATH    ,303,BURNABY   ,64,61,Karen Yeats                                                                                                                                                                                                                                               ,LEC
1161,CHIN    ,280,BURNABY   ,15,11,Haisheng Jiang                                                                                                                                                                                                                                            ,TUT
1121,MATH    ,208W      ,SURREY    ,24,0,<null>,LEC
1094,ENSC    ,224,BURNABY   ,33,0,<null>,TUT
1087,IAT     ,443,SURREY    ,24,0,<null>,LAB
1084,CMNS    ,347,BURNABY   ,0,0,<null>,TUT
1157,CMPT    ,102,BURNABY   ,37,37,Ali Madooei                                                                                                                                                                                                                                               ,LEC
1171,CMPT    ,102,BURNABY   ,38,38,Kambiz Haji Hajikolaei                                                                                                                                                                                                                                    ,LEC
1137,CMPT    ,250,BURNABY   ,130,122,Anthony Dixon                                                                                                                                                                                                                                             ,LEC
1114,CMPT    ,310,BURNABY   ,70,70,Oliver Schulte                                                                                                                                                                                                                                            ,LEC
1124,ENSC    ,332,SURREY    ,9,11,Amr Marzouk                                                                                                                                                                                                                                               ,LAB
1131,ENSC    ,182,SURREY    ,30,31,Amr Marzouk                                                                                                                                                                                                                                               ,LEC
1117,ENSC    ,382,SURREY    ,30,36,Gary Wang                                                                                                                                                                                                                                                 ,LAB
1124,ENSC    ,182,SURREY    ,26,17,Amr Marzouk                                                                                                                                                                                                                                               ,TUT
1094,ENSC    ,215,BURNABY   ,66,40,William Scratchley                                                                                                                                                                                                                                        ,LEC
1157,MATH    ,240,BURNABY   ,90,68,Bojan Mohar                                                                                                                                                                                                                                               ,LEC
1181,MATH    ,240,BURNABY   ,54,40,Simone Brugiapaglia                                                                                                                                                                                                                                       ,LEC
1101,MATH    ,197,HRBRCNTR  ,32,28,Keshav Mukunda                                                                                                                                                                                                                                            ,LEC
1141,MATH    ,130,SURREY    ,90,58,Kirill Gostaf                                                                                                                                                                                                                                             ,LEC
1157,CMPT    ,128,BURNABY   ,26,26,Janice Regan                                                                                                                                                                                                                                              ,LAB
1091,CMPT    ,354,HRBRCNTR  ,30,24,Ke Wang                                                                                                                                                                                                                                                   ,LEC
1167,CMPT    ,429,METRO     ,5,3,Harriet Chicoine                                                                                                                                                                                                                                          ,SEC
1177,CMPT    ,429,OFF       ,15,0,Harriet Chicoine                                                                                                                                                                                                                                          ,SEC
1181,CMPT    ,409,BURNABY   ,85,46,Binay Bhattacharya                                                                                                                                                                                                                                        ,SEM
1147,CMPT    ,470,SURREY    ,75,74,Arthur Kirkpatrick                                                                                                                                                                                                                                        ,LEC
1121,CMPT    ,470,BURNABY   ,65,59,Allen Pike                                                                                                                                                                                                                                                ,LEC
1177,CMPT    ,429,METRO     ,50,13,Harriet Chicoine                                                                                                                                                                                                                                          ,SEC
1087,CMPT    ,429,OFF       ,30,0,Harriet Chicoine                                                                                                                                                                                                                                          ,SEC
1177,CMPT    ,429,OFF       ,25,0,Harriet Chicoine                                                                                                                                                                                                                                          ,SEC
1121,ENSC    ,372,BURNABY   ,20,0,<null>,OPL
1157,MATH    ,240,BURNABY   ,0,0,<null>,OPL
1087,CMPT    ,128,SURREY    ,32,22,<null>,LAB
1097,ENSC    ,100W      ,BURNABY   ,6,6,<null>,RQL
1101,CMPT    ,225,BURNABY   ,104,91,David Mitchell                                                                                                                                                                                                                                            ,LEC
1154,CMPT    ,225,BURNABY   ,26,26,Geoffrey Tien                                                                                                                                                                                                                                             ,LAB
1111,CMPT    ,225,BURNABY   ,103,100,Bradley Bart                                                                                                                                                                                                                                              ,LEC
1177,MATH    ,150,SURREY    ,90,0,<null>,OPL
1127,CMPT    ,225,BURNABY   ,104,105,David Mitchell                                                                                                                                                                                                                                            ,LEC
1167,MATH    ,150,SURREY    ,90,0,<null>,OPL
1087,CMPT    ,225,BURNABY   ,33,32,David Mitchell                                                                                                                                                                                                                                            ,LAB
1097,CMPT    ,225,BURNABY   ,26,13,Michael Evans                                                                                                                                                                                                                                             ,LAB
1114,CMPT    ,225,BURNABY   ,26,26,Anne Lavergne                                                                                                                                                                                                                                             ,LAB
1147,CMPT    ,128,BURNABY   ,26,26,Janice Regan                                                                                                                                                                                                                                              ,LAB
1147,CMPT    ,128,BURNABY   ,26,24,Janice Regan                                                                                                                                                                                                                                              ,LAB
1097,CMPT    ,225,BURNABY   ,26,12,Michael Evans                                                                                                                                                                                                                                             ,LAB
1104,CMPT    ,225,BURNABY   ,26,25,Bradley Bart                                                                                                                                                                                                                                              ,LAB
1147,CMPT    ,120,BURNABY   ,26,26,Diana Cukierman                                                                                                                                                                                                                                           ,LAB
1134,CMPT    ,120,BURNABY   ,26,24,Muntaseer Salahuddin                                                                                                                                                                                                                                      ,LAB
1107,CMPT    ,120,SURREY    ,25,25,Toby Donaldson                                                                                                                                                                                                                                            ,LAB
1117,CMPT    ,120,SURREY    ,12,12,John Edgar                                                                                                                                                                                                                                                ,LAB
1107,CMPT    ,120,BURNABY   ,25,25,Bradley Bart                                                                                                                                                                                                                                              ,LAB
1111,CMPT    ,126,BURNABY   ,26,25,Anne Lavergne                                                                                                                                                                                                                                             ,LAB
1127,CMPT    ,120,HRBRCNTR  ,26,25,William Havens                                                                                                                                                                                                                                            ,LAB
1131,CMPT    ,120,BURNABY   ,26,26,Diana Cukierman                                                                                                                                                                                                                                           ,LAB
1124,CMPT    ,120,SURREY    ,75,68,Brian Fraser                                                                                                                                                                                                                                              ,LEC
1121,CMPT    ,120,SURREY    ,16,12,John Edgar                                                                                                                                                                                                                                                ,LAB
1097,ENSC    ,231,SURREY    ,72,0,<null>,LEC
1087,CMNS    ,474,HRBRCNTR  ,30,32,Kevin Williams                                                                                                                                                                                                                                            ,SEM
1121,CMPT    ,897,BURNABY   ,10,6,. Faculty                                                                                                                                                                                                                                                 ,SEC
1164,CMPT    ,897,BURNABY   ,10,2,. Faculty                                                                                                                                                                                                                                                 ,SEC
1144,MATH    ,882,BURNABY   ,10,0,<null>,SEC
1081,CMPT    ,125,SURREY    ,24,19,<null>,LAB
1091,CMPT    ,125,SURREY    ,24,0,<null>,LAB
1081,CMPT    ,125,SURREY    ,24,18,<null>,LAB
1091,CMPT    ,125,SURREY    ,24,0,<null>,LAB
1091,CMPT    ,125,SURREY    ,21,11,<null>,LAB
1137,ENSC    ,100W      ,BURNABY   ,8,8,<null>,TUT
1104,MATH    ,254,BURNABY   ,32,30,<null>,TUT
1161,ENSC    ,896,BURNABY   ,10,1,<null>,SEC
1157,ENSC    ,896,OFF       ,10,0,<null>,SEC
1147,ENSC    ,896,BURNABY   ,15,4,<null>,SEC
1107,ENSC    ,894,BURNABY   ,5,5,<null>,LAB
1174,MATH    ,240,BURNABY   ,0,0,<null>,OPL
1107,ENSC    ,182,SURREY    ,24,0,<null>,LEC
1177,CMPT    ,732,BURNABY   ,35,0,<null>,LAB
1111,ENSC    ,861,BURNABY   ,0,0,<null>,LEC
1091,REM     ,412,BURNABY   ,0,0,<null>,LAB
1101,ENSC    ,330,BURNABY   ,1,0,<null>,OPL
1117,ENSC    ,100W      ,BURNABY   ,5,2,<null>,TUT
1137,ENSC    ,100W      ,BURNABY   ,7,7,<null>,TUT
1137,MATH    ,150,BURNABY   ,60,0,<null>,OPL
1084,CMNS    ,262,HRBRCNTR  ,18,17,<null>,TUT
1094,CMNS    ,262,BURNABY   ,18,17,<null>,TUT
1084,IAT     ,898,SURREY    ,30,19,<null>,SEC
1127,CMPT    ,250,SURREY    ,0,0,<null>,LAB
1127,ENSC    ,100,BURNABY   ,0,0,<null>,TUT
1087,CMNS    ,260,BURNABY   ,18,16,<null>,TUT
1084,CMNS    ,221,BURNABY   ,16,15,<null>,TUT
1124,ENSC    ,220,BURNABY   ,30,0,<null>,LAB
1091,CMPT    ,250,SURREY    ,24,10,<null>,LAB
1111,ENSC    ,395,OFF       ,10,4,<null>,SEC
1134,MACM    ,316,BURNABY   ,40,39,<null>,TUT
1157,MACM    ,316,BURNABY   ,32,7,<null>,TUT
1164,MACM    ,316,BURNABY   ,40,28,<null>,TUT
1177,MACM    ,201,BURNABY   ,60,0,<null>,OPL
1107,MACM    ,316,BURNABY   ,32,29,<null>,TUT
1131,MACM    ,316,BURNABY   ,36,36,<null>,TUT
1137,MATH    ,190,BURNABY   ,60,0,<null>,OPL
1137,MATH    ,310,BURNABY   ,32,28,<null>,TUT
1081,MATH    ,342,BURNABY   ,35,34,<null>,TUT
1127,MATH    ,899,BURNABY   ,35,21,<null>,SEC
1134,MATH    ,898,BURNABY   ,35,23,<null>,SEC
1154,MATH    ,310,BURNABY   ,40,30,<null>,TUT
1127,MATH    ,310,SURREY    ,24,13,<null>,TUT
1104,ENSC    ,395,OFF       ,7,7,<null>,SEC
1081,KIN     ,140,SURREY    ,18,18,<null>,TUT
1174,MACM    ,316,BURNABY   ,36,29,<null>,TUT
1101,MACM    ,201,BURNABY   ,60,0,<null>,OPL
1151,CMPT    ,250,BURNABY   ,26,26,Anthony Dixon                                                                                                                                                                                                                                             ,LAB
1114,CMPT    ,429,OFF       ,10,5,Harriet Chicoine                                                                                                                                                                                                                                          ,SEC
1097,MATH    ,198,SURREY    ,22,0,<null>,TUT
1081,CMNS    ,386,BURNABY   ,20,11,<null>,LAB
1081,CMNS    ,262,BURNABY   ,17,19,<null>,TUT
1087,CMPT    ,120,SURREY    ,32,31,<null>,LAB
1081,CMNS    ,235,BURNABY   ,0,0,<null>,TUT
1087,CMNS    ,110,SURREY    ,18,18,<null>,TUT
1111,ENSC    ,441,SURREY    ,33,0,<null>,LAB
1081,CMNS    ,110,BURNABY   ,18,17,<null>,TUT
1107,ENSC    ,215,BURNABY   ,44,0,<null>,LEC
1091,KIN     ,498,BURNABY   ,5,8,<null>,SEC
1084,CMPT    ,250,HRBRCNTR  ,43,28,<null>,LAB
1167,MATH    ,152,BURNABY   ,60,0,<null>,OPL
1141,ENSC    ,498,BURNABY   ,10,5,<null>,SEC
1081,KIN     ,306,BURNABY   ,18,19,<null>,TUT
1091,KIN     ,306,BURNABY   ,18,17,<null>,TUT
1174,MACM    ,316,BURNABY   ,36,25,<null>,TUT
1101,MATH    ,252,BURNABY   ,27,21,<null>,TUT
1094,MATH    ,251,BURNABY   ,145,65,<null>,OPL
1127,MATH    ,242,BURNABY   ,36,30,<null>,TUT
1094,MATH    ,897,BURNABY   ,6,0,<null>,SEC
1161,ENSC    ,401,BURNABY   ,2,0,<null>,SEC
1104,ENSC    ,395,BURNABY   ,21,21,<null>,SEC
1097,ENSC    ,395,OFF       ,10,4,<null>,SEC
1157,MACM    ,316,BURNABY   ,34,33,<null>,TUT
1087,CMNS    ,260,BURNABY   ,18,18,<null>,TUT
1094,CMNS    ,375,HRBRCNTR  ,16,21,<null>,TUT
1081,CMNS    ,110,BURNABY   ,18,17,<null>,TUT
1081,CMNS    ,110,BURNABY   ,18,19,<null>,TUT
1087,CMNS    ,473,HRBRCNTR  ,16,17,<null>,LAB
1164,ENSC    ,494,BURNABY   ,10,3,<null>,SEC
1091,ENSC    ,406,BURNABY   ,15,15,<null>,TUT
1101,MATH    ,739,BURNABY   ,4,0,<null>,LEC
1091,KIN     ,306,BURNABY   ,18,17,<null>,TUT
1151,MATH    ,154,BURNABY   ,60,0,<null>,OPL
1124,MACM    ,316,BURNABY   ,36,37,<null>,TUT
1081,MACM    ,316,BURNABY   ,32,13,<null>,TUT
1181,MACM    ,316,BURNABY   ,32,20,<null>,TUT
1161,MACM    ,316,BURNABY   ,36,33,<null>,TUT
1107,MACM    ,316,BURNABY   ,32,32,<null>,TUT
1101,MATH    ,242,BURNABY   ,36,25,<null>,TUT
1087,MATH    ,154,BURNABY   ,60,0,<null>,OPL
1097,MATH    ,154,BURNABY   ,60,0,<null>,OPL
1121,MATH    ,152,BURNABY   ,200,0,<null>,OPL
1087,MATH    ,343,BURNABY   ,32,17,<null>,TUT
1127,MATH    ,242,BURNABY   ,36,33,<null>,TUT
1101,MATH    ,155,BURNABY   ,60,0,<null>,OPL
1144,MATH    ,310,BURNABY   ,40,38,<null>,TUT
1101,MATH    ,899,BURNABY   ,35,20,<null>,SEC
1097,MATH    ,310,BURNABY   ,32,29,<null>,TUT
1097,MATH    ,310,BURNABY   ,32,30,<null>,TUT
1144,MATH    ,899,OFF       ,5,1,<null>,SEC
1167,MATH    ,310,SURREY    ,32,16,<null>,TUT
1091,ENSC    ,225,BURNABY   ,40,33,<null>,TUT
1081,IAT     ,235,SURREY    ,24,24,Maia Engeli                                                                                                                                                                                                                                               ,SEM
1144,ENSC    ,224,BURNABY   ,80,71,Bonnie Gray                                                                                                                                                                                                                                               ,LEC
1121,ENSC    ,372,BURNABY   ,20,12,Bruno Jaggi                                                                                                                                                                                                                                               ,TUT
1141,ENSC    ,305W      ,BURNABY   ,75,70,Stephen Whitmore                                                                                                                                                                                                                                          ,LEC
1117,CMPT    ,125,BURNABY   ,25,0,<null>,LAB
1111,CMPT    ,225,HRBRCNTR  ,22,17,Michael Evans                                                                                                                                                                                                                                             ,LAB
1087,IAT     ,202,SURREY    ,22,0,<null>,LAB
1087,IAT     ,202,SURREY    ,22,0,<null>,LAB
1081,KIN     ,207,BURNABY   ,17,16,<null>,TUT
1127,MACM    ,300,BURNABY   ,30,0,<null>,LEC
1087,KIN     ,205,BURNABY   ,19,19,<null>,TUT
1124,MACM    ,316,BURNABY   ,36,36,<null>,TUT
1167,MATH    ,894,BURNABY   ,6,0,<null>,SEC
1141,MATH    ,190,BURNABY   ,60,0,<null>,OPL
1104,MATH    ,310,BURNABY   ,32,32,<null>,TUT
1087,MATH    ,310,BURNABY   ,32,31,<null>,TUT
1167,MATH    ,310,BURNABY   ,34,31,<null>,TUT
1177,MATH    ,310,BURNABY   ,32,30,<null>,TUT
1084,MATH    ,342,BURNABY   ,32,19,<null>,TUT
1127,MATH    ,890,OFF       ,20,0,<null>,SEC
1177,MSE     ,496,SURREY    ,5,0,<null>,LAB
1157,ENSC    ,870,BURNABY   ,10,1,<null>,SEC
1087,TECH    ,106,SURREY    ,24,0,<null>,LAB
1091,IAT     ,222,SURREY    ,24,0,<null>,TUT
1097,CMPT    ,373,SURREY    ,10,6,Thomas Shermer                                                                                                                                                                                                                                            ,LEC
1181,MSE     ,211,SURREY    ,21,0,<null>,LAB
1084,MATH    ,770,BURNABY   ,10,0,Adam Oberman                                                                                                                                                                                                                                              ,LEC
1181,DDP     ,310,OFF       ,30,6,Ze-Nian Li                                                                                                                                                                                                                                                ,SEC
1111,ENSC    ,182,SURREY    ,24,24,Amr Marzouk                                                                                                                                                                                                                                               ,LEC
1117,ENSC    ,382,SURREY    ,90,63,Gary Wang                                                                                                                                                                                                                                                 ,LEC
1124,ENSC    ,182,SURREY    ,26,22,Amr Marzouk                                                                                                                                                                                                                                               ,LAB
1091,ENSC    ,226,SURREY    ,72,57,Mehrdad Moallem                                                                                                                                                                                                                                           ,LEC
1131,ENSC    ,226,SURREY    ,100,98,Behraad Bahreyni                                                                                                                                                                                                                                          ,TUT
1137,ENSC    ,215,BURNABY   ,88,92,William Scratchley                                                                                                                                                                                                                                        ,LEC
1084,KIN     ,383,BURNABY   ,18,11,<null>,TUT
1094,KIN     ,305,BURNABY   ,18,17,<null>,TUT
1164,MACM    ,316,BURNABY   ,40,35,<null>,TUT
1177,MATH    ,190,BURNABY   ,60,0,<null>,OPL
1081,MACM    ,316,BURNABY   ,32,28,<null>,TUT
1171,MACM    ,316,BURNABY   ,36,33,<null>,TUT
1161,MACM    ,316,BURNABY   ,43,36,<null>,TUT
1127,MATH    ,310,BURNABY   ,32,0,<null>,TUT
1137,MATH    ,310,SURREY    ,34,31,<null>,TUT
1087,MATH    ,232,BURNABY   ,60,0,<null>,OPL
1081,REM     ,691,BURNABY   ,10,0,<null>,SEC
1144,CMPT    ,135,SURREY    ,48,28,Toby Donaldson                                                                                                                                                                                                                                            ,LEC
1164,MSE     ,884,SURREY    ,40,0,<null>,LEC
1181,MATH    ,741,BURNABY   ,10,0,Nathan Ilten                                                                                                                                                                                                                                              ,LEC
1127,CMPT    ,896,BURNABY   ,2,2,. Faculty                                                                                                                                                                                                                                                 ,SEC
1137,CMPT    ,896,BURNABY   ,0,1,. Faculty                                                                                                                                                                                                                                                 ,SEC
1144,CMPT    ,896,BURNABY   ,40,2,. Faculty                                                                                                                                                                                                                                                 ,SEC
1117,MATH    ,348,SURREY    ,24,0,Scott Pai                                                                                                                                                                                                                                                 ,LEC
1111,ENSC    ,196,OFF       ,5,2,<null>,SEC
1104,ENSC    ,499,BURNABY   ,5,5,<null>,SEC
1114,ENSC    ,499,BURNABY   ,5,4,<null>,SEC
1177,ENSC    ,499,BURNABY   ,10,6,<null>,SEC
1131,ENSC    ,891,BURNABY   ,80,12,<null>,SEC
1094,ENSC    ,400,BURNABY   ,5,3,<null>,SEC
1124,ENSC    ,295,BURNABY   ,50,38,<null>,SEC
1127,ENSC    ,196,SURREY    ,10,4,<null>,SEC
1101,ENSC    ,196,OFF       ,10,0,<null>,SEC
1164,ENSC    ,891,BURNABY   ,40,8,<null>,SEC
1081,KIN     ,140,BURNABY   ,18,18,<null>,TUT
1091,KIN     ,140,BURNABY   ,18,18,<null>,TUT
1097,ENSC    ,491,BURNABY   ,10,0,<null>,SEC
1084,KIN     ,140,BURNABY   ,18,19,<null>,TUT
1084,KIN     ,241,BURNABY   ,15,15,<null>,LAB
1087,KIN     ,205,BURNABY   ,19,12,<null>,TUT
1181,MSE     ,486,SURREY    ,5,0,<null>,SEM
1181,MSE     ,486,SURREY    ,5,0,<null>,SEM
1134,MSE     ,893,SURREY    ,0,0,<null>,OPL
1091,CMNS    ,323W      ,HRBRCNTR  ,15,18,<null>,TUT
1137,MATH    ,151,BURNABY   ,1,1,<null>,SEC
1174,MSE     ,884,SURREY    ,0,0,. TBD                                                                                                                                                                                                                                                     ,LAB
1157,ENSC    ,305W      ,BURNABY   ,30,22,Stephen Whitmore                                                                                                                                                                                                                                          ,LEC
1137,CMPT    ,128,BURNABY   ,26,25,Janice Regan                                                                                                                                                                                                                                              ,LAB
1117,MATH    ,348,SURREY    ,24,19,Scott Pai                                                                                                                                                                                                                                                 ,LEC
1081,KIN     ,488,BURNABY   ,15,4,Anne-Kristina Arnold                                                                                                                                                                                                                                      ,LEC
1091,CMPT    ,225,BURNABY   ,11,9,Michael Evans                                                                                                                                                                                                                                             ,LAB
1147,CMPT    ,225,SURREY    ,24,23,Geoffrey Tien                                                                                                                                                                                                                                             ,LAB
1091,CMPT    ,225,HRBRCNTR  ,20,10,Michael Evans                                                                                                                                                                                                                                             ,LEC
1131,CMPT    ,225,HRBRCNTR  ,26,23,David Mitchell                                                                                                                                                                                                                                            ,LAB
1131,CMPT    ,225,HRBRCNTR  ,26,26,David Mitchell                                                                                                                                                                                                                                            ,LAB
1161,MATH    ,130,SURREY    ,102,91,Cameron Morland                                                                                                                                                                                                                                           ,LEC
1171,MATH    ,130,SURREY    ,108,103,Randall Pyke                                                                                                                                                                                                                                              ,LEC
1107,CMPT    ,120,HRBRCNTR  ,0,0,William Havens                                                                                                                                                                                                                                            ,LAB
1131,CMPT    ,225,BURNABY   ,26,26,Gregory Mori                                                                                                                                                                                                                                              ,LAB
1131,CMPT    ,225,BURNABY   ,26,26,Gregory Mori                                                                                                                                                                                                                                              ,LAB
1121,CMPT    ,225,BURNABY   ,122,122,Gregory Mori                                                                                                                                                                                                                                              ,LEC
1091,CMPT    ,225,BURNABY   ,25,21,Michael Evans                                                                                                                                                                                                                                             ,LAB
1127,CMPT    ,128,BURNABY   ,26,25,Janice Regan                                                                                                                                                                                                                                              ,LAB
1111,CMPT    ,120,BURNABY   ,26,26,Arthur Kirkpatrick                                                                                                                                                                                                                                        ,LAB
1144,CMPT    ,120,BURNABY   ,26,21,Steven Pearce                                                                                                                                                                                                                                             ,LAB
1177,CMPT    ,120,BURNABY   ,26,25,Diana Cukierman                                                                                                                                                                                                                                           ,LAB
1177,CMPT    ,120,BURNABY   ,26,26,Diana Cukierman                                                                                                                                                                                                                                           ,LAB
1124,CMPT    ,126,BURNABY   ,96,85,Anne Lavergne                                                                                                                                                                                                                                             ,LEC
1137,CMPT    ,128,BURNABY   ,26,25,Janice Regan                                                                                                                                                                                                                                              ,LAB
1127,CMPT    ,128,BURNABY   ,26,26,Janice Regan                                                                                                                                                                                                                                              ,LAB
1107,CMPT    ,225,BURNABY   ,26,24,David Mitchell                                                                                                                                                                                                                                            ,LAB
1111,CMPT    ,120,BURNABY   ,26,26,Arthur Kirkpatrick                                                                                                                                                                                                                                        ,LAB
1151,CMPT    ,120,BURNABY   ,182,182,Diana Cukierman                                                                                                                                                                                                                                           ,LEC
1137,CMPT    ,120,BURNABY   ,26,26,Diana Cukierman                                                                                                                                                                                                                                           ,LAB
1094,CMNS    ,898,OFF       ,50,1,. Faculty                                                                                                                                                                                                                                                 ,SEC
1094,CMNS    ,895,BURNABY   ,20,12,. Faculty                                                                                                                                                                                                                                                 ,SEC
1117,CMPT    ,250,BURNABY   ,26,27,Anthony Dixon                                                                                                                                                                                                                                             ,LAB
1147,CMPT    ,250,SURREY    ,10,10,Brian Fraser                                                                                                                                                                                                                                              ,LAB
1087,CMNS    ,488,SURREY    ,35,23,Richard Smith                                                                                                                                                                                                                                             ,SEM
1091,CMNS    ,395,BURNABY   ,25,12,Marcia Shimizu                                                                                                                                                                                                                                            ,PRA
1087,CMNS    ,363,BURNABY   ,1,1,Roman Onufrijchuk                                                                                                                                                                                                                                         ,LEC
1094,CMNS    ,408,BURNABY   ,5,0,. Faculty                                                                                                                                                                                                                                                 ,SEC
1087,CMNS    ,480,OFF       ,20,2,. Faculty                                                                                                                                                                                                                                                 ,SEC
1091,CMNS    ,880,OFF       ,15,0,. Faculty                                                                                                                                                                                                                                                 ,SEC
1081,CMNS    ,801,BURNABY   ,25,12,Janet Marontate                                                                                                                                                                                                                                           ,SEM
1084,CMNS    ,498,BURNABY   ,15,1,. Faculty                                                                                                                                                                                                                                                 ,SEC
1111,ENSC    ,380,SURREY    ,80,65,Ali Abdul Hussein                                                                                                                                                                                                                                         ,LEC
1107,ENSC    ,100,BURNABY   ,4,1,Michael Sjoerdsma                                                                                                                                                                                                                                         ,TUT
1091,MACM    ,316,BURNABY   ,30,24,<null>,TUT
1104,MATH    ,899,BURNABY   ,35,25,<null>,SEC
1127,MATH    ,310,SURREY    ,39,39,<null>,TUT
1141,MSE     ,421,SURREY    ,50,0,<null>,OPL
1144,MSE     ,892,SURREY    ,15,3,<null>,SEC
1091,KIN     ,221,BURNABY   ,19,18,<null>,TUT
1091,KIN     ,221,BURNABY   ,19,19,<null>,TUT
1161,ENSC    ,870,BURNABY   ,10,2,<null>,SEC
1111,ENSC    ,280,SURREY    ,40,0,<null>,LAB
1111,ENSC    ,280,SURREY    ,38,27,<null>,LAB
1094,ENSC    ,220,BURNABY   ,50,0,<null>,LEC
1097,ENSC    ,220,BURNABY   ,100,0,<null>,OPL
1107,ENSC    ,220,BURNABY   ,50,0,<null>,LEC
1117,MATH    ,896,BURNABY   ,6,0,<null>,SEC
1107,MATH    ,896,BURNABY   ,6,0,<null>,SEC
1147,MSE     ,352,SURREY    ,40,37,Mohammad Al Qaderi                                                                                                                                                                                                                                        ,LAB
1117,ENSC    ,220,BURNABY   ,25,0,. TBD                                                                                                                                                                                                                                                     ,LAB
1127,ENSC    ,100,BURNABY   ,2,1,. Faculty                                                                                                                                                                                                                                                 ,TUT
1114,ENSC    ,383,BURNABY   ,45,40,". Faculty, Parvaneh Saeedi                                                                                                                                                                                                                                ",LEC
1121,CMPT    ,225,HRBRCNTR  ,52,0,<null>,LEC
1144,ENSC    ,215,BURNABY   ,180,160,Fabio Campi                                                                                                                                                                                                                                               ,LEC
1091,ENSC    ,282,SURREY    ,72,69,Farid Golnaraghi                                                                                                                                                                                                                                          ,LEC
1087,MATH    ,408,SURREY    ,20,0,Tamon Stephen                                                                                                                                                                                                                                             ,LEC
1094,CMNS    ,130W      ,BURNABY   ,89,83,Rowland Lorimer                                                                                                                                                                                                                                           ,SEC
1141,ENSC    ,370,BURNABY   ,15,9,Andrew Rawicz                                                                                                                                                                                                                                             ,SEM
1151,ENSC    ,372,BURNABY   ,20,6,Bonnie Gray                                                                                                                                                                                                                                               ,TUT
1151,CMPT    ,120,BURNABY   ,26,26,Diana Cukierman                                                                                                                                                                                                                                           ,LAB
1137,CMPT    ,120,BURNABY   ,26,26,Diana Cukierman                                                                                                                                                                                                                                           ,LAB
1127,CMPT    ,120,BURNABY   ,26,26,Diana Cukierman                                                                                                                                                                                                                                           ,LAB
1144,ENSC    ,498,BURNABY   ,10,5,<null>,SEC
1154,ENSC    ,498,BURNABY   ,10,6,<null>,SEC
1107,ENSC    ,220,BURNABY   ,25,24,<null>,LAB
1117,ENSC    ,400,SURREY    ,5,2,<null>,SEC
1101,CMPT    ,354,BURNABY   ,75,62,Ke Wang                                                                                                                                                                                                                                                   ,LEC
1147,CMPT    ,250,BURNABY   ,26,26,Anthony Dixon                                                                                                                                                                                                                                             ,LAB
1117,CMPT    ,250,BURNABY   ,26,26,Anthony Dixon                                                                                                                                                                                                                                             ,LAB
1107,CMPT    ,250,BURNABY   ,33,33,Anthony Dixon                                                                                                                                                                                                                                             ,LAB
1157,CMPT    ,429,METRO     ,30,14,Harriet Chicoine                                                                                                                                                                                                                                          ,SEC
1134,CMPT    ,429,OFF       ,5,1,Harriet Chicoine                                                                                                                                                                                                                                          ,SEC
1134,CMPT    ,429,METRO     ,20,14,Harriet Chicoine                                                                                                                                                                                                                                          ,SEC
1124,CMPT    ,429,METRO     ,30,0,Frances McLafferty                                                                                                                                                                                                                                        ,SEC
1124,CMPT    ,429,OFF       ,15,2,Frances McLafferty                                                                                                                                                                                                                                        ,SEC
1157,CMPT    ,429,OFF       ,10,0,Harriet Chicoine                                                                                                                                                                                                                                          ,SEC
1101,ENSC    ,428,BURNABY   ,15,12,Daniel Lee                                                                                                                                                                                                                                                ,LEC
1124,ENSC    ,406,SURREY    ,50,42,Maureen Hindy                                                                                                                                                                                                                                             ,TUT
1084,ENSC    ,325,BURNABY   ,70,69,Alireza (Nima) Mahanfar                                                                                                                                                                                                                                   ,LEC
1127,ENSC    ,498,BURNABY   ,10,3,. Faculty                                                                                                                                                                                                                                                 ,SEC
1101,ENSC    ,890,BURNABY   ,30,6,Shahram Payandeh                                                                                                                                                                                                                                          ,LEC
1117,MATH    ,348,SURREY    ,24,0,<null>,TUT
1114,MATH    ,190,BURNABY   ,35,30,Justin Gray                                                                                                                                                                                                                                               ,SEC
1157,MATH    ,154,SURREY    ,200,161,Natalia Kouzniak                                                                                                                                                                                                                                          ,LEC
1111,MATH    ,896,BURNABY   ,6,0,. Faculty                                                                                                                                                                                                                                                 ,SEC
1157,MATH    ,418,BURNABY   ,40,18,Ralf Wittenberg                                                                                                                                                                                                                                           ,LEC
1151,MATH    ,240,BURNABY   ,0,0,<null>,OPL
1091,MATH    ,486,OFF       ,0,0,<null>,SEC
1097,ENSC    ,452,BURNABY   ,20,19,<null>,LAB
1104,CMPT    ,426,BURNABY   ,30,23,Harriet Chicoine                                                                                                                                                                                                                                          ,SEC
1104,CMPT    ,426,OFF       ,15,2,Harriet Chicoine                                                                                                                                                                                                                                          ,SEC
1104,CMPT    ,426,SURREY    ,30,2,Frances McLafferty                                                                                                                                                                                                                                        ,SEC
1107,CMPT    ,813,BURNABY   ,15,10,Binay Bhattacharya                                                                                                                                                                                                                                        ,LEC
1091,CMPT    ,816,BURNABY   ,15,7,Qianping Gu                                                                                                                                                                                                                                               ,LEC
1114,CMPT    ,470,BURNABY   ,65,63,Gregory Baker                                                                                                                                                                                                                                             ,LEC
1144,CMPT    ,470,BURNABY   ,75,75,Gregory Baker                                                                                                                                                                                                                                             ,LEC
1147,CMPT    ,429,METRO     ,15,15,Harriet Chicoine                                                                                                                                                                                                                                          ,SEC
1117,ENSC    ,400,BURNABY   ,10,0,. Faculty                                                                                                                                                                                                                                                 ,SEC
1164,ENSC    ,400,BURNABY   ,1,1,Mirza Beg                                                                                                                                                                                                                                                 ,SEC
1087,ENSC    ,215,BURNABY   ,22,15,<null>,TUT
1087,ENSC    ,215,BURNABY   ,22,22,<null>,TUT
1121,ENSC    ,441,SURREY    ,0,0,<null>,OPL
1121,ENSC    ,441,SURREY    ,0,0,<null>,OPL
1121,ENSC    ,182,SURREY    ,26,27,<null>,LAB
1101,CMPT    ,888,BURNABY   ,20,0,<null>,LEC
1091,CMPT    ,225,SURREY    ,24,24,<null>,LAB
1081,CMNS    ,321,HRBRCNTR  ,18,18,<null>,TUT
1087,CMPT    ,150,SURREY    ,24,20,<null>,LAB
1121,ENSC    ,400,SURREY    ,5,2,<null>,SEC
1087,ENSC    ,220,BURNABY   ,60,35,<null>,TUT
1097,ENSC    ,220,BURNABY   ,50,50,<null>,TUT
1137,ENSC    ,100,BURNABY   ,0,0,<null>,TUT
1091,ENSC    ,406,BURNABY   ,15,15,<null>,TUT
1171,ENSC    ,491,BURNABY   ,2,0,<null>,SEC
1137,MATH    ,100,SURREY    ,80,0,<null>,OPL
1091,CMPT    ,731,BURNABY   ,0,0,<null>,LEC
1151,CMPT    ,882,BURNABY   ,40,0,<null>,LEC
1091,MATH    ,398,BURNABY   ,32,0,<null>,SEM
1097,DDP     ,210,OFF       ,10,10,<null>,SEC
1087,DDP     ,210,OFF       ,15,6,<null>,SEC
1141,MSE     ,222,SURREY    ,130,120,<null>,TUT
1161,MSE     ,891,SURREY    ,10,5,<null>,SEC
1124,ENSC    ,215,BURNABY   ,88,76,<null>,TUT
1114,ENSC    ,384,SURREY    ,30,0,<null>,LAB
1087,CMNS    ,223W      ,BURNABY   ,16,18,<null>,TUT
1081,CMNS    ,235,BURNABY   ,18,18,<null>,TUT
1137,MATH    ,154,SURREY    ,150,0,<null>,OPL
1081,IAT     ,391,SURREY    ,15,0,<null>,LEC
1087,KIN     ,498,BURNABY   ,10,3,<null>,SEC
1114,ENSC    ,380,BURNABY   ,45,40,Paul Ho                                                                                                                                                                                                                                                   ,TUT
1101,ENSC    ,150,BURNABY   ,0,0,<null>,TUT
1121,ENSC    ,282,SURREY    ,96,93,<null>,TUT
1114,ENSC    ,332,SURREY    ,30,9,<null>,LAB
1114,ENSC    ,332,SURREY    ,30,16,<null>,LAB
1087,CMNS    ,130W      ,BURNABY   ,16,12,<null>,TUT
1081,CMNS    ,130W      ,BURNABY   ,16,14,<null>,TUT
1091,CMNS    ,223W      ,BURNABY   ,16,17,<null>,TUT
1094,CMNS    ,223W      ,BURNABY   ,16,17,<null>,TUT
1081,CMNS    ,223W      ,SURREY    ,16,16,<null>,TUT
1081,CMNS    ,130W      ,BURNABY   ,16,11,<null>,TUT
1094,ENSC    ,224,BURNABY   ,25,10,<null>,LAB
1177,MATH    ,880,BURNABY   ,3,0,<null>,SEC
1084,CMNS    ,321,HRBRCNTR  ,18,11,<null>,TUT
1087,MATH    ,190,BURNABY   ,60,0,<null>,OPL
1131,MATH    ,157,BURNABY   ,60,0,<null>,OPL
1161,MATH    ,152,BURNABY   ,200,0,<null>,OPL
1111,CMPT    ,384,BURNABY   ,0,0,<null>,LEC
1161,MATH    ,1XX       ,BURNABY   ,3,6,<null>,LEC
1091,ENSC    ,428,BURNABY   ,30,0,<null>,OPL
1087,CMNS    ,130W      ,BURNABY   ,16,16,<null>,TUT
1104,ENSC    ,215,BURNABY   ,22,19,<null>,LAB
1094,ENSC    ,224,BURNABY   ,75,0,<null>,LEC
1081,CMNS    ,223W      ,BURNABY   ,0,0,<null>,TUT
1174,MATH    ,152,BURNABY   ,60,0,<null>,OPL
1081,MATH    ,100,SURREY    ,48,0,<null>,OPL
1091,CMNS    ,487,HRBRCNTR  ,0,0,<null>,SEM
1097,ENSC    ,100W      ,BURNABY   ,5,0,<null>,RQL
1087,MATH    ,343,BURNABY   ,32,0,<null>,TUT
1177,MATH    ,157,SURREY    ,151,97,Randall Pyke                                                                                                                                                                                                                                              ,LEC
1107,MATH    ,190,BURNABY   ,150,105,Margot Black                                                                                                                                                                                                                                              ,LEC
1104,MATH    ,190,BURNABY   ,35,29,Teresa Raymond                                                                                                                                                                                                                                            ,SEC
1104,MATH    ,190,BURNABY   ,35,30,Teresa Raymond                                                                                                                                                                                                                                            ,SEC
1177,MATH    ,157,BURNABY   ,504,483,Stephen Choi                                                                                                                                                                                                                                              ,LEC
1147,MATH    ,154,SURREY    ,160,130,Natalia Kouzniak                                                                                                                                                                                                                                          ,LEC
1167,MSE     ,891,OFF       ,10,0,<null>,SEC
1181,MATH    ,152,BURNABY   ,200,0,<null>,OPL
1181,MATH    ,152,SURREY    ,250,0,<null>,OPL
1171,MATH    ,152,SURREY    ,250,0,<null>,OPL
1154,MATH    ,896,BURNABY   ,6,0,<null>,SEC
1081,IAT     ,351,SURREY    ,24,0,<null>,STL
1134,MSE     ,491,SURREY    ,50,0,<null>,TUT
1111,MATH    ,155,SURREY    ,60,0,<null>,OPL
1107,MACM    ,101,BURNABY   ,0,0,<null>,TUT
1107,MACM    ,101,SURREY    ,0,0,<null>,TUT
1137,CMPT    ,128,BURNABY   ,25,0,<null>,LAB
1131,MATH    ,240,BURNABY   ,0,0,<null>,OPL
1164,MATH    ,240,BURNABY   ,0,0,<null>,OPL
1121,ENSC    ,474,BURNABY   ,20,0,<null>,OPL
1167,MACM    ,201,BURNABY   ,0,0,<null>,OPL
1107,MATH    ,308,BURNABY   ,30,0,<null>,TUT
1137,ENSC    ,100,BURNABY   ,0,0,<null>,TUT
1137,ENSC    ,100,BURNABY   ,0,0,<null>,TUT
1137,ENSC    ,100,BURNABY   ,0,0,<null>,TUT
1094,ENSC    ,220,BURNABY   ,50,51,<null>,LAB
1181,MATH    ,741,BURNABY   ,10,0,<null>,LEC
1127,ENSC    ,329,SURREY    ,75,0,<null>,LEC
1171,ENSC    ,325,BURNABY   ,100,0,<null>,LEC
1087,ENSC    ,231,SURREY    ,75,0,<null>,TUT
1101,MATH    ,232,SURREY    ,60,0,<null>,OPL
1081,KIN     ,380,BURNABY   ,30,0,<null>,LEC
1127,MATH    ,1XX       ,BURNABY   ,5,19,<null>,LEC
1164,MATH    ,251,BURNABY   ,0,0,<null>,OPL
1117,MATH    ,251,SURREY    ,72,0,<null>,OPL
1154,MSE     ,499,SURREY    ,5,0,<null>,SEC
1097,ENSC    ,220,BURNABY   ,50,0,<null>,TUT
1094,KIN     ,453,OFF       ,5,1,<null>,PRA
1131,ENSC    ,428,BURNABY   ,40,0,<null>,OPL
1174,MSE     ,711,SURREY    ,2,0,<null>,LAB
1107,ENSC    ,305,SURREY    ,0,0,<null>,LEC
1167,MSE     ,310,SURREY    ,120,0,<null>,LEC
1094,CMNS    ,262,BURNABY   ,0,0,<null>,TUT
1151,MATH    ,343,BURNABY   ,32,0,<null>,TUT
1167,ENSC    ,481,BURNABY   ,15,0,<null>,TUT
1087,MATH    ,154,SURREY    ,120,0,<null>,OPL
1191,CMPT,213,SURREY,90,89,Brian Fraser,LEC
1191,CMPT,213,SURREY,90,89,Brian Fraser,LEC
